0 50 0 0
1 50 0 1
2 51 1 2
3 52 1 2
4 54 1 2
5 55 1 2
6 55 1 3
7 55 1 4
8 54 1 7
9 52 1 10
10 56 1 10
11 58 1 10
12 58 1 10
13 58 1 10
14 58 1 10
15 58 1 11
16 58 1 11
17 57 2 13
18 59 2 13
19 59 2 15
20 60 2 15
21 60 2 16
22 59 2 17
23 60 2 18
24 62 2 18
25 63 2 18
26 63 2 18
27 65 2 18
28 67 2 18
29 69 2 18
30 70 2 18
31 71 2 19
32 68 3 22
33 70 3 22
34 70 3 24
35 70 3 25
36 70 3 25
37 70 3 27
38 72 3 27
39 70 3 30
40 73 3 30
41 74 3 30
42 79 3 31
43 79 3 32
44 80 3 33
45 79 3 34
46 79 3 35
47 79 3 36
48 78 3 38
49 74 4 41
50 76 4 42
51 78 4 42
52 79 4 42
53 79 4 44
54 79 4 45
55 82 4 46
56 83 4 46
57 83 4 47
58 83 4 48
59 85 4 49
60 86 4 50
61 86 4 51
62 84 4 54
63 84 4 54
64 87 4 54
65 88 4 54
66 88 4 57
67 88 4 59
68 93 4 60
69 94 4 63
70 92 4 65
71 93 4 65
72 93 4 68
73 92 4 70
74 94 4 71
75 90 4 76
76 91 4 77
77 87 4 81
78 87 4 82
79 91 4 82
80 92 4 83
81 95 4 84
82 95 4 85
83 96 4 87
84 96 4 88
85 98 4 90
86 103 4 90
87 105 4 90
88 103 4 93
89 106 4 94
90 108 4 95
91 107 4 96
92 112 4 97
93 110 4 101
94 111 4 102
95 111 4 103
96 107 4 108
97 108 4 111
98 109 4 113
99 111 4 115
100 110 4 118
101 110 4 118
102 109 4 119
103 110 4 121
104 109 4 123
105 110 4 125
106 110 5 127
107 109 6 130
108 109 6 132
109 111 6 133
110 108 7 137
111 108 7 140
112 108 7 141
113 110 7 142
114 112 7 144
115 111 7 146
116 110 7 147
117 111 7 149
118 111 7 150
119 114 7 151
120 114 7 154
121 111 7 158
122 113 7 160
123 110 7 164
124 110 7 165
125 109 7 167
126 109 7 169
127 110 7 172
128 109 7 174
129 111 7 177
130 110 7 180
131 112 7 182
132 112 7 183
133 112 7 184
134 116 7 185
135 114 7 190
136 113 7 193
137 111 7 195
138 112 7 197
139 114 7 198
140 114 7 200
141 116 7 201
142 117 7 204
143 117 7 205
144 116 7 208
145 121 7 210
146 122 7 211
147 123 7 211
148 126 7 213
149 129 7 214
150 131 7 216
151 134 8 217
152 137 8 217
153 137 8 220
154 137 8 222
155 133 8 228
156 135 8 230
157 137 8 231
158 137 8 233
159 138 8 237
160 136 8 241
161 138 8 242
162 138 8 242
163 144 8 242
164 144 8 245
165 144 8 248
166 150 8 249
167 149 8 253
168 148 8 255
169 150 8 256
170 154 8 258
171 154 8 259
172 155 8 260
173 151 8 266
174 153 8 266
175 152 8 270
176 154 8 271
177 152 8 274
178 150 8 278
179 148 8 282
180 148 8 284
181 148 8 286
182 151 8 286
183 153 8 287
184 150 8 291
185 151 8 293
186 151 8 296
187 149 8 299
188 150 8 301
189 148 8 303
190 148 8 305
191 151 8 305
192 153 8 309
193 157 8 310
194 152 8 317
195 154 8 319
196 153 8 321
197 154 8 324
198 156 8 326
199 155 8 328
200 155 8 333
201 157 8 335
202 160 8 337
203 162 8 339
204 164 8 340
205 164 8 344
206 169 8 345
207 170 8 348
208 168 8 355
209 169 8 357
210 170 8 358
211 167 8 366
212 171 8 367
213 175 8 368
214 174 8 372
215 174 8 372
216 171 8 377
217 172 8 381
218 177 8 381
219 174 8 384
220 175 8 386
221 180 8 387
222 182 8 389
223 184 8 390
224 180 8 395
225 180 8 397
226 182 8 399
227 183 8 402
228 182 8 405
229 183 8 408
230 181 8 411
231 188 8 411
232 186 8 418
233 184 8 421
234 183 8 425
235 183 8 430
236 186 8 431
237 184 8 436
238 180 8 444
239 185 8 444
240 187 8 448
241 191 8 449
242 190 8 454
243 191 9 456
244 196 9 459
245 199 9 463
246 204 9 465
247 203 9 471
248 204 9 474
249 206 9 476
250 207 9 480
251 204 9 486
252 202 9 490
253 202 9 493
254 206 9 497
255 205 9 501
256 206 9 502
257 207 9 504
258 206 9 506
259 199 9 514
260 203 9 517
261 201 9 520
262 202 9 526
263 201 9 531
264 200 9 534
265 199 9 539
266 197 9 545
267 201 9 547
268 201 9 548
269 203 9 552
270 203 9 557
271 209 9 557
272 211 9 561
273 213 9 563
274 218 9 565
275 221 9 566
276 223 9 569
277 226 9 574
278 230 9 575
279 240 9 576
280 238 9 579
281 237 9 582
282 238 9 587
283 237 9 591
284 241 9 592
285 240 9 595
286 240 9 601
287 240 9 603
288 241 9 606
289 245 9 606
290 249 9 610
291 255 9 612
292 254 9 617
293 255 9 621
294 258 9 624
295 254 9 629
296 260 9 631
297 264 9 634
298 267 9 638
299 271 9 642
300 274 9 645
301 273 9 649
302 280 9 654
303 282 9 656
304 287 9 661
305 292 9 664
306 298 9 666
307 297 9 672
308 299 9 678
309 301 9 684
310 306 9 686
311 303 9 690
312 304 9 695
313 301 9 702
314 304 9 708
315 312 9 711
316 316 9 715
317 318 9 719
318 319 9 724
319 323 9 727
320 326 9 731
321 330 9 734
322 331 9 741
323 331 9 748
324 330 9 756
325 329 9 762
326 334 9 764
327 339 9 767
328 340 9 772
329 342 9 778
330 340 9 782
331 345 9 785
332 346 9 793
333 346 10 797
334 348 10 802
335 351 10 805
336 354 10 808
337 357 10 811
338 356 10 814
339 354 10 819
340 354 10 823
341 356 10 826
342 357 10 833
343 354 10 841
344 363 10 847
345 371 10 850
346 367 10 857
347 368 10 863
348 366 10 872
349 377 10 877
350 381 10 883
351 387 10 885
352 386 10 892
353 386 10 896
354 388 10 903
355 392 10 906
356 399 10 910
357 404 10 917
358 411 10 921
359 419 10 924
360 422 10 930
361 431 10 931
362 436 10 936
363 444 10 940
364 451 10 943
365 455 10 949
366 457 10 955
367 456 10 962
368 460 10 970
369 468 10 976
370 475 10 977
371 471 10 986
372 474 10 993
373 480 10 998
374 480 10 1005
375 482 10 1011
376 483 10 1021
377 486 10 1027
378 482 10 1036
379 489 10 1041
380 493 10 1045
381 493 10 1055
382 493 10 1063
383 502 10 1068
384 509 10 1072
385 518 10 1076
386 533 10 1080
387 532 10 1087
388 534 10 1092
389 531 10 1105
390 537 10 1113
391 543 11 1118
392 547 11 1133
393 545 11 1143
394 543 12 1152
395 552 12 1158
396 558 12 1163
397 565 12 1168
398 569 12 1176
399 582 12 1183
400 583 12 1195
401 586 12 1198
402 590 12 1204
403 590 12 1214
404 602 12 1220
405 609 12 1230
406 615 12 1239
407 622 12 1247
408 621 12 1259
409 620 12 1269
410 626 12 1277
411 624 12 1291
412 635 12 1300
413 645 12 1309
414 654 12 1315
415 651 12 1327
416 650 12 1339
417 657 12 1349
418 659 12 1361
419 656 12 1373
420 662 12 1383
421 677 12 1390
422 681 12 1399
423 687 12 1408
424 692 12 1416
425 703 12 1422
426 708 12 1436
427 716 13 1446
428 718 13 1458
429 721 13 1470
430 737 13 1481
431 752 14 1489
432 759 14 1497
433 760 14 1510
434 763 14 1523
435 768 14 1535
436 776 14 1541
437 784 14 1553
438 785 15 1568
439 790 16 1578
440 799 16 1591
441 807 16 1606
442 813 16 1617
443 812 16 1635
444 820 16 1647
445 823 16 1660
446 832 16 1667
447 840 16 1676
448 848 16 1691
449 846 16 1712
450 854 16 1725
451 857 16 1742
452 860 16 1753
453 860 16 1776
454 880 16 1782
455 883 16 1795
456 889 16 1806
457 897 16 1816
458 894 16 1828
459 896 16 1844
460 908 16 1856
461 913 16 1871
462 919 16 1884
463 913 16 1909
464 921 16 1920
465 935 16 1928
466 937 16 1942
467 945 16 1958
468 948 16 1971
469 953 16 1982
470 965 16 1993
471 973 16 2014
472 981 16 2028
473 983 16 2044
474 1004 16 2058
475 1011 16 2067
476 1030 16 2078
477 1035 16 2097
478 1048 16 2114
479 1056 16 2129
480 1064 16 2141
481 1073 16 2155
482 1080 16 2171
483 1089 17 2186
484 1100 17 2204
485 1096 17 2230
486 1108 17 2241
487 1103 17 2261
488 1113 17 2275
489 1123 17 2292
490 1139 17 2299
491 1160 17 2311
492 1171 17 2322
493 1175 17 2346
494 1193 18 2361
495 1192 19 2387
496 1202 19 2404
497 1224 19 2418
498 1234 19 2435
499 1239 19 2454
500 1251 19 2474
501 1257 19 2493
502 1259 20 2513
503 1260 20 2537
504 1267 20 2555
505 1274 20 2574
506 1291 20 2588
507 1296 21 2605
508 1300 21 2627
509 1312 21 2645
510 1319 21 2659
511 1315 21 2682
512 1329 21 2701
513 1342 21 2719
514 1353 21 2739
515 1356 21 2757
516 1357 23 2783
517 1361 24 2810
518 1366 24 2835
519 1375 25 2856
520 1395 25 2873
521 1390 25 2902
522 1398 25 2918
523 1412 25 2936
524 1419 25 2956
525 1426 26 2973
526 1439 26 2997
527 1446 26 3023
528 1456 26 3047
529 1474 26 3066
530 1482 26 3087
531 1486 26 3113
532 1489 26 3142
533 1493 26 3166
534 1498 26 3193
535 1508 27 3210
536 1513 27 3235
537 1545 27 3251
538 1560 27 3270
539 1559 27 3301
540 1579 27 3318
541 1589 27 3340
542 1601 27 3362
543 1613 28 3388
544 1628 28 3411
545 1638 28 3439
546 1654 28 3457
547 1679 28 3477
548 1675 28 3507
549 1675 28 3531
550 1693 28 3557
551 1713 28 3577
552 1724 28 3608
553 1746 28 3630
554 1758 28 3653
555 1779 28 3675
556 1794 28 3701
557 1806 28 3726
558 1826 28 3748
559 1825 28 3778
560 1834 28 3810
561 1854 28 3836
562 1868 28 3876
563 1876 28 3904
564 1893 28 3933
565 1912 29 3960
566 1925 30 3990
567 1943 30 4015
568 1960 30 4042
569 1957 30 4079
570 1978 30 4108
571 1997 30 4135
572 2016 30 4167
573 2027 30 4196
574 2041 30 4228
575 2055 30 4252
576 2061 31 4279
577 2068 31 4320
578 2083 31 4347
579 2105 31 4376
580 2127 31 4403
581 2129 31 4449
582 2144 31 4482
583 2150 31 4517
584 2164 32 4547
585 2177 32 4579
586 2185 32 4610
587 2207 32 4636
588 2235 32 4662
589 2263 32 4687
590 2272 33 4724
591 2301 33 4753
592 2327 33 4783
593 2338 33 4823
594 2342 33 4864
595 2364 33 4889
596 2377 33 4923
597 2388 33 4958
598 2409 33 4987
599 2440 33 5020
600 2478 33 5053
601 2501 33 5085
602 2510 34 5122
603 2499 34 5172
604 2528 35 5202
605 2541 35 5244
606 2548 35 5286
607 2562 35 5326
608 2599 35 5355
609 2611 35 5402
610 2632 36 5436
611 2654 37 5468
612 2687 37 5504
613 2712 37 5540
614 2749 37 5575
615 2777 37 5613
616 2791 37 5654
617 2799 38 5700
618 2818 39 5745
619 2835 39 5790
620 2847 39 5843
621 2876 42 5881
622 2879 42 5935
623 2881 42 5981
624 2897 42 6031
625 2926 42 6067
626 2945 42 6108
627 2973 42 6155
628 3003 42 6204
629 3025 43 6250
630 3042 44 6301
631 3089 44 6338
632 3120 44 6384
633 3136 44 6434
634 3168 46 6471
635 3189 46 6507
636 3194 46 6564
637 3226 46 6617
638 3235 48 6669
639 3256 48 6722
640 3265 48 6772
641 3292 48 6822
642 3314 49 6867
643 3325 49 6920
644 3360 52 6973
645 3384 52 7022
646 3394 52 7081
647 3431 52 7129
648 3483 52 7173
649 3492 52 7229
650 3501 52 7289
651 3557 52 7334
652 3593 53 7381
653 3611 54 7444
654 3635 55 7491
655 3661 55 7542
656 3664 56 7608
657 3679 57 7677
658 3718 57 7731
659 3738 57 7788
660 3746 57 7848
661 3755 57 7905
662 3781 57 7958
663 3811 59 8006
664 3848 60 8063
665 3852 61 8126
666 3888 61 8174
667 3906 62 8234
668 3928 64 8293
669 3954 64 8351
670 4002 64 8403
671 4050 64 8456
672 4060 65 8531
673 4087 65 8587
674 4120 65 8641
675 4165 66 8693
676 4178 67 8762
677 4202 67 8829
678 4245 67 8873
679 4270 67 8934
680 4298 67 9005
681 4314 68 9077
682 4330 69 9151
683 4340 69 9220
684 4349 69 9290
685 4386 69 9348
686 4406 69 9417
687 4445 71 9477
688 4494 71 9545
689 4507 72 9617
690 4526 73 9686
691 4546 74 9758
692 4580 75 9828
693 4628 75 9898
694 4663 75 9967
695 4678 75 10036
696 4704 75 10098
697 4734 77 10174
698 4754 77 10246
699 4776 78 10323
700 4828 80 10405
701 4843 80 10473
702 4888 80 10527
703 4932 80 10607
704 4947 80 10682
705 4986 82 10768
706 5034 84 10833
