0 50 0 0
1 46 1 4
2 45 2 4
3 44 2 5
4 42 2 9
5 42 2 10
6 42 2 11
7 40 2 13
8 41 2 14
9 42 2 14
10 41 2 15
11 43 2 15
12 42 3 15
13 42 3 15
14 42 3 15
15 43 3 15
16 44 3 15
17 45 3 15
18 44 3 17
19 44 3 17
20 45 3 17
21 45 3 17
22 46 3 19
23 45 3 20
24 47 3 21
25 47 3 22
26 47 3 23
27 48 3 23
28 47 3 24
29 47 3 25
30 46 3 26
31 45 3 27
32 46 3 28
33 48 3 28
34 48 3 29
35 48 3 31
36 49 3 31
37 50 3 31
38 51 3 31
39 49 3 34
40 50 3 34
41 50 3 36
42 52 3 36
43 54 3 36
44 57 3 36
45 62 3 37
46 60 3 39
47 62 3 39
48 62 3 40
49 63 3 41
50 64 3 41
51 63 3 42
52 62 3 45
53 65 3 45
54 66 3 45
55 67 3 46
56 67 3 47
57 68 3 47
58 67 3 48
59 65 3 50
60 65 3 51
61 67 3 52
62 67 3 53
63 65 3 55
64 65 3 56
65 63 3 58
66 63 3 58
67 62 3 60
68 62 3 61
69 62 3 62
70 61 3 63
71 61 3 64
72 61 3 65
73 61 3 65
74 64 3 65
75 63 3 66
76 65 3 67
77 62 3 70
78 63 3 71
79 63 3 73
80 63 3 74
81 64 3 75
82 64 3 75
83 65 3 75
84 66 3 76
85 67 3 77
86 68 3 77
87 68 3 78
88 66 3 81
89 67 3 82
90 66 3 84
91 68 3 84
92 66 3 86
93 64 3 89
94 63 3 90
95 62 3 92
96 61 3 93
97 60 3 94
98 61 3 94
99 62 3 95
100 62 3 96
101 61 3 98
102 62 3 100
103 62 3 102
104 61 3 103
105 60 3 104
106 59 3 105
107 55 3 109
108 54 3 111
109 55 3 111
110 54 3 112
111 55 3 113
112 54 3 114
113 55 3 114
114 57 3 114
115 57 3 117
116 58 3 119
117 58 3 119
118 59 3 120
119 56 3 123
120 57 3 123
121 58 3 124
122 58 3 124
123 58 3 125
124 57 3 127
125 60 3 128
126 59 3 129
127 60 3 130
128 60 3 130
129 61 3 131
130 61 3 131
131 63 3 131
132 65 3 132
133 64 3 134
134 64 3 135
135 64 3 137
136 65 3 138
137 67 3 138
138 67 3 140
139 67 3 141
140 70 3 142
141 71 3 143
142 72 3 144
143 72 3 145
144 73 3 146
145 74 3 146
146 73 3 148
147 73 3 151
148 76 3 152
149 77 3 153
150 77 3 154
151 80 3 154
152 78 3 157
153 79 3 157
154 78 3 160
155 78 3 160
156 78 3 160
157 80 3 161
158 79 3 163
159 81 3 163
160 81 3 166
161 82 3 167
162 83 3 169
163 87 3 169
164 88 3 170
165 91 3 170
166 91 3 173
167 91 3 175
168 91 3 177
169 91 3 179
170 93 3 179
171 95 3 179
172 95 3 181
173 99 3 181
174 100 3 182
175 100 4 184
176 99 4 187
177 98 4 188
178 101 4 189
179 101 4 190
180 102 4 192
181 104 4 193
182 104 4 193
183 107 4 193
184 108 4 193
185 110 4 193
186 111 4 194
187 111 4 194
188 110 4 196
189 111 4 198
190 113 4 198
191 115 4 199
192 114 4 202
193 116 4 202
194 114 4 206
195 115 4 206
196 116 4 208
197 115 4 210
198 116 4 212
199 117 4 212
200 116 4 216
201 119 4 217
202 120 4 220
203 119 4 225
204 120 4 225
205 121 4 229
206 124 4 229
207 127 4 230
208 129 4 230
209 129 4 231
210 129 4 234
211 132 4 235
212 134 4 237
213 137 4 238
214 139 4 240
215 143 4 242
216 143 4 244
217 146 4 245
218 149 4 246
219 149 4 248
220 149 4 251
221 149 4 254
222 150 4 258
223 150 4 260
224 150 4 263
225 149 4 265
226 149 4 269
227 151 4 269
228 155 4 269
229 155 4 271
230 154 4 274
231 154 4 274
232 155 4 276
233 154 4 278
234 151 4 283
235 149 4 287
236 152 4 291
237 153 4 295
238 155 4 297
239 158 4 302
240 160 4 304
241 159 4 310
242 159 4 313
243 160 4 316
244 162 4 319
245 164 4 319
246 166 4 321
247 165 4 323
248 164 4 328
249 163 4 331
250 163 4 333
251 162 4 335
252 165 4 336
253 167 4 338
254 169 4 342
255 173 4 345
256 171 4 351
257 174 4 351
258 176 4 354
259 173 4 358
260 180 4 359
261 187 4 360
262 189 4 361
263 191 4 364
264 189 4 369
265 193 4 372
266 199 4 373
267 203 4 375
268 202 4 377
269 204 4 379
270 207 4 381
271 205 4 385
272 209 4 388
273 209 4 391
274 212 4 391
275 210 4 395
276 214 4 397
277 216 4 400
278 217 4 402
279 220 4 405
280 223 4 408
281 222 4 411
282 220 5 417
283 224 5 420
284 226 5 423
285 225 5 427
286 223 5 432
287 224 5 434
288 222 5 439
289 222 5 442
290 223 5 443
291 219 5 450
292 225 5 452
293 229 5 454
294 233 5 457
295 231 5 462
296 237 5 464
297 234 5 473
298 243 5 475
299 247 5 477
300 249 5 481
301 253 5 485
302 254 5 487
303 253 5 492
304 256 5 494
305 256 5 502
306 260 5 505
307 271 5 505
308 273 5 507
309 276 5 509
310 278 5 511
311 281 5 516
312 283 5 521
313 284 5 526
314 290 5 528
315 288 5 534
316 287 5 538
317 288 5 543
318 289 5 551
319 292 5 554
320 294 5 559
321 293 5 563
322 291 5 567
323 297 5 569
324 300 5 575
325 301 5 579
326 302 5 584
327 306 5 589
328 313 5 591
329 314 5 595
330 317 5 601
331 325 5 605
332 330 5 611
333 339 5 614
334 343 5 618
335 345 5 623
336 346 5 629
337 345 5 635
338 339 5 642
339 343 5 647
340 343 5 654
341 347 5 658
342 349 5 663
343 352 5 668
344 354 5 674
345 351 5 680
346 354 5 684
347 360 5 689
348 364 5 693
349 374 5 694
350 374 5 701
351 378 5 704
352 373 5 713
353 376 5 718
354 385 5 719
355 394 5 722
356 399 5 728
357 401 5 735
358 401 5 742
359 401 5 747
360 397 5 754
361 400 5 760
362 405 5 765
363 405 5 775
364 411 5 778
365 415 5 786
366 416 5 788
367 417 5 794
368 416 5 800
369 420 5 804
370 426 5 810
371 431 5 812
372 427 5 820
373 430 5 823
374 429 5 832
375 421 5 844
376 427 5 849
377 428 5 856
378 436 5 858
379 437 5 865
380 439 5 873
381 446 5 876
382 455 5 880
383 465 5 886
384 470 5 888
385 477 5 894
386 482 5 899
387 485 5 907
388 490 6 914
389 494 6 921
390 497 6 926
391 501 6 933
392 498 6 945
393 506 6 949
394 501 6 961
395 510 6 964
396 515 6 969
397 525 6 970
398 532 6 977
399 533 6 988
400 534 6 996
401 547 6 1002
402 551 6 1011
403 559 6 1017
404 566 6 1022
405 573 6 1030
406 566 6 1046
407 564 6 1057
408 569 6 1066
409 574 6 1074
410 582 6 1077
411 587 6 1084
412 584 6 1094
413 586 6 1105
414 590 6 1118
415 592 6 1126
416 597 7 1136
417 594 7 1151
418 598 7 1159
419 601 7 1169
420 604 7 1177
421 612 7 1185
422 615 7 1197
423 620 7 1205
424 621 7 1215
425 627 7 1223
426 619 7 1239
427 625 7 1249
428 633 7 1254
429 635 8 1266
430 635 8 1275
431 636 8 1288
432 636 8 1302
433 634 8 1315
434 642 8 1322
435 650 8 1331
436 663 8 1335
437 668 8 1342
438 676 8 1351
439 673 8 1363
440 676 8 1372
441 678 8 1382
442 681 8 1392
443 689 8 1401
444 694 8 1414
445 691 8 1424
446 690 8 1438
447 693 8 1450
448 693 8 1458
449 703 8 1464
450 710 8 1477
451 715 8 1490
452 718 8 1503
453 716 8 1519
454 725 8 1532
455 722 8 1545
456 728 8 1554
457 730 8 1565
458 738 8 1578
459 745 8 1588
460 746 8 1597
461 746 8 1611
462 753 8 1627
463 756 8 1636
464 757 8 1653
465 746 8 1672
466 761 8 1678
467 761 8 1694
468 765 8 1706
469 772 8 1715
470 772 8 1729
471 783 8 1740
472 792 8 1753
473 804 8 1762
474 811 8 1777
475 819 8 1784
476 835 8 1792
477 846 8 1802
478 852 8 1815
479 861 8 1827
480 869 8 1839
481 869 8 1854
482 869 8 1867
483 868 8 1880
484 873 8 1895
485 877 8 1910
486 885 8 1921
487 893 8 1933
488 898 9 1948
489 902 9 1963
490 904 9 1979
491 916 9 1992
492 903 10 2016
493 910 10 2034
494 901 10 2058
495 893 10 2076
496 906 10 2081
497 913 10 2093
498 920 10 2102
499 929 12 2110
500 951 12 2124
501 957 12 2137
502 953 12 2153
503 965 12 2164
504 978 13 2180
505 981 13 2194
506 986 13 2211
507 995 13 2221
508 991 13 2240
509 1006 13 2250
510 1008 13 2266
511 1012 13 2278
512 1014 13 2292
513 1026 13 2300
514 1029 13 2317
515 1032 13 2341
516 1038 13 2359
517 1039 13 2383
518 1055 13 2400
519 1069 13 2415
520 1091 13 2427
521 1112 13 2440
522 1119 13 2455
523 1111 13 2481
524 1118 13 2500
525 1115 13 2522
526 1125 13 2534
527 1143 13 2545
528 1135 13 2566
529 1131 13 2584
530 1136 13 2602
531 1135 13 2623
532 1145 13 2639
533 1152 13 2657
534 1163 13 2676
535 1169 13 2695
536 1171 13 2720
537 1181 13 2735
538 1186 13 2755
539 1194 13 2776
540 1198 13 2798
541 1194 14 2825
542 1203 14 2844
543 1222 14 2853
544 1226 15 2878
545 1232 15 2902
546 1236 15 2922
547 1235 15 2946
548 1244 16 2963
549 1256 16 2979
550 1275 16 2992
551 1294 16 3012
552 1304 16 3030
553 1305 16 3052
554 1302 16 3072
555 1309 17 3088
556 1321 17 3110
557 1336 17 3122
558 1343 17 3138
559 1352 17 3155
560 1352 18 3178
561 1366 18 3192
562 1372 18 3221
563 1381 18 3241
564 1382 18 3264
565 1390 18 3287
566 1394 18 3306
567 1401 18 3328
568 1400 18 3352
569 1411 19 3373
570 1421 19 3395
571 1435 19 3410
572 1448 19 3438
573 1440 20 3470
574 1455 20 3488
575 1459 20 3509
576 1469 20 3535
577 1477 20 3557
578 1492 20 3581
579 1515 20 3600
580 1530 20 3620
581 1536 20 3643
582 1540 20 3666
583 1555 20 3682
584 1561 20 3709
585 1571 21 3736
586 1578 21 3762
587 1588 21 3792
588 1592 21 3815
589 1605 21 3837
590 1629 21 3855
591 1643 21 3882
592 1652 21 3902
593 1662 22 3927
594 1671 22 3955
595 1692 22 3980
596 1692 22 4010
597 1712 22 4035
598 1724 22 4060
599 1740 22 4083
600 1775 22 4100
601 1793 22 4121
602 1805 22 4144
603 1821 22 4173
604 1833 22 4205
605 1844 22 4235
606 1853 22 4268
607 1865 22 4296
608 1879 22 4324
609 1883 23 4358
610 1910 24 4379
611 1913 24 4409
612 1903 24 4442
613 1928 24 4463
614 1933 25 4491
615 1939 25 4526
616 1958 25 4558
617 1961 26 4586
618 1963 26 4624
619 1976 28 4656
620 1975 28 4694
621 1980 28 4719
622 1997 28 4746
623 2001 29 4780
624 2028 29 4806
625 2030 29 4838
626 2041 31 4870
627 2041 31 4912
628 2068 31 4938
629 2089 31 4963
630 2101 31 4990
631 2116 31 5020
632 2143 31 5050
633 2159 31 5074
634 2164 31 5113
635 2170 31 5154
636 2186 31 5186
637 2202 32 5218
638 2211 32 5255
639 2231 32 5292
640 2241 32 5329
641 2257 32 5354
642 2269 32 5392
643 2285 32 5422
644 2304 32 5453
645 2326 32 5478
646 2346 32 5509
647 2366 32 5545
648 2395 32 5577
649 2400 32 5620
650 2411 32 5658
651 2434 32 5694
652 2457 33 5724
653 2462 33 5769
654 2480 34 5800
655 2502 35 5834
656 2508 35 5878
657 2532 35 5908
658 2551 35 5946
659 2584 35 5976
660 2617 35 6010
661 2640 35 6050
662 2658 35 6091
663 2675 36 6129
664 2700 37 6167
665 2721 38 6198
666 2744 38 6242
667 2756 38 6278
668 2771 38 6321
669 2799 38 6366
670 2818 40 6404
671 2848 40 6446
672 2844 40 6499
673 2871 40 6540
674 2893 40 6581
675 2920 40 6618
676 2945 41 6662
677 2968 41 6709
678 2953 41 6760
679 2983 41 6803
680 3001 42 6855
681 3021 42 6899
682 3043 42 6941
683 3059 42 6987
684 3099 42 7025
685 3121 42 7073
686 3132 44 7121
687 3170 44 7166
688 3195 44 7215
689 3226 44 7262
690 3264 45 7302
691 3296 45 7355
692 3305 45 7400
693 3313 45 7453
694 3335 45 7498
695 3351 45 7550
696 3370 45 7602
697 3396 46 7649
698 3416 46 7698
699 3429 47 7753
700 3465 47 7797
701 3497 47 7841
702 3510 47 7897
703 3518 47 7962
704 3537 47 8019
705 3548 47 8080
706 3568 48 8134
707 3603 48 8177
708 3630 48 8240
709 3649 48 8297
710 3655 48 8367
711 3683 48 8430
712 3738 48 8466
713 3751 48 8524
714 3789 48 8576
715 3820 48 8626
716 3838 48 8683
717 3875 48 8736
718 3903 48 8796
719 3925 48 8851
720 3955 48 8910
721 4003 48 8957
722 4031 48 9016
723 4061 51 9076
724 4085 51 9135
725 4117 51 9197
726 4156 52 9249
727 4195 53 9303
728 4228 53 9358
729 4250 53 9433
730 4275 54 9486
731 4301 54 9542
732 4328 55 9604
733 4350 55 9672
734 4370 56 9759
735 4396 56 9824
736 4451 56 9875
737 4487 56 9937
738 4499 56 10019
739 4521 56 10084
740 4553 58 10149
741 4596 58 10213
742 4632 58 10278
743 4659 58 10356
744 4717 59 10405
745 4743 59 10475
746 4788 59 10538
747 4841 59 10605
748 4887 60 10669
749 4908 60 10744
750 4951 60 10807
751 4993 60 10875
752 5032 61 10946
