0 50 0 0
1 50 0 1
2 49 0 2
3 51 0 2
4 54 0 3
5 55 0 4
6 56 0 4
7 56 0 4
8 56 0 4
9 55 0 5
10 54 0 7
11 59 0 7
12 59 0 8
13 57 0 10
14 59 0 10
15 58 0 11
16 56 0 13
17 58 0 14
18 58 0 16
19 58 0 16
20 56 0 18
21 56 0 19
22 56 0 19
23 56 0 19
24 57 0 19
25 58 0 19
26 58 0 21
27 60 0 21
28 62 0 21
29 62 0 22
30 64 0 22
31 62 0 24
32 64 1 24
33 65 1 24
34 65 1 24
35 66 1 24
36 70 1 25
37 71 1 25
38 73 1 25
39 73 1 26
40 72 1 28
41 75 1 28
42 77 1 28
43 78 1 29
44 74 1 33
45 77 1 33
46 78 1 35
47 80 1 35
48 80 1 37
49 80 1 39
50 79 1 41
51 78 1 42
52 79 1 44
53 79 1 45
54 83 1 45
55 84 1 45
56 86 1 46
57 88 1 48
58 85 1 52
59 85 1 53
60 87 1 55
61 88 1 56
62 88 1 57
63 92 1 57
64 93 1 58
65 95 1 59
66 97 1 60
67 96 1 63
68 98 1 63
69 97 1 66
70 100 1 66
71 102 1 66
72 102 1 68
73 104 1 68
74 106 1 69
75 106 1 72
76 106 1 74
77 106 1 75
78 106 1 77
79 106 1 78
80 106 1 80
81 106 1 82
82 108 1 83
83 113 1 83
84 117 1 83
85 115 1 87
86 116 1 88
87 117 2 89
88 117 2 91
89 118 2 92
90 121 2 93
91 124 2 94
92 129 2 95
93 128 2 96
94 127 3 98
95 131 3 98
96 133 3 99
97 130 3 103
98 134 3 104
99 137 3 106
100 139 3 107
101 137 3 109
102 139 3 112
103 142 3 115
104 141 3 117
105 142 3 120
106 144 3 122
107 145 3 125
108 145 3 127
109 145 3 129
110 147 3 130
111 147 3 131
112 145 3 134
113 150 3 137
114 154 3 139
115 157 3 140
116 158 3 141
117 161 3 143
118 165 3 145
119 166 3 149
120 175 3 150
121 175 3 153
122 180 3 153
123 181 3 156
124 181 3 158
125 184 3 160
126 184 3 162
127 179 3 168
128 180 3 171
129 178 3 175
130 181 3 175
131 176 3 182
132 177 3 184
133 180 3 184
134 178 3 190
135 178 3 192
136 174 3 199
137 174 3 201
138 169 3 207
139 171 3 208
140 175 3 208
141 178 3 211
142 177 3 215
143 178 3 218
144 178 3 220
145 176 3 223
146 174 3 226
147 173 3 229
148 179 3 230
149 180 3 232
150 180 3 234
151 182 3 237
152 184 3 238
153 188 4 239
154 190 4 241
155 189 4 246
156 187 4 251
157 186 4 255
158 184 4 260
159 185 4 263
160 187 4 266
161 186 4 269
162 183 4 273
163 187 4 274
164 186 4 278
165 186 4 281
166 185 4 286
167 185 4 287
168 186 4 290
169 185 4 295
170 188 4 296
171 186 4 300
172 186 4 303
173 183 4 308
174 183 4 309
175 189 4 310
176 192 4 310
177 195 4 311
178 195 4 315
179 192 5 319
180 194 5 321
181 194 5 325
182 191 5 329
183 198 5 331
184 199 5 334
185 197 5 338
186 198 5 341
187 198 5 344
188 199 6 346
189 198 6 352
190 201 6 354
191 198 6 358
192 204 6 358
193 205 6 359
194 211 6 360
195 210 6 365
196 213 6 367
197 213 6 373
198 217 6 374
199 221 6 378
200 218 6 385
201 219 6 386
202 223 6 387
203 225 6 390
204 226 6 394
205 227 6 396
206 230 6 396
207 234 6 399
208 237 6 400
209 239 6 405
210 241 6 409
211 241 6 413
212 248 6 414
213 261 6 416
214 265 6 421
215 267 6 425
216 263 6 433
217 265 6 435
218 274 6 439
219 283 6 441
220 284 6 446
221 286 6 450
222 296 6 453
223 300 6 455
224 298 6 459
225 299 6 467
226 296 6 471
227 296 6 476
228 304 6 479
229 306 6 483
230 305 6 493
231 309 6 496
232 310 6 500
233 314 6 505
234 314 6 510
235 307 6 521
236 309 6 525
237 306 6 533
238 307 6 537
239 308 7 543
240 315 7 544
241 314 8 550
242 313 8 555
243 313 8 562
244 312 8 566
245 316 8 570
246 318 8 575
247 325 8 578
248 326 8 583
249 326 8 589
250 326 8 596
251 334 8 599
252 338 8 602
253 336 8 609
254 344 8 610
255 350 8 616
256 348 8 622
257 350 8 629
258 352 8 633
259 351 8 640
260 351 8 647
261 356 9 650
262 357 9 658
263 356 9 667
264 359 9 673
265 360 9 681
266 362 9 686
267 369 9 692
268 368 9 697
269 375 9 704
270 376 9 706
271 379 9 712
272 378 9 719
273 385 9 724
274 386 9 731
275 390 9 739
276 391 9 746
277 386 9 755
278 387 9 759
279 392 9 761
280 398 10 764
281 408 10 766
282 407 10 778
283 413 11 783
284 425 11 786
285 430 11 791
286 429 11 799
287 432 11 805
288 439 11 810
289 442 11 820
290 445 11 824
291 451 11 829
292 455 11 836
293 455 11 844
294 463 11 848
295 466 12 855
296 481 12 856
297 485 12 865
298 490 12 872
299 486 12 878
300 495 13 881
301 501 13 883
302 515 13 886
303 519 13 895
304 527 13 901
305 522 13 913
306 523 13 922
307 527 13 930
308 523 13 942
309 520 14 956
310 518 14 966
311 521 14 976
312 528 14 982
313 526 14 992
314 529 14 999
315 534 14 1006
316 545 14 1013
317 547 14 1021
318 552 14 1027
319 558 14 1034
320 551 14 1049
321 555 14 1059
322 569 15 1069
323 574 15 1078
324 579 15 1088
325 583 15 1100
326 585 15 1112
327 581 15 1127
328 590 15 1131
329 597 15 1138
330 598 15 1145
331 600 15 1156
332 603 15 1163
333 611 15 1168
334 619 15 1176
335 620 15 1185
336 624 15 1197
337 629 15 1206
338 636 15 1222
339 641 15 1232
340 646 15 1239
341 655 15 1244
342 655 15 1257
343 663 15 1266
344 660 15 1278
345 663 15 1290
346 663 15 1301
347 673 15 1314
348 679 16 1325
349 680 16 1338
350 685 16 1347
351 685 16 1361
352 687 16 1369
353 692 16 1378
354 699 16 1387
355 708 16 1393
356 714 16 1399
357 732 16 1406
358 730 17 1421
359 732 17 1431
360 746 17 1433
361 749 17 1444
362 757 17 1462
363 765 19 1475
364 772 19 1484
365 778 19 1498
366 792 19 1509
367 796 19 1522
368 802 19 1533
369 818 19 1546
370 831 19 1556
371 842 20 1566
372 836 20 1587
373 840 20 1600
374 845 20 1611
375 854 20 1622
376 867 20 1632
377 867 20 1648
378 883 20 1659
379 883 20 1678
380 886 20 1692
381 892 20 1705
382 892 21 1717
383 895 21 1734
384 899 21 1750
385 904 21 1762
386 912 21 1772
387 912 21 1788
388 925 21 1803
389 924 21 1822
390 921 21 1845
391 930 21 1858
392 927 21 1873
393 929 21 1892
394 932 21 1907
395 938 21 1920
396 937 21 1934
397 945 21 1946
398 954 21 1959
399 960 21 1971
400 961 21 1989
401 972 21 1999
402 975 21 2010
403 972 21 2027
404 986 21 2038
405 990 21 2051
406 995 21 2061
407 997 21 2082
408 1010 21 2095
409 1025 21 2109
410 1026 21 2129
411 1034 21 2145
412 1042 21 2160
413 1051 21 2178
414 1055 21 2192
415 1067 22 2207
416 1080 22 2221
417 1079 22 2240
418 1079 22 2261
419 1088 22 2283
420 1089 23 2300
421 1101 23 2311
422 1106 23 2322
423 1111 23 2336
424 1123 23 2350
425 1120 23 2375
426 1128 23 2400
427 1129 23 2421
428 1134 23 2440
429 1140 23 2458
430 1149 23 2476
431 1148 23 2495
432 1164 23 2503
433 1168 23 2521
434 1171 23 2547
435 1169 24 2568
436 1175 24 2586
437 1187 25 2605
438 1201 26 2614
439 1207 26 2637
440 1229 26 2654
441 1237 26 2674
442 1242 26 2692
443 1255 26 2706
444 1259 26 2723
445 1258 26 2750
446 1259 26 2778
447 1263 27 2798
448 1270 27 2820
449 1284 27 2841
450 1300 28 2853
451 1314 28 2864
452 1320 28 2885
453 1319 29 2908
454 1329 29 2919
455 1343 29 2937
456 1346 30 2963
457 1353 30 2988
458 1351 31 3010
459 1364 31 3033
460 1379 31 3055
461 1371 31 3090
462 1390 32 3108
463 1406 33 3124
464 1411 33 3148
465 1420 33 3166
466 1439 34 3177
467 1462 34 3199
468 1463 34 3223
469 1474 34 3239
470 1472 35 3266
471 1485 36 3288
472 1494 36 3310
473 1501 37 3329
474 1499 37 3355
475 1506 37 3384
476 1515 37 3412
477 1515 37 3438
478 1524 37 3463
479 1554 38 3480
480 1575 39 3494
481 1581 39 3518
482 1595 39 3539
483 1613 39 3555
484 1622 39 3584
485 1639 40 3606
486 1637 40 3638
487 1660 40 3660
488 1691 40 3678
489 1699 40 3712
490 1699 43 3736
491 1703 43 3763
492 1697 45 3796
493 1709 45 3816
494 1719 45 3844
495 1729 45 3873
496 1746 45 3889
497 1760 45 3914
498 1764 45 3943
499 1761 46 3973
500 1777 46 4004
501 1791 46 4032
502 1794 47 4055
503 1817 47 4088
504 1820 48 4115
505 1828 48 4153
506 1847 50 4180
507 1860 50 4210
508 1862 50 4241
509 1885 51 4262
510 1904 51 4292
511 1910 51 4315
512 1917 51 4347
513 1926 52 4371
514 1942 52 4398
515 1946 52 4427
516 1962 52 4462
517 1970 52 4494
518 1979 52 4529
519 1997 52 4556
520 2002 52 4594
521 2018 52 4619
522 2038 52 4643
523 2044 52 4675
524 2071 52 4701
525 2095 52 4732
526 2088 52 4777
527 2106 52 4813
528 2113 55 4847
529 2135 55 4880
530 2156 55 4909
531 2172 55 4940
532 2188 55 4976
533 2203 56 5006
534 2211 56 5046
535 2218 56 5078
536 2241 57 5103
537 2253 57 5133
538 2272 57 5165
539 2264 58 5215
540 2271 58 5247
541 2286 59 5286
542 2308 60 5318
543 2312 61 5354
544 2328 61 5389
545 2357 61 5425
546 2375 61 5461
547 2381 61 5492
548 2379 61 5544
549 2393 61 5581
550 2397 61 5623
551 2403 61 5654
552 2417 61 5691
553 2441 61 5718
554 2464 61 5758
555 2469 62 5790
556 2488 63 5830
557 2500 63 5873
558 2512 65 5911
559 2514 65 5957
560 2528 65 5999
561 2547 66 6042
562 2554 66 6087
563 2590 66 6124
564 2606 66 6161
565 2638 66 6188
566 2656 66 6218
567 2676 67 6258
568 2703 67 6291
569 2720 68 6331
570 2727 68 6382
571 2756 68 6418
572 2773 68 6461
573 2791 69 6499
574 2802 69 6544
575 2835 70 6586
576 2836 70 6644
577 2841 70 6695
578 2853 70 6741
579 2873 70 6781
580 2884 70 6821
581 2891 71 6869
582 2926 73 6904
583 2941 73 6951
584 2960 74 6991
585 2977 74 7026
586 2981 74 7083
587 3006 74 7124
588 3035 75 7165
589 3058 75 7205
590 3085 76 7251
591 3111 76 7294
592 3127 77 7348
593 3164 77 7396
594 3175 77 7445
595 3185 77 7493
596 3189 77 7540
597 3223 78 7581
598 3239 78 7629
599 3279 78 7672
600 3298 80 7725
601 3299 81 7779
602 3317 81 7824
603 3355 81 7864
604 3398 81 7909
605 3403 82 7969
606 3415 82 8019
607 3443 84 8072
608 3456 85 8120
609 3465 86 8180
610 3492 86 8231
611 3519 89 8280
612 3549 90 8318
613 3555 93 8378
614 3579 94 8429
615 3615 94 8472
616 3653 96 8526
617 3672 96 8575
618 3711 96 8621
619 3736 96 8684
620 3758 96 8734
621 3803 97 8779
622 3823 97 8838
623 3858 97 8888
624 3870 97 8955
625 3911 97 9003
626 3944 97 9050
627 3967 97 9107
628 4006 97 9166
629 4033 97 9225
630 4069 97 9294
631 4099 98 9352
632 4152 98 9404
633 4189 98 9457
634 4218 99 9517
635 4248 99 9592
636 4274 99 9660
637 4306 100 9720
638 4330 100 9782
639 4362 100 9850
640 4377 101 9930
641 4408 102 10007
642 4433 102 10071
643 4459 103 10147
644 4493 103 10208
645 4529 103 10273
646 4568 104 10325
647 4623 105 10392
648 4648 105 10457
649 4673 106 10533
650 4699 106 10609
651 4726 106 10679
652 4755 106 10766
653 4780 106 10849
654 4806 107 10912
655 4837 107 10984
656 4886 107 11049
657 4904 108 11115
658 4945 108 11194
659 5000 108 11263
