0 50 0 0
1 49 0 2
2 47 1 3
3 44 3 4
4 44 5 4
5 41 6 6
6 44 6 6
7 44 7 6
8 45 7 6
9 46 7 7
10 46 7 7
11 46 7 8
12 44 8 9
13 42 8 11
14 43 8 11
15 43 8 12
16 42 9 13
17 41 10 13
18 40 11 13
19 39 11 14
20 39 11 15
21 41 11 15
22 40 12 15
23 41 12 15
24 40 12 16
25 38 12 18
26 39 12 18
27 37 12 20
28 39 12 20
29 41 12 20
30 40 13 21
31 40 13 21
32 38 14 23
33 35 16 24
34 37 16 24
35 36 16 25
36 37 16 25
37 36 16 26
38 37 16 26
39 37 16 27
40 39 16 27
41 39 17 27
42 41 17 28
43 42 17 28
44 41 18 28
45 41 18 28
46 41 19 28
47 38 19 31
48 38 19 31
49 38 19 32
50 40 19 32
51 41 19 32
52 43 19 32
53 43 19 33
54 42 20 34
55 44 20 34
56 45 20 34
57 45 20 35
58 44 20 36
59 45 20 37
60 45 21 38
61 45 21 39
62 45 21 39
63 46 21 39
64 43 22 42
65 43 22 42
66 43 22 43
67 43 22 43
68 42 23 43
69 40 24 44
70 38 24 46
71 34 25 49
72 33 28 49
73 34 28 50
74 34 28 50
75 34 28 50
76 34 28 51
77 34 28 51
78 34 28 51
79 35 28 51
80 36 28 51
81 37 28 51
82 38 28 51
83 40 28 51
84 41 28 52
85 42 28 52
86 41 28 53
87 40 29 53
88 40 29 53
89 38 30 55
90 39 30 56
91 40 30 57
92 41 30 58
93 42 30 58
94 43 30 58
95 44 30 58
96 44 31 59
97 43 32 59
98 44 32 60
99 46 32 60
100 48 32 61
101 51 32 61
102 50 32 62
103 49 32 63
104 50 32 64
105 47 35 65
106 44 38 66
107 44 38 67
108 45 38 67
109 44 39 67
110 46 39 67
111 43 41 68
112 43 42 68
113 42 43 69
114 42 44 69
115 42 44 69
116 40 45 70
117 42 45 70
118 41 45 71
119 41 45 71
120 40 46 72
121 42 46 72
122 43 46 72
123 44 46 72
124 45 46 72
125 45 46 73
126 45 46 73
127 45 46 73
128 46 46 73
129 46 47 73
130 47 47 74
131 46 48 75
132 47 48 76
133 46 48 77
134 45 48 79
135 44 48 81
136 43 48 82
137 43 48 83
138 43 48 84
139 43 48 84
140 43 48 84
141 44 48 84
142 43 50 84
143 41 51 85
144 42 51 85
145 43 51 85
146 44 51 85
147 43 51 86
148 44 51 86
149 45 51 86
150 46 52 86
151 45 53 86
152 43 54 87
153 43 54 87
154 41 57 87
155 43 57 87
156 43 58 88
157 43 58 88
158 44 58 88
159 43 58 90
160 42 58 91
161 42 58 91
162 40 58 93
163 39 59 93
164 39 59 94
165 39 59 94
166 39 59 95
167 39 59 95
168 39 59 96
169 43 59 96
170 44 59 96
171 43 59 98
172 41 60 99
173 38 61 101
174 40 61 101
175 41 61 101
176 41 61 102
177 41 61 102
178 41 61 103
179 42 61 104
180 42 61 105
181 42 61 105
182 42 61 106
183 40 62 107
184 41 62 108
185 40 62 109
186 37 62 112
187 35 63 113
188 35 64 113
189 33 66 114
190 34 67 115
191 33 67 117
192 31 67 119
193 32 67 119
194 29 68 121
195 30 68 121
196 30 68 121
197 29 68 122
198 29 68 122
199 27 68 124
200 28 68 124
201 28 68 124
202 27 68 125
203 27 68 125
204 26 70 125
205 25 70 126
206 27 70 126
207 26 71 126
208 26 71 126
209 26 71 126
210 28 71 126
211 28 71 126
212 27 72 126
213 28 72 127
214 28 72 127
215 28 72 128
216 27 73 129
217 26 73 130
218 27 73 130
219 26 73 131
220 25 73 132
221 25 73 132
222 26 73 132
223 26 74 133
224 25 75 133
225 26 75 133
226 26 76 133
227 26 76 133
228 26 76 134
229 25 76 136
230 25 77 136
231 24 78 136
232 24 78 136
233 24 78 136
234 25 78 136
235 25 78 136
236 26 78 136
237 25 78 137
238 25 78 137
239 24 79 137
240 25 79 137
241 27 79 137
242 24 82 137
243 24 82 138
244 23 83 139
245 22 83 140
246 21 84 140
247 21 84 140
248 22 84 140
249 22 84 140
250 23 84 140
251 22 85 140
252 22 85 141
253 22 85 141
254 20 86 142
255 20 86 142
256 20 86 142
257 20 86 142
258 20 86 142
259 21 86 142
260 20 87 142
261 21 87 142
262 21 88 142
263 22 88 142
264 22 88 142
265 22 88 142
266 24 88 143
267 23 90 143
268 22 91 143
269 24 91 143
270 24 91 143
271 25 91 144
272 24 92 144
273 26 92 144
274 27 92 145
275 28 92 145
276 28 92 145
277 28 92 145
278 29 93 146
279 28 94 147
280 29 94 147
281 27 96 147
282 28 96 148
283 28 96 148
284 28 96 149
285 29 96 150
286 27 96 152
287 25 96 154
288 25 97 154
289 24 98 154
290 26 98 154
291 26 98 154
292 26 100 154
293 27 100 154
294 27 100 154
295 26 101 156
296 25 101 157
297 25 101 157
298 26 101 157
299 27 101 157
300 26 101 158
301 26 101 158
302 25 102 158
303 25 102 158
304 24 102 159
305 22 103 160
306 21 104 160
307 21 104 160
308 20 104 161
309 19 105 161
310 18 105 162
311 18 105 163
312 18 105 163
313 18 105 163
314 18 105 163
315 18 105 163
316 20 105 163
317 19 106 163
318 17 106 165
319 17 106 165
320 17 106 165
321 17 106 165
322 17 106 165
323 18 106 165
324 18 106 165
325 18 107 165
326 18 107 165
327 17 107 166
328 18 108 166
329 18 108 166
330 17 109 166
331 18 109 166
332 18 109 166
333 18 109 166
334 18 109 166
335 18 110 166
336 18 110 166
337 17 111 166
338 17 111 166
339 17 111 166
340 18 111 166
341 19 111 166
342 17 112 167
343 17 112 167
344 17 112 167
345 16 113 167
346 15 114 167
347 14 115 167
348 14 115 167
349 14 115 167
350 13 116 167
351 14 116 167
352 14 116 167
353 14 116 167
354 14 116 167
355 15 116 167
356 15 116 167
357 17 116 167
358 17 116 167
359 17 116 167
360 17 116 167
361 18 116 167
362 19 116 167
363 19 116 167
364 16 116 170
365 16 116 171
366 16 116 171
367 17 116 171
368 17 116 171
369 17 117 171
370 18 117 171
371 17 119 171
372 18 119 171
373 18 119 171
374 16 120 172
375 16 120 173
376 16 120 173
377 17 120 173
378 16 120 174
379 16 120 174
380 16 120 174
381 15 121 174
382 15 121 174
383 15 121 174
384 15 121 174
385 15 121 174
386 15 121 174
387 15 121 174
388 15 121 174
389 14 121 175
390 14 122 175
391 16 122 175
392 16 122 175
393 14 122 177
394 14 122 177
395 14 122 178
396 15 122 178
397 15 122 178
398 14 123 178
399 14 123 178
400 16 123 178
401 17 123 178
402 17 123 178
403 18 123 178
404 17 124 178
405 17 124 178
406 16 124 180
407 16 124 180
408 15 124 181
409 15 124 182
410 14 124 183
411 14 124 183
412 14 124 183
413 14 124 183
414 14 124 183
415 13 124 184
416 12 124 185
417 13 124 185
418 12 124 186
419 12 124 186
420 12 124 186
421 12 124 186
422 12 124 186
423 12 124 186
424 11 125 186
425 11 125 187
426 9 125 189
427 9 125 189
428 9 125 189
429 9 125 189
430 9 125 189
431 7 125 191
432 7 125 191
433 7 125 191
434 6 126 191
435 6 126 191
436 6 126 191
437 7 126 191
438 7 126 191
439 7 126 191
440 7 126 191
441 7 126 191
442 7 126 191
443 7 126 191
444 7 126 191
445 7 126 191
446 7 126 191
447 7 126 191
448 7 126 191
449 7 126 191
450 7 126 191
451 7 126 191
452 6 126 192
453 5 126 193
454 5 126 193
455 5 126 193
456 6 126 193
457 6 126 193
458 6 126 193
459 7 126 193
460 7 126 193
461 7 126 193
462 7 126 193
463 8 126 193
464 8 126 193
465 8 126 193
466 8 126 193
467 8 126 193
468 8 126 193
469 8 126 193
470 8 126 193
471 8 126 193
472 8 126 193
473 7 127 193
474 8 127 193
475 9 127 193
476 9 127 193
477 9 127 193
478 10 127 193
479 10 127 193
480 10 127 193
481 10 127 193
482 10 127 193
483 9 128 193
484 8 128 194
485 8 128 194
486 7 128 195
487 7 128 195
488 6 129 195
489 6 129 195
490 6 129 195
491 6 129 195
492 6 129 195
493 6 129 195
494 7 129 195
495 7 129 195
496 7 129 195
497 6 130 195
498 6 130 195
499 6 130 195
500 6 130 195
501 6 130 195
502 6 130 195
503 6 130 195
504 6 130 195
505 6 130 195
506 6 130 195
507 6 130 195
508 6 130 195
509 6 130 195
510 5 131 195
511 5 131 195
512 5 131 195
513 5 131 195
514 4 131 196
515 5 131 196
516 5 131 196
517 5 131 196
518 5 131 196
519 4 131 197
520 4 131 197
521 4 131 197
522 4 131 197
523 4 131 197
524 4 131 197
525 4 131 197
526 4 131 197
527 4 131 197
528 4 131 197
529 4 131 197
530 4 131 197
531 4 131 197
532 4 131 197
533 4 131 197
534 4 131 197
535 4 131 197
536 4 131 197
537 5 131 197
538 5 131 197
539 5 131 197
540 6 131 197
541 6 131 197
542 6 131 197
543 6 131 197
544 6 131 197
545 6 131 197
546 6 131 197
547 6 131 197
548 6 131 197
549 7 131 197
550 7 131 197
551 7 131 197
552 7 131 197
553 8 131 197
554 9 131 197
555 9 131 197
556 9 131 198
557 9 131 198
558 9 131 198
559 10 131 198
560 10 131 198
561 10 131 198
562 10 131 198
563 8 132 199
564 8 132 199
565 8 132 199
566 8 132 199
567 8 132 199
568 9 132 199
569 9 132 199
570 9 132 199
571 9 132 199
572 8 133 199
573 8 133 199
574 8 133 199
575 8 133 199
576 7 133 200
577 7 133 200
578 7 133 200
579 7 133 200
580 8 133 200
581 8 133 200
582 8 133 200
583 8 133 200
584 7 133 201
585 7 133 201
586 8 133 201
587 8 133 201
588 7 133 202
589 7 133 202
590 7 133 202
591 8 133 202
592 8 133 202
593 8 133 202
594 8 133 202
595 8 133 202
596 8 133 202
597 8 133 202
598 8 133 202
599 8 133 202
600 8 133 202
601 8 133 202
602 8 133 202
603 7 133 203
604 7 133 203
605 7 133 203
606 7 133 203
607 6 133 204
608 6 133 204
609 6 133 204
610 5 134 204
611 4 135 204
612 2 136 205
613 2 136 205
614 2 136 205
615 2 136 205
616 2 136 205
617 2 136 205
618 2 136 205
619 1 136 206
620 1 136 206
621 1 136 206
622 1 136 206
623 1 136 206
624 1 136 206
625 1 136 206
626 1 136 206
627 1 136 206
628 1 136 206
629 1 136 206
630 1 136 206
631 1 136 206
632 1 136 206
633 1 136 206
634 1 136 206
635 1 136 206
636 0 136 207
