0 50 0 0
1 50 1 1
2 50 1 2
3 50 2 3
4 46 5 5
5 44 6 6
6 44 6 6
7 43 7 6
8 42 7 7
9 41 8 8
10 42 8 9
11 42 8 10
12 40 9 11
13 38 9 13
14 38 9 13
15 38 9 13
16 38 9 13
17 39 9 13
18 37 10 14
19 39 10 14
20 38 10 16
21 38 10 16
22 39 10 16
23 38 11 16
24 41 11 16
25 40 11 17
26 42 11 17
27 42 12 17
28 40 13 18
29 43 13 18
30 44 13 18
31 45 13 18
32 46 13 20
33 48 13 21
34 47 14 22
35 48 14 22
36 47 14 24
37 48 14 24
38 51 14 25
39 50 15 27
40 51 15 27
41 49 16 28
42 48 17 29
43 50 17 30
44 49 18 32
45 50 18 32
46 50 18 34
47 51 18 35
48 51 18 35
49 52 18 36
50 52 18 37
51 54 18 38
52 52 19 39
53 51 19 40
54 51 19 40
55 51 19 40
56 51 19 40
57 52 19 40
58 52 19 42
59 58 19 42
60 58 19 42
61 57 19 44
62 57 19 44
63 58 19 44
64 57 19 46
65 55 19 49
66 55 20 49
67 55 20 49
68 54 20 50
69 53 21 51
70 53 21 52
71 51 22 54
72 51 23 54
73 51 23 54
74 53 23 54
75 53 23 54
76 53 23 55
77 53 23 55
78 54 23 55
79 52 25 56
80 50 27 56
81 50 27 56
82 52 27 56
83 50 28 57
84 53 28 58
85 55 28 58
86 56 28 61
87 57 28 62
88 58 28 62
89 57 28 63
90 56 29 64
91 58 29 64
92 57 30 64
93 57 30 65
94 58 31 65
95 60 31 65
96 62 31 65
97 63 32 66
98 58 34 69
99 58 35 70
100 56 35 73
101 56 35 74
102 53 36 76
103 54 36 76
104 55 36 76
105 53 36 78
106 55 36 78
107 54 38 78
108 52 38 82
109 51 39 82
110 50 40 82
111 48 41 83
112 48 41 84
113 48 41 85
114 46 43 85
115 46 43 86
116 45 43 88
117 44 43 89
118 44 43 91
119 44 43 92
120 45 43 92
121 45 44 92
122 48 44 93
123 48 44 93
124 48 44 93
125 49 44 94
126 47 44 96
127 44 46 97
128 45 46 97
129 44 47 97
130 43 48 97
131 43 48 97
132 44 48 97
133 43 48 98
134 44 48 99
135 44 48 99
136 45 48 100
137 47 48 100
138 46 48 101
139 47 48 102
140 46 50 102
141 47 50 102
142 48 50 102
143 46 50 104
144 46 50 104
145 47 50 105
146 47 50 106
147 46 50 107
148 45 50 108
149 45 51 109
150 42 53 110
151 43 53 110
152 40 53 113
153 40 53 113
154 41 53 113
155 41 53 113
156 41 54 113
157 42 54 113
158 41 55 113
159 38 57 114
160 36 58 115
161 35 58 116
162 34 58 117
163 35 58 118
164 34 60 118
165 35 60 118
166 36 60 118
167 36 60 119
168 36 60 119
169 38 60 119
170 37 61 119
171 37 61 119
172 37 61 119
173 40 61 119
174 41 61 119
175 41 61 120
176 41 61 121
177 41 62 121
178 42 62 121
179 43 62 122
180 42 62 123
181 40 64 123
182 41 65 123
183 40 65 125
184 38 65 127
185 37 65 128
186 37 66 128
187 36 68 128
188 36 68 129
189 36 68 129
190 36 68 129
191 35 70 129
192 35 70 129
193 33 71 130
194 32 71 131
195 32 71 132
196 32 72 132
197 31 72 133
198 33 72 133
199 34 72 133
200 33 72 134
201 33 72 135
202 34 72 135
203 34 72 135
204 33 73 136
205 34 73 136
206 34 73 136
207 35 73 136
208 35 73 137
209 35 73 137
210 34 73 138
211 35 73 138
212 35 73 139
213 35 73 139
214 39 73 139
215 38 73 140
216 36 73 142
217 36 73 142
218 36 73 143
219 37 73 143
220 35 74 144
221 34 74 146
222 34 75 146
223 36 76 146
224 35 77 146
225 36 77 146
226 36 77 147
227 36 78 147
228 38 79 147
229 39 79 147
230 37 80 148
231 37 80 149
232 36 80 150
233 36 80 150
234 36 80 152
235 37 80 153
236 37 80 154
237 37 80 155
238 36 80 156
239 35 80 157
240 36 80 157
241 38 80 157
242 38 82 157
243 40 82 157
244 41 82 157
245 42 82 157
246 42 82 157
247 43 82 158
248 46 82 158
249 45 83 160
250 45 83 161
251 45 83 161
252 46 83 161
253 47 83 161
254 49 83 161
255 51 83 161
256 48 84 163
257 45 84 166
258 45 84 166
259 44 84 169
260 44 84 171
261 44 84 171
262 44 85 171
263 44 86 171
264 44 87 171
265 45 87 171
266 45 87 172
267 44 87 174
268 44 87 174
269 46 87 174
270 46 87 174
271 46 87 174
272 47 87 174
273 47 87 175
274 47 87 175
275 47 87 175
276 47 88 175
277 47 89 175
278 49 89 175
279 48 90 176
280 47 91 177
281 49 91 177
282 47 92 179
283 47 92 179
284 46 93 181
285 47 94 181
286 49 94 181
287 48 95 182
288 47 96 183
289 46 96 184
290 44 97 185
291 44 97 185
292 45 97 185
293 43 97 187
294 44 97 187
295 44 98 187
296 44 98 187
297 43 98 188
298 41 99 189
299 39 100 191
300 37 101 193
301 36 102 194
302 36 102 194
303 38 102 194
304 40 102 195
305 40 103 196
306 38 105 197
307 39 106 197
308 39 107 197
309 39 107 197
310 39 108 197
311 39 108 198
312 40 108 199
313 40 108 200
314 42 108 202
315 42 109 202
316 40 110 204
317 41 110 204
318 41 110 204
319 43 110 204
320 46 110 204
321 44 110 206
322 45 110 206
323 44 111 206
324 45 111 207
325 43 112 208
326 43 112 208
327 43 112 208
328 44 112 208
329 43 112 210
330 43 113 210
331 42 113 211
332 41 113 212
333 41 113 212
334 42 113 212
335 44 113 212
336 43 115 212
337 41 116 214
338 42 116 215
339 41 118 215
340 39 119 216
341 39 119 216
342 40 119 217
343 40 119 217
344 39 120 219
345 38 120 220
346 37 121 221
347 31 124 224
348 31 125 224
349 29 126 225
350 29 126 226
351 29 126 226
352 30 126 226
353 29 126 228
354 28 126 229
355 27 127 229
356 26 127 230
357 24 129 230
358 24 129 230
359 25 129 230
360 25 129 230
361 24 129 231
362 25 129 231
363 24 130 231
364 22 132 232
365 22 132 232
366 21 132 233
367 20 132 234
368 20 132 234
369 19 132 235
370 20 132 235
371 21 132 235
372 21 132 235
373 21 132 235
374 21 132 235
375 22 132 235
376 22 132 235
377 22 132 236
378 24 132 236
379 24 132 236
380 24 132 236
381 24 132 236
382 23 133 236
383 24 133 236
384 23 135 236
385 23 135 237
386 23 135 237
387 22 135 238
388 22 135 238
389 22 135 238
390 23 136 238
391 25 136 238
392 24 136 239
393 24 136 239
394 24 136 239
395 23 136 240
396 22 136 241
397 20 136 243
398 20 136 243
399 19 136 244
400 21 136 244
401 23 136 244
402 22 136 245
403 21 137 245
404 21 137 246
405 20 137 247
406 20 138 247
407 20 138 248
408 20 138 248
409 18 140 248
410 19 140 248
411 19 140 248
412 20 140 248
413 19 140 249
414 19 140 249
415 19 140 249
416 19 141 249
417 21 141 249
418 20 141 250
419 22 141 250
420 21 141 251
421 21 141 251
422 22 141 251
423 22 141 251
424 23 141 251
425 22 141 252
426 22 141 252
427 21 141 253
428 21 141 253
429 23 141 254
430 21 143 254
431 20 143 255
432 19 143 256
433 19 143 256
434 20 143 256
435 19 144 256
436 18 145 256
437 17 145 257
438 18 145 257
439 18 145 257
440 19 145 257
441 17 145 259
442 15 147 259
443 15 147 259
444 15 147 259
445 14 147 260
446 13 147 261
447 13 147 261
448 12 147 262
449 12 147 263
450 13 147 263
451 13 147 263
452 13 147 263
453 13 147 263
454 12 148 263
455 12 148 263
456 12 148 263
457 12 148 264
458 13 148 264
459 13 148 264
460 13 148 264
461 13 148 264
462 13 148 264
463 13 148 264
464 14 148 264
465 14 148 264
466 15 148 264
467 14 148 265
468 15 148 265
469 15 148 265
470 17 148 265
471 18 148 265
472 18 148 265
473 17 148 267
474 17 148 267
475 16 148 268
476 14 150 268
477 15 150 268
478 15 150 268
479 15 150 268
480 15 150 268
481 15 150 269
482 15 150 269
483 15 150 269
484 14 150 270
485 14 150 270
486 16 150 270
487 17 150 271
488 17 150 271
489 16 150 272
490 16 150 272
491 16 150 272
492 16 150 272
493 16 150 272
494 14 150 274
495 13 150 275
496 14 150 275
497 13 150 276
498 13 150 276
499 13 150 276
500 13 150 276
501 13 150 276
502 13 150 276
503 13 150 276
504 13 150 276
505 13 150 276
506 13 150 276
507 13 150 276
508 13 150 276
509 13 150 276
510 11 150 278
511 12 150 278
512 11 150 279
513 10 150 280
514 10 150 280
515 10 151 280
516 10 151 281
517 10 151 281
518 11 151 281
519 11 151 281
520 11 151 281
521 11 151 281
522 12 151 281
523 12 151 281
524 12 151 281
525 13 151 281
526 14 151 281
527 14 151 281
528 14 151 281
529 15 151 281
530 14 152 282
531 13 153 282
532 13 154 282
533 11 156 282
534 11 156 282
535 11 156 282
536 11 156 282
537 11 156 282
538 11 156 282
539 11 156 282
540 11 156 282
541 12 156 282
542 12 156 282
543 12 156 282
544 11 157 282
545 11 157 282
546 13 157 282
547 15 157 282
548 15 157 282
549 16 157 282
550 16 157 282
551 17 157 282
552 17 157 282
553 17 157 282
554 15 157 284
555 16 157 284
556 16 157 284
557 17 157 284
558 19 157 284
559 19 157 285
560 19 157 286
561 19 157 286
562 19 157 286
563 19 157 286
564 19 157 286
565 20 157 286
566 20 157 286
567 21 157 287
568 21 157 287
569 22 157 287
570 22 157 287
571 22 157 287
572 22 157 287
573 23 157 287
574 22 157 288
575 22 157 288
576 21 157 289
577 20 158 289
578 20 158 289
579 19 158 290
580 19 158 290
581 19 159 290
582 19 159 290
583 17 160 291
584 16 161 291
585 16 161 291
586 16 161 291
587 16 161 291
588 17 161 291
589 16 161 292
590 16 161 292
591 17 161 292
592 17 161 292
593 16 162 292
594 15 163 292
595 16 163 292
596 16 163 292
597 17 163 292
598 18 163 292
599 19 163 292
600 18 163 293
601 18 163 293
602 16 163 295
603 15 164 295
604 14 164 296
605 14 164 296
606 14 164 296
607 14 164 296
608 17 164 296
609 17 164 297
610 17 164 297
611 18 164 297
612 18 165 297
613 16 166 298
614 15 166 299
615 15 166 299
616 15 167 299
617 16 167 299
618 16 167 299
619 15 167 300
620 15 167 300
621 15 167 300
622 14 168 300
623 14 168 300
624 13 168 301
625 13 168 301
626 11 169 302
627 10 169 303
628 10 169 303
629 10 170 303
630 10 171 303
631 10 171 303
632 9 172 303
633 8 172 304
634 7 172 305
635 7 172 305
636 8 172 305
637 8 173 305
638 8 173 305
639 7 174 305
640 7 174 305
641 7 174 305
642 7 174 305
643 7 174 305
644 7 174 305
645 6 175 305
646 6 175 305
647 6 175 305
648 6 175 305
649 6 175 305
650 6 175 305
651 6 175 305
652 6 175 305
653 6 175 305
654 5 176 305
655 5 176 305
656 5 176 305
657 4 176 306
658 4 176 306
659 4 176 306
660 4 176 306
661 4 176 306
662 4 176 306
663 4 176 306
664 5 176 306
665 5 176 306
666 5 176 306
667 6 176 306
668 6 176 306
669 6 176 306
670 6 176 306
671 6 176 306
672 6 176 306
673 6 176 306
674 6 176 306
675 6 176 306
676 6 176 306
677 7 176 306
678 7 176 306
679 7 176 306
680 7 176 306
681 7 176 306
682 7 176 306
683 7 176 306
684 7 176 306
685 7 176 306
686 7 176 306
687 7 176 306
688 6 176 307
689 5 176 308
690 5 176 308
691 4 176 309
692 4 176 309
693 4 176 309
694 4 176 309
695 4 176 309
696 4 176 309
697 3 177 309
698 3 177 309
699 3 177 309
700 3 177 309
701 3 177 309
702 3 177 309
703 2 177 310
704 1 177 311
705 1 177 311
706 1 177 311
707 1 177 311
708 1 177 311
709 1 177 311
710 1 177 311
711 1 177 311
712 1 177 311
713 1 177 311
714 1 177 311
715 1 177 311
716 1 177 311
717 1 177 311
718 2 177 311
719 2 177 311
720 2 177 311
721 2 177 311
722 1 177 312
723 1 177 312
724 1 177 312
725 1 177 312
726 1 177 312
727 1 177 312
728 1 177 312
729 1 177 312
730 1 177 312
731 1 177 312
732 1 177 312
733 1 177 312
734 1 177 312
735 1 177 312
736 1 177 312
737 0 178 312
