0 50 0 0
1 47 4 0
2 44 6 1
3 44 7 1
4 41 8 3
5 45 9 3
6 45 10 3
7 47 10 3
8 45 12 3
9 44 13 3
10 44 14 4
11 45 14 4
12 47 14 4
13 47 15 5
14 48 15 5
15 46 15 7
16 45 16 7
17 46 16 7
18 43 16 10
19 43 17 10
20 42 18 10
21 41 19 11
22 40 20 11
23 40 20 11
24 40 20 11
25 41 20 11
26 41 20 11
27 41 20 11
28 41 21 11
29 42 21 11
30 41 21 12
31 41 21 12
32 41 21 13
33 42 21 13
34 41 21 15
35 42 21 15
36 42 22 16
37 43 22 16
38 44 22 16
39 45 22 16
40 44 22 17
41 43 23 17
42 43 23 17
43 43 23 17
44 42 23 18
45 44 23 18
46 43 24 18
47 42 24 19
48 42 25 19
49 42 26 20
50 44 26 20
51 47 26 20
52 46 26 21
53 46 26 22
54 50 26 22
55 49 27 22
56 49 27 22
57 49 27 22
58 47 27 24
59 49 27 24
60 50 27 26
61 50 27 27
62 50 27 28
63 52 27 28
64 51 28 29
65 53 28 30
66 52 28 31
67 51 29 32
68 50 29 33
69 51 29 35
70 50 29 36
71 49 29 38
72 49 29 39
73 50 29 39
74 48 30 40
75 49 30 41
76 49 30 41
77 49 30 43
78 49 30 43
79 50 30 43
80 47 30 46
81 48 30 47
82 47 30 48
83 49 30 48
84 49 30 49
85 49 30 50
86 50 30 51
87 49 30 52
88 49 30 53
89 50 30 53
90 51 30 54
91 51 30 55
92 50 30 57
93 51 30 57
94 51 30 57
95 51 30 58
96 50 30 60
97 50 30 61
98 54 30 62
99 54 30 62
100 55 30 63
101 55 31 63
102 56 31 63
103 57 32 63
104 56 32 65
105 60 32 65
106 57 35 66
107 54 36 68
108 53 36 69
109 54 36 69
110 53 36 72
111 51 37 75
112 51 37 76
113 51 38 76
114 52 38 76
115 52 38 76
116 53 38 78
117 54 38 80
118 54 38 80
119 51 39 82
120 52 39 82
121 51 40 82
122 52 40 82
123 52 40 83
124 53 40 83
125 56 40 83
126 57 40 84
127 57 41 85
128 57 41 85
129 57 41 85
130 59 41 85
131 60 42 85
132 61 42 85
133 60 42 87
134 60 44 87
135 59 44 89
136 60 44 89
137 64 44 90
138 62 46 91
139 64 46 92
140 64 46 92
141 64 47 93
142 62 47 97
143 58 49 99
144 61 50 99
145 62 51 100
146 63 52 100
147 63 52 101
148 64 52 102
149 67 52 102
150 71 52 102
151 70 52 103
152 72 53 103
153 72 54 105
154 72 54 107
155 73 55 108
156 76 56 108
157 75 58 108
158 74 58 110
159 72 59 111
160 75 59 111
161 75 60 112
162 74 60 114
163 75 60 115
164 75 60 115
165 74 60 117
166 71 61 119
167 71 61 120
168 71 61 120
169 71 61 120
170 72 63 120
171 76 63 120
172 81 63 120
173 78 65 121
174 80 65 122
175 77 67 125
176 77 68 125
177 78 69 127
178 78 69 128
179 74 70 131
180 75 71 131
181 76 71 131
182 78 73 132
183 81 73 133
184 80 73 135
185 82 73 136
186 81 74 137
187 82 75 137
188 83 76 138
189 81 78 140
190 81 78 140
191 82 79 142
192 82 80 143
193 80 81 144
194 80 81 146
195 80 83 146
196 80 85 146
197 82 85 146
198 79 86 151
199 79 86 151
200 79 86 151
201 80 87 151
202 79 87 152
203 75 89 155
204 74 90 157
205 74 91 158
206 76 91 158
207 73 94 159
208 76 94 160
209 74 94 162
210 75 94 163
211 75 95 164
212 76 96 164
213 78 96 164
214 78 97 165
215 76 99 165
216 77 99 165
217 78 100 165
218 75 101 167
219 77 102 170
220 79 102 171
221 79 102 171
222 83 102 171
223 80 104 174
224 80 104 175
225 80 104 176
226 78 104 179
227 77 104 181
228 75 104 183
229 74 105 184
230 72 105 186
231 70 106 188
232 66 108 191
233 68 109 191
234 70 110 193
235 72 111 193
236 69 112 195
237 74 112 195
238 75 112 196
239 73 112 198
240 73 112 199
241 72 112 201
242 74 112 201
243 73 112 202
244 72 113 202
245 68 115 205
246 66 116 206
247 65 117 207
248 68 118 207
249 65 119 209
250 64 120 209
251 65 120 209
252 65 121 211
253 66 122 211
254 62 123 214
255 62 123 216
256 60 123 218
257 58 123 220
258 59 124 221
259 59 124 223
260 60 124 223
261 60 125 223
262 59 125 225
263 58 125 226
264 57 126 226
265 59 126 226
266 61 126 227
267 63 126 227
268 62 126 228
269 65 126 229
270 67 126 229
271 69 127 229
272 69 127 230
273 68 127 232
274 68 127 233
275 70 127 233
276 69 127 235
277 69 128 235
278 67 129 236
279 66 130 238
280 64 130 240
281 65 131 240
282 65 131 240
283 65 132 240
284 65 132 243
285 65 132 243
286 67 133 244
287 65 134 246
288 63 135 247
289 61 136 248
290 63 136 248
291 63 136 249
292 60 138 250
293 60 139 251
294 59 139 252
295 61 140 252
296 58 142 254
297 60 142 255
298 61 142 256
299 60 144 257
300 59 145 258
301 59 145 258
302 56 145 261
303 56 146 261
304 58 146 261
305 57 146 262
306 58 146 262
307 60 146 262
308 62 147 262
309 62 147 263
310 62 147 264
311 60 148 266
312 60 149 267
313 61 149 268
314 62 149 269
315 59 150 272
316 61 150 272
317 60 150 275
318 58 151 276
319 58 151 276
320 59 151 276
321 58 151 277
322 60 151 277
323 58 151 279
324 60 152 279
325 55 153 283
326 55 153 283
327 52 155 285
328 52 155 285
329 51 155 286
330 52 155 286
331 53 155 286
332 53 155 287
333 53 157 289
334 51 159 290
335 54 159 290
336 53 160 293
337 52 161 294
338 53 161 295
339 49 163 297
340 46 167 297
341 45 168 298
342 45 170 298
343 45 171 298
344 45 173 298
345 45 174 298
346 44 174 300
347 45 174 300
348 45 174 301
349 47 176 301
350 46 177 303
351 43 179 304
352 43 180 304
353 43 182 304
354 44 182 304
355 42 183 306
356 42 183 307
357 42 183 308
358 42 183 309
359 39 183 312
360 41 183 312
361 41 184 312
362 38 186 314
363 37 186 315
364 37 186 315
365 36 187 315
366 37 187 316
367 38 187 316
368 38 187 316
369 37 187 317
370 37 188 317
371 37 188 318
372 39 188 318
373 39 188 318
374 39 188 318
375 38 188 320
376 38 188 320
377 38 188 320
378 38 189 320
379 38 189 320
380 37 189 321
381 36 190 322
382 36 190 322
383 37 191 322
384 37 191 323
385 38 191 323
386 39 191 323
387 39 192 324
388 37 193 325
389 38 193 325
390 40 194 325
391 39 194 326
392 39 194 326
393 40 194 327
394 38 195 328
395 38 195 329
396 37 196 329
397 37 196 331
398 39 196 331
399 40 196 332
400 41 196 332
401 43 196 332
402 46 196 332
403 42 197 335
404 41 197 336
405 40 197 337
406 41 197 337
407 42 197 337
408 42 197 338
409 42 197 339
410 43 197 339
411 42 197 340
412 41 197 341
413 41 198 341
414 40 198 342
415 37 200 344
416 37 200 344
417 37 200 345
418 36 200 346
419 35 200 347
420 35 200 347
421 35 201 347
422 34 202 348
423 34 202 348
424 33 202 349
425 31 203 350
426 30 204 350
427 31 205 350
428 30 206 350
429 29 207 350
430 24 208 354
431 23 209 354
432 21 209 357
433 21 211 357
434 22 211 357
435 23 211 357
436 23 211 357
437 23 211 357
438 21 211 359
439 22 211 359
440 22 211 359
441 23 211 360
442 25 211 360
443 24 212 360
444 24 212 360
445 23 212 361
446 22 212 362
447 22 212 362
448 22 212 362
449 22 212 362
450 21 212 363
451 21 212 363
452 22 212 363
453 23 212 363
454 22 213 363
455 22 213 363
456 21 214 363
457 20 215 363
458 19 215 365
459 17 216 366
460 17 216 366
461 18 216 366
462 20 216 366
463 18 216 368
464 17 216 369
465 18 216 369
466 17 217 369
467 17 217 369
468 18 217 369
469 17 219 369
470 17 219 370
471 17 219 370
472 17 219 370
473 17 219 370
474 18 219 370
475 19 220 370
476 18 220 371
477 18 220 371
478 21 220 371
479 21 220 371
480 20 220 372
481 21 220 372
482 22 220 372
483 22 221 372
484 23 221 372
485 23 221 372
486 23 221 372
487 23 221 372
488 24 221 372
489 25 221 372
490 28 221 372
491 28 221 372
492 28 221 372
493 28 222 372
494 29 222 372
495 29 222 373
496 29 223 373
497 29 223 373
498 29 224 373
499 28 225 373
500 29 225 373
501 29 225 374
502 28 225 375
503 27 225 376
504 27 225 376
505 26 226 377
506 25 226 378
507 25 226 379
508 27 226 379
509 28 226 379
510 28 226 379
511 27 227 379
512 27 227 379
513 29 227 379
514 27 228 380
515 27 228 380
516 24 230 381
517 26 230 382
518 26 230 382
519 25 231 382
520 24 231 383
521 24 231 383
522 25 231 383
523 25 231 383
524 26 231 383
525 26 231 383
526 27 231 383
527 28 231 383
528 26 233 383
529 26 234 383
530 25 234 385
531 24 234 387
532 23 234 388
533 23 234 388
534 21 236 388
535 22 236 388
536 22 236 388
537 23 236 388
538 23 236 388
539 23 236 388
540 22 236 389
541 22 236 389
542 23 236 389
543 23 236 390
544 22 236 391
545 23 236 391
546 23 236 391
547 24 236 391
548 25 236 392
549 25 236 392
550 25 236 392
551 25 236 392
552 26 236 392
553 26 236 392
554 26 236 392
555 26 236 392
556 25 237 392
557 26 237 392
558 25 238 392
559 27 238 392
560 26 238 393
561 26 238 394
562 26 239 394
563 27 239 394
564 27 240 394
565 27 240 394
566 28 240 394
567 29 240 394
568 30 240 394
569 30 241 394
570 29 241 395
571 30 241 395
572 31 241 395
573 30 242 395
574 29 242 396
575 29 242 397
576 29 242 397
577 30 242 397
578 31 242 397
579 31 242 397
580 30 242 399
581 30 242 400
582 30 242 400
583 30 242 400
584 31 242 400
585 30 243 400
586 30 243 400
587 28 243 402
588 29 243 402
589 28 244 402
590 28 245 402
591 28 246 402
592 29 246 402
593 29 246 402
594 28 246 403
595 29 246 403
596 31 246 403
597 30 246 404
598 31 246 404
599 32 246 404
600 33 246 404
601 32 246 405
602 32 246 405
603 32 246 406
604 33 246 406
605 32 246 407
606 31 247 407
607 32 247 407
608 33 247 407
609 32 248 408
610 31 249 408
611 31 249 408
612 30 249 409
613 30 249 409
614 30 249 409
615 30 250 409
616 30 250 409
617 30 250 409
618 30 251 409
619 25 254 411
620 25 255 411
621 27 255 411
622 27 255 411
623 27 255 411
624 28 255 411
625 27 256 411
626 28 257 411
627 29 257 411
628 29 257 411
629 29 257 411
630 30 257 411
631 30 257 411
632 30 257 411
633 29 257 412
634 31 257 412
635 32 257 412
636 32 257 413
637 32 257 414
638 32 257 414
639 29 257 417
640 30 257 417
641 30 257 418
642 30 257 418
643 29 257 419
644 29 257 419
645 27 258 420
646 27 259 420
647 28 259 420
648 29 259 420
649 29 259 420
650 29 259 420
651 29 259 420
652 30 259 421
653 31 259 421
654 30 259 422
655 29 259 423
656 29 259 423
657 27 260 424
658 27 260 424
659 28 260 425
660 29 260 425
661 28 260 426
662 27 261 426
663 26 261 427
664 26 261 428
665 25 261 429
666 25 261 429
667 26 261 429
668 27 261 429
669 27 261 430
670 28 262 431
671 28 262 432
672 28 263 432
673 30 263 432
674 30 263 433
675 31 263 433
676 31 263 435
677 31 263 435
678 31 263 435
679 30 264 436
680 31 264 436
681 30 264 437
682 29 264 438
683 29 264 439
684 29 264 439
685 29 264 439
686 29 264 439
687 29 264 439
688 28 264 440
689 26 265 441
690 24 266 442
691 24 266 442
692 21 266 445
693 21 266 445
694 19 268 445
695 18 269 445
696 18 269 445
697 18 269 445
698 18 269 445
699 18 269 445
700 19 269 445
701 19 269 445
702 19 269 446
703 20 269 446
704 20 269 446
705 21 269 446
706 21 269 447
707 19 270 449
708 18 271 449
709 17 271 450
710 17 271 450
711 17 271 450
712 18 271 450
713 19 271 450
714 19 271 450
715 18 271 451
716 18 271 451
717 17 271 452
718 18 271 452
719 18 272 452
720 17 272 453
721 17 272 453
722 17 272 453
723 17 272 453
724 17 272 453
725 17 272 453
726 16 272 454
727 17 272 454
728 16 272 455
729 15 273 456
730 14 274 456
731 15 274 456
732 15 274 456
733 15 274 456
734 15 274 456
735 14 274 457
736 13 274 458
737 13 274 458
738 13 274 458
739 13 274 458
740 15 274 458
741 15 274 458
742 16 274 459
743 16 274 459
744 15 274 460
745 16 274 460
746 14 275 461
747 13 276 461
748 13 276 461
749 14 276 461
750 13 277 461
751 13 277 461
752 13 277 461
753 15 277 461
754 15 277 462
755 16 277 462
756 17 277 462
757 16 277 463
758 16 277 463
759 16 277 463
760 17 277 463
761 19 277 463
762 19 277 463
763 19 277 463
764 17 278 464
765 17 278 464
766 17 278 465
767 18 278 465
768 18 278 465
769 19 278 465
770 19 278 465
771 17 280 465
772 17 280 465
773 17 280 465
774 17 280 465
775 18 280 465
776 18 280 465
777 17 281 465
778 17 281 465
779 17 281 466
780 17 281 466
781 16 281 467
782 15 281 468
783 15 281 468
784 15 281 468
785 15 281 468
786 14 282 468
787 13 282 469
788 13 282 469
789 13 282 469
790 13 282 469
791 13 282 469
792 13 283 469
793 13 283 469
794 13 283 469
795 13 283 469
796 12 283 470
797 12 283 470
798 12 283 470
799 12 283 470
800 12 283 470
801 11 284 470
802 10 285 470
803 9 286 470
804 9 286 470
805 9 286 470
806 9 286 470
807 9 286 470
808 9 286 470
809 9 286 470
810 9 286 470
811 11 286 470
812 9 286 472
813 9 286 472
814 9 286 472
815 9 287 472
816 9 287 472
817 9 287 472
818 9 287 472
819 10 287 472
820 10 287 472
821 10 287 472
822 10 287 472
823 10 287 472
824 10 287 472
825 10 287 472
826 9 287 473
827 9 287 473
828 8 287 474
829 8 287 474
830 8 287 474
831 8 287 474
832 8 287 474
833 8 287 474
834 8 287 474
835 8 287 474
836 8 287 474
837 8 287 474
838 8 287 474
839 8 287 474
840 8 287 474
841 8 287 474
842 8 287 474
843 8 288 474
844 8 288 474
845 8 288 475
846 8 288 475
847 8 288 475
848 8 288 476
849 8 288 476
850 7 289 476
851 7 289 476
852 7 289 476
853 8 289 476
854 8 289 476
855 9 289 476
856 8 289 477
857 8 289 477
858 8 289 477
859 8 289 477
860 8 289 477
861 8 289 477
862 8 289 477
863 8 289 477
864 8 289 477
865 8 289 477
866 8 289 477
867 8 289 477
868 8 289 477
869 8 289 477
870 8 289 477
871 8 289 477
872 9 289 477
873 9 289 477
874 10 289 477
875 11 289 477
876 12 289 477
877 12 289 477
878 13 289 477
879 15 289 477
880 16 289 477
881 15 289 478
882 14 289 479
883 15 289 479
884 16 289 479
885 15 289 480
886 16 289 480
887 16 290 480
888 17 290 480
889 17 291 480
890 17 291 481
891 16 291 482
892 18 291 482
893 16 293 482
894 16 293 482
895 17 293 482
896 18 293 482
897 18 293 482
898 17 293 483
899 18 293 483
900 18 293 483
901 18 293 483
902 17 294 483
903 17 294 483
904 17 294 483
905 17 294 483
906 20 294 483
907 20 294 483
908 19 295 483
909 19 295 483
910 19 295 483
911 19 295 483
912 18 296 483
913 18 296 483
914 17 296 484
915 17 296 485
916 18 296 485
917 19 296 485
918 20 296 485
919 19 296 486
920 19 296 486
921 19 297 486
922 20 299 486
923 20 299 486
924 20 299 486
925 19 300 486
926 19 300 486
927 19 300 486
928 21 300 486
929 22 300 486
930 22 300 486
931 18 301 489
932 17 301 490
933 17 301 490
934 16 301 491
935 15 301 492
936 16 301 492
937 16 301 493
938 16 301 493
939 16 301 493
940 15 301 494
941 15 301 494
942 14 302 494
943 17 302 494
944 18 302 494
945 18 302 494
946 18 302 494
947 17 302 495
948 17 302 495
949 16 302 496
950 15 303 496
951 15 303 496
952 15 303 496
953 15 303 496
954 14 303 497
955 13 303 498
956 12 304 498
957 12 304 498
958 12 304 498
959 12 304 498
960 12 304 498
961 13 304 498
962 12 304 499
963 11 305 499
964 11 305 499
965 11 305 499
966 11 305 499
967 11 305 499
968 11 305 499
969 10 305 500
970 10 305 500
971 10 305 500
972 9 306 500
973 10 306 500
974 9 306 501
975 8 306 502
976 9 306 502
977 8 306 503
978 9 306 503
979 9 306 503
980 8 307 503
981 8 307 503
982 8 307 503
983 7 307 504
984 7 307 504
985 8 307 504
986 8 307 504
987 8 307 504
988 8 307 504
989 8 307 506
990 8 307 506
991 8 307 506
992 8 307 506
993 8 307 506
994 7 307 507
995 8 307 507
996 8 307 507
997 8 307 507
998 8 307 507
999 8 307 507
1000 8 307 507
1001 8 307 507
1002 8 307 507
1003 8 307 507
1004 9 307 507
1005 9 307 507
1006 9 307 507
1007 9 307 507
1008 8 308 507
1009 8 308 507
1010 7 309 507
1011 7 309 507
1012 7 309 507
1013 7 309 507
1014 7 309 507
1015 7 309 507
1016 7 309 507
1017 7 309 507
1018 8 309 507
1019 7 309 508
1020 7 309 508
1021 7 309 508
1022 7 309 508
1023 7 309 509
1024 6 309 510
1025 6 309 510
1026 6 309 510
1027 6 309 510
1028 6 309 510
1029 7 309 510
1030 7 309 510
1031 7 309 510
1032 7 309 510
1033 7 309 510
1034 7 309 510
1035 7 309 510
1036 7 309 510
1037 7 309 510
1038 7 309 510
1039 7 309 510
1040 7 309 510
1041 7 309 510
1042 7 309 510
1043 8 309 510
1044 8 309 510
1045 8 309 510
1046 8 309 510
1047 8 309 510
1048 8 309 510
1049 9 309 510
1050 8 309 511
1051 7 309 512
1052 7 309 512
1053 8 309 512
1054 8 309 512
1055 9 309 512
1056 8 309 513
1057 6 310 514
1058 7 310 514
1059 7 310 514
1060 7 310 514
1061 6 310 515
1062 5 311 515
1063 5 311 515
1064 5 311 515
1065 5 311 515
1066 5 311 515
1067 5 311 515
1068 5 311 515
1069 5 311 515
1070 4 312 515
1071 4 312 515
1072 4 312 515
1073 4 312 515
1074 4 312 515
1075 4 312 515
1076 4 312 515
1077 4 312 515
1078 4 312 515
1079 4 312 515
1080 4 312 515
1081 4 312 515
1082 4 312 515
1083 4 312 515
1084 4 312 515
1085 4 312 515
1086 4 312 515
1087 4 312 515
1088 4 312 515
1089 4 312 515
1090 4 312 515
1091 3 312 516
1092 3 312 516
1093 3 312 516
1094 3 312 516
1095 3 312 516
1096 4 312 516
1097 4 312 516
1098 5 312 516
1099 4 312 517
1100 2 314 517
1101 2 314 517
1102 2 314 517
1103 2 314 517
1104 2 314 517
1105 2 314 517
1106 2 314 517
1107 2 314 517
1108 2 314 517
1109 2 314 517
1110 2 314 517
1111 2 314 517
1112 2 314 517
1113 2 314 517
1114 2 314 517
1115 2 314 517
1116 2 314 517
1117 2 314 517
1118 2 314 517
1119 2 314 517
1120 2 314 517
1121 2 314 517
1122 2 314 517
1123 2 314 517
1124 2 314 517
1125 2 314 517
1126 2 314 517
1127 2 314 517
1128 2 314 517
1129 2 314 517
1130 2 314 517
1131 2 314 517
1132 2 314 517
1133 2 314 517
1134 2 314 517
1135 2 314 517
1136 2 314 517
1137 2 314 517
1138 2 314 517
1139 2 314 517
1140 2 314 517
1141 2 314 517
1142 2 314 517
1143 1 315 517
1144 1 315 517
1145 1 315 517
1146 1 315 517
1147 1 315 517
1148 1 315 517
1149 1 315 517
1150 1 315 517
1151 1 315 517
1152 1 315 517
1153 1 315 517
1154 1 315 517
1155 1 315 517
1156 1 315 517
1157 1 315 517
1158 1 315 517
1159 1 315 517
1160 1 315 517
1161 1 315 517
1162 1 315 517
1163 1 315 517
1164 1 315 517
1165 1 315 517
1166 1 315 517
1167 1 315 517
1168 1 315 517
1169 1 315 517
1170 1 315 517
1171 1 315 517
1172 1 315 517
1173 1 315 517
1174 1 315 517
1175 1 315 517
1176 1 315 517
1177 1 315 517
1178 1 315 517
1179 1 315 517
1180 1 315 517
1181 1 315 517
1182 1 315 517
1183 1 315 517
1184 1 315 517
1185 1 315 517
1186 0 315 518
