0 50 0 0
1 46 2 2
2 46 3 2
3 43 5 3
4 43 5 3
5 42 5 4
6 42 6 4
7 42 6 5
8 43 6 5
9 44 6 5
10 44 6 6
11 45 6 7
12 45 6 7
13 48 7 7
14 51 7 7
15 53 7 8
16 56 7 8
17 56 8 9
18 57 8 9
19 58 8 9
20 56 8 11
21 58 8 11
22 57 10 11
23 54 10 14
24 53 11 14
25 53 11 14
26 55 11 15
27 54 11 16
28 55 12 17
29 55 12 18
30 55 12 19
31 56 14 19
32 54 15 21
33 53 16 21
34 52 17 22
35 50 17 24
36 48 19 24
37 46 20 26
38 47 20 26
39 46 20 27
40 46 21 27
41 46 21 28
42 47 22 28
43 48 22 28
44 48 23 28
45 46 23 30
46 47 23 30
47 47 23 30
48 49 23 30
49 49 23 30
50 52 23 30
51 53 23 31
52 55 23 31
53 56 23 31
54 56 23 33
55 55 23 35
56 54 23 36
57 53 24 36
58 54 24 36
59 52 26 36
60 55 26 36
61 56 26 36
62 58 26 36
63 58 27 36
64 57 27 37
65 57 29 37
66 59 29 38
67 59 30 38
68 58 30 40
69 58 30 40
70 59 30 41
71 60 31 41
72 65 31 41
73 65 34 42
74 65 34 43
75 65 34 44
76 64 34 47
77 63 36 47
78 62 36 49
79 62 37 49
80 59 37 52
81 59 37 54
82 59 37 55
83 60 37 55
84 61 37 55
85 64 37 55
86 64 37 56
87 61 38 58
88 66 38 58
89 66 38 59
90 66 38 59
91 64 38 62
92 65 38 62
93 66 38 62
94 66 38 63
95 68 38 64
96 69 39 64
97 69 39 65
98 66 40 68
99 65 41 69
100 64 42 71
101 65 42 71
102 66 43 71
103 66 44 72
104 69 44 72
105 68 45 72
106 66 45 74
107 65 45 76
108 64 46 78
109 61 49 78
110 62 50 78
111 63 50 79
112 64 51 80
113 65 51 80
114 65 51 81
115 63 51 83
116 62 52 83
117 63 52 85
118 63 53 86
119 61 53 89
120 61 55 89
121 63 55 90
122 61 56 92
123 61 56 93
124 63 56 93
125 63 57 93
126 62 58 93
127 64 59 93
128 65 59 94
129 63 60 96
130 63 62 96
131 62 62 97
132 61 62 99
133 60 63 100
134 59 64 100
135 57 65 101
136 57 65 102
137 57 65 103
138 57 65 104
139 58 65 104
140 60 65 105
141 60 65 106
142 59 65 107
143 59 65 109
144 56 66 112
145 56 66 112
146 56 66 113
147 55 66 114
148 55 66 115
149 53 66 117
150 53 66 119
151 53 67 119
152 52 67 120
153 54 67 121
154 53 67 122
155 51 67 124
156 50 68 126
157 52 68 126
158 53 69 126
159 51 70 127
160 50 71 127
161 51 71 127
162 53 71 127
163 53 71 127
164 52 72 127
165 52 72 130
166 51 72 132
167 50 73 133
168 48 73 135
169 47 74 135
170 46 74 136
171 45 74 138
172 41 75 141
173 41 75 142
174 42 76 143
175 41 76 144
176 40 76 145
177 41 76 145
178 41 76 145
179 40 77 146
180 39 78 146
181 39 78 146
182 40 78 146
183 40 78 147
184 40 78 148
185 40 78 150
186 39 78 151
187 38 78 154
188 38 79 154
189 37 80 154
190 38 80 154
191 37 81 154
192 37 81 155
193 37 82 155
194 37 83 155
195 37 83 155
196 38 83 155
197 39 83 155
198 38 83 156
199 39 83 156
200 40 83 156
201 41 83 157
202 40 83 159
203 40 83 159
204 40 84 160
205 39 85 160
206 40 85 160
207 38 85 162
208 37 85 163
209 35 86 164
210 34 86 165
211 32 87 166
212 32 87 166
213 33 87 166
214 34 87 166
215 35 87 166
216 36 87 166
217 37 87 166
218 37 87 167
219 34 88 169
220 35 88 169
221 34 90 169
222 33 91 169
223 35 91 169
224 36 92 169
225 37 92 169
226 38 92 169
227 37 93 170
228 36 94 170
229 36 96 171
230 35 98 171
231 33 100 172
232 32 101 172
233 32 101 173
234 30 101 175
235 30 101 175
236 30 102 176
237 30 102 176
238 29 103 177
239 27 105 177
240 26 105 178
241 26 105 179
242 26 105 179
243 24 105 181
244 24 105 181
245 23 106 181
246 23 106 182
247 23 106 182
248 24 106 182
249 24 106 182
250 24 106 182
251 23 107 182
252 23 107 183
253 23 107 183
254 25 107 183
255 24 107 185
256 25 107 185
257 24 107 186
258 25 107 187
259 26 107 187
260 27 107 187
261 27 107 187
262 27 107 187
263 28 107 188
264 27 107 189
265 27 107 189
266 27 107 189
267 28 107 189
268 27 107 190
269 27 107 190
270 27 108 190
271 27 108 190
272 28 108 191
273 29 108 191
274 30 108 192
275 29 110 192
276 28 110 193
277 28 110 193
278 31 110 193
279 29 111 194
280 27 112 195
281 27 112 195
282 26 113 195
283 26 113 195
284 27 113 195
285 27 114 196
286 27 114 196
287 26 115 196
288 27 115 197
289 26 116 197
290 25 117 197
291 24 117 198
292 24 117 199
293 24 117 200
294 23 117 201
295 23 117 201
296 23 117 202
297 23 118 202
298 23 118 202
299 24 118 202
300 24 118 202
301 24 118 202
302 23 118 203
303 22 118 204
304 21 118 205
305 21 118 205
306 20 119 205
307 19 119 206
308 18 119 207
309 18 119 207
310 17 120 207
311 18 120 207
312 18 120 207
313 19 120 207
314 19 120 207
315 18 121 207
316 18 121 207
317 18 121 207
318 20 121 207
319 21 121 207
320 20 121 208
321 21 121 208
322 21 121 208
323 18 122 210
324 18 122 210
325 19 122 210
326 19 123 210
327 19 123 210
328 17 125 210
329 18 125 210
330 19 125 210
331 19 125 210
332 17 126 211
333 17 126 211
334 17 126 211
335 17 126 211
336 18 126 211
337 18 126 211
338 17 126 212
339 18 126 212
340 18 126 212
341 18 126 212
342 20 126 212
343 20 126 213
344 18 126 215
345 18 127 215
346 17 128 215
347 17 128 215
348 18 128 215
349 19 128 215
350 19 128 215
351 21 128 215
352 21 128 216
353 20 128 217
354 20 128 217
355 18 129 218
356 18 129 218
357 19 129 218
358 18 129 219
359 18 129 219
360 16 129 221
361 16 129 221
362 15 129 222
363 16 129 222
364 17 129 222
365 16 129 223
366 16 129 223
367 16 129 223
368 17 129 223
369 17 129 223
370 18 129 223
371 18 129 223
372 21 129 223
373 23 129 223
374 24 129 223
375 23 130 224
376 23 130 224
377 23 130 224
378 24 130 224
379 23 130 225
380 22 131 225
381 22 131 225
382 22 131 225
383 21 131 226
384 21 131 226
385 21 131 226
386 22 131 226
387 22 131 226
388 22 131 226
389 23 131 226
390 25 131 226
391 25 132 226
392 25 133 226
393 25 133 226
394 26 133 226
395 27 133 226
396 26 133 227
397 25 133 228
398 25 133 228
399 25 134 228
400 25 134 228
401 27 134 228
402 27 134 228
403 27 134 228
404 26 135 228
405 26 135 228
406 25 135 229
407 26 135 229
408 23 135 232
409 24 135 232
410 25 135 232
411 25 135 232
412 24 136 232
413 23 136 233
414 21 137 234
415 21 137 234
416 21 137 234
417 21 137 234
418 21 137 234
419 22 137 234
420 22 138 234
421 21 139 234
422 21 139 234
423 23 139 234
424 22 139 235
425 22 139 235
426 23 139 235
427 23 139 235
428 24 139 235
429 25 139 235
430 24 139 236
431 23 139 237
432 22 139 238
433 22 140 238
434 22 140 238
435 20 141 239
436 21 141 239
437 21 141 239
438 20 141 240
439 19 142 240
440 20 142 240
441 20 142 240
442 21 142 240
443 22 142 240
444 24 142 240
445 25 143 240
446 27 143 240
447 26 144 240
448 27 144 240
449 27 144 240
450 27 144 240
451 25 146 240
452 25 146 240
453 25 146 240
454 24 147 240
455 24 147 240
456 23 147 241
457 23 147 241
458 23 147 241
459 22 147 242
460 23 147 243
461 22 147 244
462 21 148 244
463 21 148 244
464 20 148 245
465 20 148 245
466 20 148 245
467 22 148 245
468 22 148 245
469 21 149 245
470 23 149 245
471 24 149 245
472 23 149 246
473 23 149 246
474 24 149 246
475 23 149 247
476 23 149 247
477 23 149 247
478 23 149 247
479 23 149 249
480 24 149 249
481 24 149 249
482 24 149 249
483 22 150 250
484 20 150 252
485 21 150 252
486 22 150 252
487 22 150 252
488 22 150 253
489 21 150 254
490 22 150 254
491 23 150 254
492 23 150 255
493 21 151 256
494 21 152 256
495 20 153 256
496 20 153 256
497 21 153 256
498 22 153 256
499 20 154 257
500 19 154 259
501 20 154 259
502 21 154 259
503 21 154 260
504 22 154 260
505 22 154 260
506 20 154 262
507 20 154 262
508 20 154 262
509 20 154 262
510 21 154 262
511 21 154 262
512 19 154 264
513 19 154 264
514 21 154 264
515 20 155 264
516 22 155 264
517 22 155 264
518 24 155 264
519 23 155 265
520 24 155 265
521 24 155 265
522 25 155 265
523 24 155 266
524 24 155 266
525 23 156 267
526 22 156 268
527 22 156 268
528 22 156 268
529 20 157 269
530 21 157 269
531 20 157 270
532 20 157 270
533 22 157 270
534 22 157 270
535 21 157 271
536 21 157 271
537 21 157 272
538 22 157 272
539 22 157 272
540 22 157 272
541 19 159 273
542 17 159 275
543 16 159 276
544 16 159 276
545 17 159 276
546 17 159 276
547 17 159 276
548 17 159 276
549 15 160 277
550 13 160 279
551 13 160 279
552 15 160 279
553 15 160 279
554 16 160 279
555 16 160 279
556 15 161 279
557 14 162 279
558 14 162 279
559 14 162 279
560 13 163 279
561 12 164 279
562 12 164 279
563 12 164 279
564 12 164 279
565 12 164 279
566 13 164 279
567 13 164 279
568 12 164 281
569 12 164 281
570 12 164 282
571 12 164 282
572 12 164 282
573 13 164 282
574 13 164 282
575 12 164 283
576 12 164 283
577 12 164 283
578 12 164 283
579 12 164 283
580 13 164 283
581 15 164 283
582 15 164 283
583 15 164 283
584 15 164 284
585 15 164 284
586 15 164 284
587 15 164 284
588 14 164 285
589 12 165 286
590 12 165 286
591 12 165 286
592 12 165 286
593 12 165 286
594 11 166 286
595 11 166 286
596 10 166 287
597 10 166 287
598 10 166 287
599 10 166 287
600 10 166 287
601 10 166 287
602 9 167 287
603 9 167 287
604 9 167 287
605 9 167 287
606 10 167 287
607 11 167 287
608 11 167 287
609 11 167 287
610 13 167 287
611 13 167 287
612 13 167 287
613 12 168 287
614 11 168 288
615 11 168 288
616 11 168 288
617 12 168 288
618 13 168 288
619 14 168 288
620 14 168 288
621 14 168 288
622 14 168 288
623 14 168 288
624 15 168 288
625 15 168 288
626 16 168 288
627 16 168 288
628 17 168 288
629 14 170 289
630 14 170 289
631 15 170 289
632 15 170 289
633 15 170 289
634 15 170 289
635 18 170 289
636 17 171 289
637 19 171 289
638 20 171 289
639 20 171 290
640 20 171 291
641 18 171 293
642 18 171 294
643 18 171 294
644 18 171 294
645 18 171 294
646 20 171 294
647 21 171 294
648 20 171 295
649 20 171 295
650 20 171 295
651 20 171 295
652 21 171 295
653 20 171 296
654 21 171 296
655 22 171 296
656 23 171 296
657 23 171 296
658 23 171 296
659 23 171 296
660 23 172 296
661 22 172 297
662 23 172 297
663 24 172 297
664 23 173 297
665 23 174 297
666 24 174 297
667 25 174 297
668 25 175 298
669 24 176 298
670 25 176 299
671 24 176 301
672 27 176 301
673 28 176 301
674 28 176 301
675 26 177 303
676 26 177 303
677 26 177 304
678 26 177 305
679 24 178 306
680 23 178 307
681 23 178 307
682 23 178 307
683 23 178 307
684 21 179 308
685 20 180 308
686 20 180 309
687 20 180 309
688 21 180 309
689 20 181 309
690 18 183 309
691 17 183 310
692 16 183 311
693 16 183 311
694 16 183 311
695 16 183 311
696 15 183 312
697 17 183 312
698 17 183 312
699 17 184 312
700 16 184 313
701 17 184 313
702 18 184 314
703 18 184 314
704 17 185 314
705 18 185 314
706 18 185 314
707 18 185 314
708 16 185 316
709 16 185 316
710 16 185 316
711 16 185 316
712 16 185 316
713 16 185 316
714 16 185 316
715 17 185 316
716 17 185 316
717 17 185 316
718 17 185 316
719 16 186 316
720 17 186 316
721 17 186 316
722 17 186 317
723 17 186 317
724 17 186 317
725 17 186 317
726 17 187 317
727 19 187 317
728 21 187 317
729 23 187 317
730 24 187 317
731 26 187 317
732 26 187 318
733 27 187 318
734 29 187 318
735 29 187 318
736 30 187 318
737 30 187 318
738 32 187 318
739 33 187 318
740 32 187 319
741 32 187 319
742 33 187 319
743 33 187 320
744 34 187 320
745 33 187 321
746 34 187 321
747 35 187 321
748 34 187 322
749 35 187 322
750 36 187 322
751 37 187 322
752 39 187 322
753 40 187 322
754 40 187 322
755 41 187 322
756 44 187 322
757 44 187 323
758 43 189 323
759 44 189 323
760 44 189 324
761 45 189 324
762 45 190 324
763 44 191 325
764 45 191 325
765 45 192 325
766 45 192 325
767 43 193 327
768 40 195 329
769 39 195 331
770 37 196 332
771 38 196 332
772 39 196 332
773 39 197 332
774 41 197 332
775 40 198 333
776 40 198 334
777 40 198 334
778 39 198 335
779 37 200 335
780 39 200 335
781 39 200 336
782 36 201 338
783 34 202 339
784 34 203 339
785 35 203 340
786 35 203 341
787 36 203 342
788 36 203 343
789 38 203 343
790 38 203 343
791 37 203 345
792 36 203 346
793 36 203 346
794 36 203 347
795 35 203 348
796 36 203 348
797 38 203 348
798 37 203 349
799 37 203 350
800 38 203 350
801 39 203 350
802 39 203 350
803 35 206 351
804 35 206 351
805 34 206 352
806 33 206 353
807 30 207 355
808 32 207 355
809 32 207 357
810 31 207 358
811 29 207 360
812 30 207 360
813 30 207 360
814 32 207 360
815 35 207 360
816 34 207 361
817 33 208 361
818 32 208 362
819 31 209 362
820 33 209 362
821 31 210 363
822 33 210 363
823 32 211 363
824 33 211 363
825 35 211 363
826 35 211 364
827 35 211 365
828 33 212 366
829 31 213 367
830 29 213 369
831 29 213 369
832 29 213 371
833 30 214 371
834 30 214 371
835 32 215 371
836 32 215 371
837 34 215 371
838 34 215 371
839 33 216 371
840 33 216 372
841 33 216 373
842 34 216 373
843 33 216 374
844 34 216 374
845 35 217 375
846 36 217 375
847 37 217 375
848 34 218 377
849 37 219 377
850 37 220 378
851 36 220 380
852 37 220 382
853 36 221 382
854 34 224 382
855 33 225 382
856 33 225 383
857 34 225 383
858 36 225 383
859 35 226 383
860 37 226 383
861 36 227 384
862 32 229 386
863 31 230 386
864 31 230 386
865 32 230 386
866 32 230 386
867 32 230 387
868 34 230 387
869 32 232 387
870 32 232 387
871 31 234 387
872 31 234 387
873 30 235 387
874 29 235 389
875 27 236 390
876 27 236 391
877 27 236 391
878 26 236 392
879 28 236 392
880 27 236 393
881 27 236 393
882 28 236 394
883 27 237 394
884 27 238 394
885 26 238 395
886 26 238 395
887 27 238 395
888 29 238 395
889 29 238 395
890 28 238 396
891 27 238 397
892 27 238 397
893 27 238 397
894 26 238 398
895 26 238 398
896 26 238 399
897 25 238 400
898 25 239 400
899 24 239 401
900 25 239 401
901 26 239 401
902 26 239 401
903 27 239 401
904 26 239 402
905 28 239 402
906 28 239 402
907 27 239 404
908 27 239 404
909 27 239 404
910 27 240 404
911 29 240 405
912 28 240 406
913 29 240 407
914 30 240 407
915 30 240 408
916 31 240 408
917 29 241 409
918 30 242 409
919 32 242 409
920 31 244 409
921 27 245 412
922 26 246 413
923 26 246 413
924 22 248 415
925 23 248 415
926 25 248 415
927 25 249 415
928 25 249 416
929 25 249 416
930 26 249 416
931 27 249 416
932 28 249 416
933 28 249 416
934 28 249 416
935 28 249 417
936 28 249 417
937 28 249 418
938 27 250 418
939 27 250 418
940 28 250 418
941 28 250 418
942 28 250 419
943 31 250 419
944 31 251 419
945 29 252 420
946 29 252 420
947 27 253 421
948 28 253 421
949 28 253 421
950 28 254 421
951 27 255 422
952 27 255 423
953 27 256 423
954 26 257 424
955 24 257 426
956 24 257 427
957 23 257 428
958 21 258 429
959 22 258 429
960 21 259 429
961 22 259 429
962 22 259 429
963 23 259 429
964 23 259 429
965 23 259 429
966 23 259 429
967 23 259 429
968 23 259 429
969 22 259 430
970 23 259 430
971 23 259 430
972 24 259 431
973 25 259 431
974 25 259 432
975 25 259 432
976 26 259 432
977 26 259 432
978 26 259 433
979 26 259 433
980 26 260 433
981 26 261 434
982 25 261 435
983 26 261 435
984 26 261 436
985 27 261 436
986 27 261 438
987 27 261 438
988 28 262 438
989 25 264 439
990 24 264 440
991 25 264 440
992 24 265 440
993 22 266 441
994 22 266 441
995 23 266 441
996 23 266 441
997 22 267 441
998 22 267 441
999 22 267 441
1000 21 269 441
1001 21 269 441
1002 23 269 441
1003 19 270 444
1004 19 270 444
1005 17 271 445
1006 18 271 445
1007 17 273 445
1008 17 273 445
1009 17 273 445
1010 17 273 445
1011 18 273 445
1012 17 274 445
1013 17 274 446
1014 19 274 446
1015 18 274 447
1016 18 274 447
1017 19 274 447
1018 19 274 447
1019 18 274 448
1020 18 274 449
1021 18 275 449
1022 18 275 449
1023 17 275 450
1024 18 275 450
1025 17 276 450
1026 17 276 450
1027 16 277 450
1028 15 277 451
1029 14 277 452
1030 14 277 452
1031 15 277 452
1032 16 277 452
1033 15 277 453
1034 13 277 456
1035 14 277 456
1036 14 277 456
1037 15 277 456
1038 15 277 456
1039 15 277 457
1040 15 277 457
1041 15 278 457
1042 14 279 457
1043 15 279 457
1044 15 279 457
1045 15 279 457
1046 14 280 457
1047 14 281 457
1048 15 281 457
1049 14 282 458
1050 14 282 458
1051 14 282 458
1052 14 282 458
1053 14 282 458
1054 14 282 458
1055 14 282 458
1056 13 283 458
1057 13 284 458
1058 13 284 458
1059 13 284 458
1060 13 284 458
1061 13 284 458
1062 13 284 458
1063 13 284 458
1064 12 285 458
1065 12 285 458
1066 13 285 458
1067 13 285 458
1068 14 285 458
1069 13 285 459
1070 13 285 459
1071 11 285 461
1072 11 285 461
1073 10 286 461
1074 10 286 461
1075 11 286 461
1076 11 286 461
1077 11 286 461
1078 11 286 461
1079 11 286 461
1080 11 287 461
1081 11 287 461
1082 11 287 461
1083 11 287 461
1084 13 287 461
1085 13 287 461
1086 13 287 461
1087 13 287 461
1088 12 288 461
1089 12 288 461
1090 12 288 461
1091 12 288 462
1092 12 288 462
1093 12 288 462
1094 12 288 463
1095 14 288 463
1096 13 288 464
1097 13 288 464
1098 11 288 466
1099 12 288 466
1100 12 288 466
1101 13 288 466
1102 12 289 466
1103 11 289 467
1104 11 289 467
1105 12 289 467
1106 11 290 467
1107 10 290 468
1108 10 290 468
1109 10 290 468
1110 10 290 468
1111 9 290 469
1112 9 290 469
1113 8 291 469
1114 8 291 469
1115 8 291 469
1116 6 291 471
1117 5 291 472
1118 5 291 472
1119 5 291 472
1120 5 291 472
1121 5 291 472
1122 5 291 472
1123 5 291 472
1124 4 291 473
1125 4 291 473
1126 4 291 473
1127 4 291 473
1128 4 291 473
1129 4 291 473
1130 3 292 473
1131 3 292 473
1132 3 292 473
1133 3 292 473
1134 3 292 473
1135 4 292 473
1136 4 292 473
1137 4 292 473
1138 4 292 473
1139 4 292 473
1140 3 293 473
1141 3 293 473
1142 2 293 474
1143 2 293 474
1144 2 293 474
1145 2 293 474
1146 2 293 474
1147 2 293 474
1148 1 293 475
1149 1 293 475
1150 1 293 475
1151 1 293 475
1152 1 293 475
1153 1 293 475
1154 1 293 475
1155 1 293 475
1156 1 293 475
1157 1 293 475
1158 2 293 475
1159 2 293 475
1160 2 293 475
1161 2 293 475
1162 1 293 476
1163 1 293 476
1164 1 293 476
1165 0 294 476
