0 50 0 0
1 50 0 1
2 50 0 1
3 51 0 1
4 49 1 3
5 49 2 3
6 51 2 3
7 51 3 4
8 52 3 4
9 52 3 5
10 51 3 6
11 49 3 8
12 50 3 8
13 48 4 9
14 50 4 10
15 51 4 10
16 49 4 12
17 49 4 12
18 48 4 13
19 48 4 13
20 50 4 13
21 49 5 13
22 51 5 14
23 50 5 15
24 50 5 16
25 50 7 16
26 50 8 16
27 49 8 17
28 49 8 18
29 49 8 18
30 49 8 18
31 47 8 20
32 48 8 20
33 48 8 20
34 48 8 21
35 47 8 22
36 46 9 23
37 47 9 23
38 50 9 24
39 50 9 24
40 48 12 24
41 50 12 25
42 49 13 26
43 46 14 28
44 45 14 29
45 44 14 30
46 42 15 31
47 44 15 31
48 45 15 32
49 43 16 34
50 41 17 35
51 42 17 35
52 40 18 36
53 41 18 36
54 40 19 36
55 40 19 36
56 41 19 36
57 41 19 36
58 41 19 37
59 41 19 37
60 39 20 39
61 36 21 41
62 34 21 43
63 32 21 45
64 32 21 45
65 31 21 47
66 35 21 48
67 34 21 49
68 36 21 50
69 36 21 51
70 37 21 51
71 37 21 52
72 38 21 52
73 39 21 53
74 43 21 53
75 43 21 53
76 42 22 53
77 45 22 53
78 46 22 53
79 47 22 54
80 48 22 55
81 49 23 55
82 49 23 56
83 51 23 56
84 53 24 56
85 51 24 58
86 49 26 59
87 46 27 61
88 49 27 61
89 48 28 62
90 47 28 63
91 46 28 65
92 46 29 65
93 45 29 66
94 46 29 66
95 48 29 66
96 51 30 66
97 51 30 67
98 46 34 70
99 47 34 70
100 48 34 70
101 47 35 70
102 49 35 70
103 47 35 72
104 47 36 72
105 47 37 72
106 47 38 73
107 46 39 74
108 46 39 74
109 45 39 75
110 44 40 75
111 45 40 75
112 44 40 77
113 44 40 78
114 43 41 78
115 43 41 79
116 45 41 80
117 44 41 81
118 44 41 81
119 42 43 81
120 41 43 82
121 40 44 83
122 41 44 83
123 41 44 83
124 42 44 83
125 43 44 83
126 42 45 84
127 43 45 84
128 44 47 84
129 42 48 86
130 41 48 87
131 41 48 87
132 41 49 87
133 41 49 87
134 42 49 87
135 42 49 87
136 41 50 87
137 43 50 87
138 43 51 87
139 44 51 87
140 43 52 87
141 43 52 87
142 42 52 88
143 41 52 89
144 42 52 89
145 39 53 91
146 39 53 91
147 39 53 92
148 40 53 92
149 39 53 93
150 41 53 93
151 46 53 93
152 45 55 93
153 44 56 93
154 46 56 93
155 46 56 93
156 47 56 93
157 48 56 93
158 47 57 93
159 47 58 93
160 49 59 93
161 50 59 93
162 49 59 95
163 48 59 96
164 50 59 96
165 50 60 97
166 51 60 97
167 49 62 97
168 47 62 99
169 46 62 100
170 48 62 100
171 49 62 100
172 49 62 100
173 48 62 101
174 48 62 102
175 50 62 102
176 48 63 104
177 46 63 106
178 46 65 107
179 46 65 107
180 46 65 107
181 47 65 107
182 47 65 107
183 47 65 109
184 47 65 111
185 44 66 113
186 45 66 113
187 47 66 113
188 46 67 114
189 45 67 115
190 44 68 117
191 45 68 117
192 47 69 117
193 47 70 117
194 47 70 117
195 46 70 118
196 45 70 119
197 44 70 120
198 43 71 121
199 44 72 122
200 44 73 122
201 46 73 122
202 48 73 122
203 48 73 122
204 46 74 123
205 45 75 123
206 46 75 123
207 44 75 125
208 43 76 126
209 43 76 126
210 45 76 126
211 45 76 128
212 44 77 129
213 45 77 129
214 43 77 131
215 42 78 132
216 41 78 133
217 42 78 133
218 41 80 133
219 42 80 133
220 40 80 135
221 42 80 136
222 42 80 138
223 41 80 139
224 40 80 140
225 38 80 142
226 36 80 144
227 37 80 144
228 39 80 144
229 39 81 145
230 39 81 145
231 42 82 145
232 41 82 146
233 40 83 148
234 39 83 149
235 40 83 150
236 39 83 151
237 38 83 152
238 37 83 153
239 37 83 153
240 37 84 153
241 40 84 153
242 42 84 154
243 41 85 156
244 41 85 156
245 41 85 156
246 42 85 156
247 41 85 159
248 41 85 160
249 41 86 160
250 41 87 160
251 41 87 160
252 40 87 161
253 39 87 162
254 42 88 162
255 42 89 163
256 42 89 163
257 45 89 163
258 46 89 164
259 50 89 164
260 50 89 164
261 50 90 164
262 51 90 164
263 49 90 166
264 50 90 167
265 49 90 169
266 49 90 169
267 49 90 169
268 50 90 169
269 49 90 172
270 49 90 172
271 50 91 172
272 51 92 172
273 50 92 173
274 51 92 173
275 53 92 174
276 51 92 177
277 52 92 178
278 52 92 178
279 50 94 179
280 50 94 180
281 51 94 180
282 52 94 181
283 50 94 183
284 50 94 183
285 50 94 183
286 52 94 184
287 51 94 185
288 53 94 186
289 53 94 187
290 52 94 188
291 52 95 189
292 52 95 190
293 52 96 191
294 52 96 192
295 53 97 192
296 53 97 194
297 52 98 196
298 48 98 200
299 45 100 202
300 44 101 203
301 43 101 204
302 44 101 204
303 44 101 205
304 43 101 206
305 43 101 206
306 44 101 206
307 45 101 206
308 47 101 206
309 47 101 207
310 48 102 207
311 44 105 208
312 43 105 210
313 44 105 210
314 45 106 210
315 44 107 211
316 44 109 211
317 43 109 212
318 43 110 212
319 41 111 213
320 44 112 213
321 43 113 214
322 43 114 214
323 43 114 214
324 44 114 215
325 46 115 215
326 44 116 216
327 46 116 216
328 46 117 216
329 46 117 216
330 42 117 220
331 42 117 220
332 43 117 221
333 43 118 221
334 42 118 222
335 42 118 224
336 42 118 225
337 43 118 225
338 43 119 225
339 42 120 226
340 41 120 227
341 40 120 228
342 38 122 229
343 37 123 229
344 37 123 229
345 37 125 230
346 35 125 232
347 36 125 232
348 37 125 232
349 36 125 234
350 37 126 234
351 39 126 234
352 41 126 234
353 39 126 236
354 39 126 236
355 38 126 237
356 39 126 237
357 40 126 237
358 39 126 238
359 40 126 238
360 39 126 239
361 38 126 240
362 38 126 240
363 36 126 242
364 35 126 244
365 36 126 244
366 35 127 244
367 37 127 244
368 33 127 248
369 34 127 248
370 34 128 248
371 35 128 248
372 35 128 248
373 35 129 248
374 36 129 248
375 36 129 248
376 35 130 250
377 34 130 252
378 35 130 252
379 33 132 252
380 34 132 252
381 34 132 252
382 35 132 252
383 35 132 252
384 35 132 252
385 38 132 252
386 36 133 253
387 35 133 255
388 35 134 255
389 36 134 255
390 37 134 255
391 37 134 256
392 37 134 256
393 37 134 257
394 38 134 257
395 39 134 258
396 38 135 259
397 38 135 260
398 36 136 261
399 35 137 261
400 36 137 261
401 35 137 263
402 37 137 263
403 36 137 264
404 36 138 264
405 32 139 267
406 32 139 267
407 32 139 267
408 32 140 267
409 32 140 267
410 33 140 267
411 33 140 268
412 33 140 268
413 33 140 269
414 29 143 270
415 30 143 270
416 31 143 270
417 30 143 271
418 27 145 273
419 27 145 273
420 27 145 274
421 27 145 274
422 29 146 274
423 29 146 274
424 27 146 276
425 28 146 276
426 27 146 278
427 29 146 278
428 29 146 279
429 28 146 280
430 28 146 280
431 29 147 280
432 28 148 280
433 30 148 280
434 30 148 281
435 30 148 281
436 30 148 281
437 29 148 282
438 29 148 282
439 29 148 282
440 30 148 282
441 31 148 282
442 32 148 282
443 31 148 283
444 31 148 283
445 30 148 284
446 30 148 284
447 30 148 284
448 31 148 284
449 33 148 284
450 34 148 284
451 32 149 285
452 32 149 286
453 33 149 286
454 32 149 287
455 33 149 287
456 35 149 288
457 35 149 290
458 35 150 291
459 35 150 291
460 35 150 291
461 34 150 292
462 34 150 292
463 34 150 292
464 33 150 293
465 33 150 293
466 35 150 293
467 33 150 295
468 36 150 295
469 35 150 297
470 35 150 298
471 36 150 298
472 36 151 298
473 35 151 299
474 35 151 300
475 34 152 300
476 33 152 302
477 32 152 303
478 33 152 304
479 32 152 305
480 31 152 306
481 32 153 306
482 31 153 307
483 31 153 308
484 30 153 309
485 30 153 310
486 32 153 310
487 29 156 311
488 29 156 311
489 28 156 313
490 27 156 314
491 28 156 314
492 28 156 314
493 28 156 315
494 28 156 315
495 29 156 315
496 28 156 316
497 28 156 316
498 28 157 316
499 29 157 316
500 28 158 317
501 28 158 317
502 29 158 317
503 25 159 320
504 25 159 320
505 24 159 321
506 24 159 321
507 26 159 321
508 26 160 321
509 25 161 321
510 25 161 321
511 26 161 321
512 28 161 321
513 27 161 323
514 29 161 323
515 28 162 323
516 27 162 324
517 25 164 325
518 24 165 325
519 24 165 326
520 24 165 326
521 24 165 326
522 24 165 326
523 24 165 326
524 24 165 326
525 24 165 326
526 22 166 327
527 21 166 328
528 21 166 328
529 22 166 328
530 23 166 328
531 22 167 329
532 21 167 331
533 21 167 331
534 21 167 331
535 23 167 331
536 23 167 331
537 23 167 331
538 24 167 331
539 22 167 333
540 21 167 334
541 20 167 335
542 18 167 337
543 19 167 337
544 20 167 337
545 20 168 337
546 19 169 337
547 19 169 337
548 19 169 337
549 19 169 337
550 19 169 337
551 19 169 337
552 19 170 338
553 20 170 338
554 19 170 339
555 18 171 340
556 18 171 340
557 18 171 340
558 18 171 340
559 19 171 340
560 17 172 341
561 17 172 341
562 17 172 341
563 17 172 341
564 16 173 341
565 14 175 341
566 16 175 341
567 16 175 341
568 15 175 342
569 14 175 343
570 14 175 343
571 14 175 343
572 14 175 343
573 15 175 343
574 15 175 343
575 15 175 343
576 15 175 343
577 14 176 343
578 14 176 343
579 14 176 343
580 13 176 344
581 13 176 344
582 13 176 344
583 13 176 344
584 13 176 345
585 13 176 345
586 12 176 346
587 11 177 346
588 10 178 346
589 9 179 346
590 9 179 346
591 10 179 346
592 11 179 346
593 11 179 346
594 11 179 346
595 11 179 346
596 11 179 346
597 11 179 346
598 11 179 346
599 10 181 346
600 10 181 346
601 11 181 346
602 12 181 346
603 12 181 346
604 12 181 346
605 12 181 346
606 12 181 346
607 12 181 346
608 12 181 346
609 12 181 346
610 12 181 346
611 12 181 346
612 12 181 346
613 12 181 346
614 12 181 346
615 11 181 347
616 11 181 347
617 13 181 347
618 13 181 347
619 12 181 348
620 11 182 348
621 11 182 348
622 11 182 348
623 11 182 348
624 11 182 348
625 11 182 348
626 11 183 348
627 10 184 348
628 10 184 348
629 10 184 348
630 10 184 348
631 10 184 348
632 11 184 348
633 10 184 349
634 9 184 350
635 9 184 350
636 10 184 350
637 9 185 350
638 9 185 350
639 6 186 352
640 6 186 352
641 6 186 352
642 6 186 352
643 6 186 352
644 6 186 352
645 6 186 352
646 6 186 352
647 6 186 352
648 6 186 352
649 6 186 352
650 6 186 352
651 6 186 352
652 6 186 352
653 5 187 352
654 5 187 352
655 5 187 352
656 5 187 352
657 5 187 352
658 6 187 352
659 5 187 353
660 5 187 353
661 5 187 353
662 5 187 353
663 6 187 353
664 5 187 354
665 5 187 354
666 5 187 354
667 5 187 354
668 5 187 354
669 5 187 354
670 5 187 354
671 5 187 354
672 5 187 354
673 5 187 354
674 5 187 354
675 5 187 354
676 5 187 354
677 5 187 354
678 5 187 354
679 5 187 354
680 5 187 354
681 5 187 354
682 5 187 354
683 5 187 354
684 4 187 355
685 4 187 355
686 4 187 355
687 4 187 355
688 4 187 355
689 4 187 355
690 4 187 355
691 3 187 356
692 3 187 356
693 4 187 356
694 4 187 356
695 3 188 356
696 3 188 356
697 3 188 356
698 3 188 356
699 3 188 356
700 3 188 356
701 3 188 356
702 3 188 356
703 3 188 356
704 3 188 356
705 3 188 356
706 3 188 356
707 3 188 356
708 3 188 356
709 3 188 356
710 2 189 356
711 2 189 356
712 2 189 356
713 2 189 356
714 2 189 356
715 2 189 356
716 2 189 356
717 2 189 356
718 2 189 356
719 2 189 356
720 2 189 356
721 2 189 356
722 2 189 356
723 2 189 356
724 2 189 356
725 2 189 356
726 2 189 356
727 2 189 356
728 2 189 356
729 2 189 356
730 2 189 356
731 3 189 356
732 3 189 356
733 3 189 356
734 3 189 356
735 4 189 356
736 4 189 356
737 4 189 356
738 4 189 356
739 4 189 356
740 4 189 356
741 4 189 356
742 4 189 356
743 4 189 356
744 4 189 356
745 4 189 356
746 4 189 356
747 5 189 356
748 6 189 356
749 6 189 356
750 6 189 356
751 6 189 356
752 6 189 356
753 6 189 356
754 6 189 356
755 6 189 356
756 6 189 356
757 6 189 356
758 6 189 356
759 6 189 356
760 5 189 357
761 5 189 357
762 5 189 357
763 6 189 357
764 8 189 357
765 9 189 357
766 9 189 357
767 9 189 357
768 9 189 357
769 9 189 357
770 10 189 357
771 12 189 357
772 12 189 357
773 13 189 357
774 14 189 357
775 15 189 357
776 15 189 358
777 15 189 358
778 15 189 358
779 16 189 358
780 16 189 358
781 16 189 358
782 15 189 359
783 16 189 359
784 16 189 359
785 15 190 359
786 15 190 359
787 15 190 359
788 15 190 359
789 16 190 359
790 16 190 359
791 16 190 359
792 16 190 359
793 16 190 359
794 16 190 359
795 17 190 359
796 17 190 360
797 17 190 360
798 17 190 360
799 17 190 360
800 17 190 360
801 16 190 361
802 17 190 361
803 16 190 362
804 17 190 362
805 18 190 362
806 17 191 362
807 18 191 362
808 17 191 363
809 17 191 363
810 17 191 363
811 16 191 364
812 16 191 365
813 15 191 366
814 14 191 367
815 14 191 367
816 12 191 369
817 12 191 369
818 12 191 369
819 12 191 369
820 14 191 369
821 15 191 369
822 15 191 369
823 17 191 369
824 17 191 369
825 16 191 370
826 17 191 370
827 17 191 370
828 18 191 370
829 17 192 370
830 15 192 372
831 15 192 372
832 14 192 373
833 13 193 373
834 14 193 373
835 14 193 373
836 13 193 374
837 13 193 374
838 13 193 374
839 13 193 374
840 13 193 374
841 13 193 374
842 12 194 374
843 12 194 374
844 11 194 375
845 10 194 376
846 10 194 376
847 10 194 376
848 10 194 376
849 10 194 376
850 10 194 376
851 10 194 376
852 10 194 376
853 10 194 376
854 9 194 378
855 9 194 378
856 10 194 378
857 10 194 378
858 10 194 378
859 11 194 378
860 11 194 378
861 12 194 378
862 11 195 378
863 11 195 378
864 11 195 378
865 11 195 378
866 10 195 379
867 10 195 379
868 10 195 379
869 10 195 379
870 10 195 379
871 11 195 379
872 11 195 379
873 11 195 379
874 13 195 379
875 13 195 379
876 13 196 379
877 13 196 379
878 12 196 380
879 13 196 380
880 13 196 380
881 13 196 381
882 13 196 381
883 13 196 381
884 13 196 381
885 13 196 381
886 12 196 382
887 12 196 382
888 12 196 382
889 12 196 382
890 13 196 382
891 14 196 382
892 14 196 382
893 12 196 384
894 12 196 384
895 12 196 384
896 11 197 384
897 11 197 384
898 11 197 384
899 10 198 384
900 10 198 384
901 10 198 384
902 10 198 384
903 10 198 384
904 10 198 384
905 10 198 384
906 10 198 384
907 10 199 384
908 10 199 384
909 10 199 384
910 9 200 384
911 8 201 384
912 8 201 384
913 8 201 384
914 8 201 384
915 8 201 384
916 9 201 384
917 9 201 384
918 9 201 384
919 8 201 385
920 8 201 385
921 9 201 385
922 9 201 385
923 10 201 385
924 10 201 385
925 11 201 385
926 11 201 385
927 11 201 385
928 11 201 385
929 11 201 385
930 10 202 385
931 10 202 385
932 10 202 385
933 10 202 385
934 10 202 385
935 8 202 387
936 8 202 387
937 8 202 387
938 8 202 387
939 8 202 387
940 8 202 387
941 8 202 387
942 8 202 387
943 7 202 388
944 7 202 388
945 8 202 388
946 8 202 388
947 7 203 388
948 6 204 388
949 7 204 388
950 7 204 388
951 7 204 388
952 7 204 388
953 7 204 388
954 7 204 388
955 7 204 388
956 7 204 388
957 8 204 388
958 8 204 388
959 8 204 388
960 8 204 388
961 7 205 388
962 7 205 388
963 7 205 388
964 6 205 389
965 6 205 389
966 6 205 389
967 6 205 389
968 6 205 389
969 6 205 389
970 6 205 389
971 5 205 390
972 4 206 390
973 4 206 390
974 4 206 390
975 3 206 391
976 3 206 391
977 3 206 391
978 3 206 391
979 3 206 391
980 3 206 391
981 3 206 391
982 3 206 391
983 3 206 391
984 3 206 391
985 3 206 391
986 2 206 392
987 2 206 392
988 2 206 392
989 2 206 392
990 2 206 392
991 2 206 392
992 2 206 392
993 2 206 392
994 2 206 392
995 2 206 392
996 2 206 392
997 2 206 392
998 2 206 392
999 2 206 392
1000 1 207 392
1001 1 207 392
1002 1 207 392
1003 1 207 392
1004 1 207 392
1005 1 207 392
1006 1 207 392
1007 1 207 392
1008 1 207 392
1009 1 207 392
1010 1 207 392
1011 1 207 392
1012 1 207 392
1013 1 207 392
1014 1 207 392
1015 1 207 392
1016 1 207 392
1017 1 207 392
1018 1 207 392
1019 1 207 392
1020 1 207 392
1021 1 207 392
1022 1 207 392
1023 1 207 392
1024 1 207 392
1025 1 207 392
1026 1 207 392
1027 1 207 392
1028 1 207 392
1029 1 207 392
1030 1 207 392
1031 1 207 392
1032 1 207 392
1033 1 207 392
1034 1 207 392
1035 1 207 392
1036 1 207 392
1037 1 207 392
1038 1 207 392
1039 1 207 392
1040 0 207 393
