0 50 0 0
1 50 0 1
2 50 0 2
3 48 1 4
4 48 1 4
5 47 1 5
6 47 1 6
7 48 1 7
8 48 1 8
9 48 1 9
10 50 1 9
11 50 1 10
12 49 1 11
13 47 1 13
14 45 1 15
15 46 1 15
16 48 1 15
17 48 1 16
18 50 1 16
19 51 1 18
20 50 1 19
21 49 1 21
22 48 1 23
23 45 2 25
24 47 2 25
25 46 2 27
26 43 2 30
27 46 2 30
28 50 2 31
29 52 2 31
30 53 2 31
31 53 2 31
32 55 2 31
33 53 2 33
34 53 2 33
35 53 2 34
36 51 2 36
37 50 2 37
38 51 2 38
39 53 2 39
40 55 2 39
41 57 2 39
42 58 2 40
43 60 2 40
44 63 2 40
45 64 2 41
46 64 2 42
47 64 2 43
48 63 2 45
49 63 2 47
50 63 2 48
51 64 2 48
52 63 2 50
53 65 2 50
54 64 2 51
55 66 2 51
56 67 2 52
57 66 2 53
58 66 2 53
59 64 2 55
60 66 2 55
61 66 2 55
62 66 2 56
63 67 2 56
64 65 2 59
65 64 2 61
66 63 2 63
67 64 2 63
68 64 2 64
69 66 2 64
70 67 2 65
71 63 2 69
72 61 2 71
73 61 2 73
74 61 2 73
75 61 2 74
76 61 2 76
77 62 2 78
78 60 2 80
79 61 2 80
80 60 2 81
81 62 2 81
82 59 2 84
83 58 2 87
84 61 2 87
85 62 2 88
86 60 2 90
87 62 2 90
88 62 2 90
89 63 2 91
90 64 2 91
91 65 2 92
92 66 2 93
93 66 2 95
94 68 2 95
95 68 2 95
96 70 2 97
97 70 2 97
98 70 2 97
99 75 2 98
100 76 2 98
101 76 2 99
102 75 2 100
103 76 2 100
104 78 2 100
105 79 2 100
106 79 2 101
107 80 2 102
108 79 2 103
109 78 2 106
110 78 2 106
111 80 2 107
112 80 2 110
113 82 2 112
114 82 2 113
115 83 2 115
116 87 2 115
117 87 2 116
118 86 2 118
119 90 2 120
120 93 2 122
121 90 2 125
122 91 2 125
123 91 2 126
124 93 2 126
125 95 2 126
126 95 2 128
127 93 2 130
128 94 2 130
129 90 2 134
130 89 2 138
131 88 2 140
132 89 2 140
133 87 2 142
134 84 2 145
135 84 2 146
136 82 2 148
137 85 2 150
138 89 2 150
139 87 2 154
140 86 2 156
141 87 2 157
142 85 2 159
143 83 2 163
144 82 2 165
145 82 2 166
146 81 2 168
147 79 2 172
148 80 2 174
149 82 2 175
150 84 2 176
151 87 2 176
152 87 2 179
153 86 2 181
154 85 2 184
155 86 2 185
156 86 2 186
157 87 2 189
158 90 2 189
159 92 2 189
160 90 2 193
161 95 2 194
162 91 2 198
163 88 2 201
164 87 2 205
165 85 2 208
166 85 2 210
167 85 2 212
168 86 2 213
169 86 2 215
170 88 2 215
171 91 2 215
172 92 2 216
173 93 2 216
174 94 2 217
175 94 2 218
176 93 2 221
177 95 2 222
178 96 2 222
179 94 2 225
180 98 2 225
181 101 2 226
182 103 2 226
183 101 3 229
184 101 3 231
185 102 3 232
186 102 3 234
187 103 3 235
188 101 4 236
189 104 4 237
190 107 4 239
191 106 4 242
192 108 4 242
193 109 4 244
194 109 4 247
195 113 4 247
196 116 4 247
197 113 4 251
198 117 4 252
199 118 4 252
200 117 4 255
201 118 4 258
202 121 4 258
203 121 4 259
204 121 4 260
205 120 4 263
206 121 4 265
207 121 4 268
208 126 4 268
209 127 4 268
210 126 4 271
211 129 4 274
212 128 4 275
213 130 4 277
214 129 4 281
215 128 4 283
216 131 4 283
217 134 4 284
218 131 4 289
219 132 4 290
220 131 4 293
221 132 4 293
222 134 4 296
223 136 4 298
224 137 4 300
225 138 5 301
226 134 5 307
227 140 5 307
228 143 5 307
229 144 5 310
230 144 5 311
231 146 5 313
232 148 5 315
233 147 5 319
234 149 5 321
235 149 5 323
236 153 5 323
237 150 5 327
238 154 5 327
239 153 5 331
240 153 5 333
241 155 5 334
242 156 5 337
243 158 5 337
244 158 5 339
245 157 5 342
246 159 5 344
247 164 5 345
248 165 5 348
249 164 5 352
250 165 5 355
251 163 5 359
252 164 5 361
253 165 5 363
254 166 5 364
255 167 5 365
256 163 5 369
257 164 5 371
258 165 5 373
259 167 6 374
260 168 6 377
261 171 6 378
262 173 6 380
263 175 6 384
264 180 6 386
265 178 6 389
266 182 6 389
267 187 6 391
268 193 6 391
269 196 6 394
270 195 6 396
271 197 6 398
272 206 6 400
273 207 6 404
274 206 6 407
275 207 6 409
276 210 6 412
277 216 6 413
278 221 6 414
279 224 6 419
280 225 6 425
281 225 6 427
282 225 6 431
283 228 6 433
284 233 6 434
285 240 6 436
286 241 6 440
287 241 6 445
288 247 6 447
289 249 6 448
290 252 6 453
291 250 6 459
292 253 6 464
293 254 7 467
294 256 7 469
295 260 7 473
296 253 7 484
297 255 7 489
298 262 7 492
299 261 7 497
300 266 7 500
301 276 7 502
302 279 7 506
303 278 7 511
304 281 7 516
305 282 7 518
306 282 7 525
307 285 7 530
308 286 7 533
309 288 7 538
310 292 7 541
311 293 8 543
312 291 8 551
313 293 8 556
314 294 8 561
315 293 8 566
316 296 8 572
317 297 8 577
318 297 8 581
319 304 8 585
320 301 8 593
321 301 8 599
322 300 10 602
323 298 10 609
324 294 11 616
325 293 11 622
326 294 11 625
327 296 11 630
328 298 11 635
329 298 11 640
330 306 11 642
331 312 11 648
332 312 11 653
333 312 11 660
334 316 11 665
335 320 11 667
336 323 11 670
337 324 11 677
338 321 11 684
339 320 11 690
340 322 11 692
341 322 11 696
342 329 11 698
343 330 11 702
344 333 11 708
345 338 11 710
346 333 12 721
347 337 12 727
348 339 12 731
349 338 12 738
350 338 12 743
351 343 12 745
352 345 12 749
353 344 12 754
354 343 12 761
355 343 12 763
356 350 12 766
357 350 12 774
358 357 12 777
359 356 12 782
360 362 12 789
361 358 13 795
362 358 13 802
363 366 13 806
364 369 13 813
365 371 13 818
366 368 13 828
367 378 13 829
368 381 13 835
369 385 13 840
370 393 13 844
371 392 13 850
372 393 13 856
373 396 13 860
374 400 13 864
375 403 14 869
376 407 14 876
377 409 14 882
378 409 14 890
379 415 14 892
380 412 14 903
381 416 14 907
382 421 14 911
383 426 14 916
384 438 14 919
385 439 14 926
386 439 14 933
387 439 14 939
388 441 14 948
389 438 14 958
390 442 14 966
391 444 14 974
392 449 14 978
393 453 14 984
394 461 14 988
395 458 14 1000
396 458 14 1009
397 458 14 1018
398 465 14 1024
399 461 14 1033
400 463 14 1041
401 462 14 1052
402 468 14 1057
403 472 14 1063
404 471 14 1073
405 472 15 1079
406 480 16 1086
407 488 16 1093
408 487 16 1106
409 495 16 1112
410 504 16 1118
411 500 16 1130
412 506 16 1137
413 510 17 1147
414 510 17 1157
415 519 17 1165
416 534 17 1168
417 540 17 1176
418 543 17 1179
419 552 17 1182
420 551 17 1194
421 552 17 1203
422 551 17 1213
423 557 17 1221
424 555 17 1230
425 560 17 1239
426 569 17 1246
427 569 18 1258
428 573 18 1265
429 580 19 1273
430 583 19 1285
431 581 19 1294
432 587 19 1301
433 590 20 1314
434 593 22 1324
435 594 22 1336
436 600 22 1341
437 607 22 1348
438 617 22 1353
439 619 22 1361
440 620 22 1373
441 624 22 1383
442 631 22 1389
443 634 22 1399
444 640 22 1406
445 645 22 1416
446 645 22 1426
447 650 22 1432
448 648 22 1448
449 655 22 1458
450 658 22 1468
451 669 22 1476
452 678 22 1481
453 684 22 1490
454 686 22 1499
455 682 22 1511
456 689 22 1522
457 696 22 1531
458 698 22 1541
459 696 23 1549
460 699 23 1556
461 708 23 1565
462 712 23 1578
463 714 23 1589
464 717 23 1594
465 727 23 1608
466 724 24 1624
467 730 24 1636
468 743 24 1643
469 742 24 1654
470 747 24 1665
471 749 24 1676
472 756 24 1684
473 757 25 1691
474 766 25 1701
475 769 25 1714
476 770 25 1729
477 777 25 1739
478 780 25 1751
479 777 26 1763
480 777 26 1781
481 783 26 1796
482 786 26 1807
483 795 26 1818
484 796 26 1831
485 804 26 1840
486 810 28 1847
487 818 28 1857
488 819 28 1870
489 816 29 1885
490 822 29 1899
491 826 29 1911
492 833 29 1922
493 845 29 1928
494 864 29 1939
495 860 29 1957
496 864 29 1970
497 873 29 1979
498 880 29 1989
499 888 29 2000
500 895 29 2010
501 905 29 2023
502 909 29 2041
503 919 29 2060
504 910 29 2084
505 905 30 2103
506 904 31 2118
507 902 33 2134
508 912 33 2142
509 913 33 2159
510 919 33 2175
511 926 33 2184
512 930 33 2197
513 937 33 2213
514 950 33 2221
515 965 33 2229
516 961 33 2248
517 971 33 2258
518 978 34 2271
519 983 34 2289
520 983 34 2305
521 991 34 2325
522 995 34 2337
523 998 35 2355
524 1013 35 2366
525 1020 35 2383
526 1036 35 2393
527 1039 36 2407
528 1040 36 2429
529 1039 36 2446
530 1037 37 2464
531 1051 37 2474
532 1061 37 2486
533 1076 37 2494
534 1085 37 2508
535 1092 37 2520
536 1103 37 2539
537 1112 37 2554
538 1125 37 2570
539 1122 37 2592
540 1131 37 2606
541 1136 38 2623
542 1151 38 2641
543 1161 38 2662
544 1178 38 2677
545 1196 38 2694
546 1210 38 2709
547 1220 38 2724
548 1236 38 2733
549 1239 38 2756
550 1235 38 2773
551 1240 39 2792
552 1258 39 2807
553 1271 40 2816
554 1276 41 2840
555 1270 42 2867
556 1277 44 2888
557 1275 44 2911
558 1285 44 2928
559 1290 44 2950
560 1291 44 2976
561 1303 44 2996
562 1307 44 3018
563 1313 44 3036
564 1329 44 3060
565 1338 44 3084
566 1336 44 3108
567 1336 44 3133
568 1332 44 3158
569 1333 44 3179
570 1342 44 3199
571 1356 44 3218
572 1358 44 3246
573 1358 45 3263
574 1366 46 3283
575 1381 46 3300
576 1389 46 3316
577 1394 46 3342
578 1396 46 3367
579 1399 46 3390
580 1403 46 3418
581 1404 46 3445
582 1411 46 3463
583 1409 46 3487
584 1414 46 3516
585 1429 46 3537
586 1430 46 3561
587 1452 46 3580
588 1461 46 3608
589 1484 46 3618
590 1493 46 3647
591 1504 46 3665
592 1514 46 3688
593 1524 46 3711
594 1530 46 3735
595 1531 46 3766
596 1540 46 3793
597 1554 46 3815
598 1565 46 3839
599 1588 46 3862
600 1602 46 3880
601 1607 46 3907
602 1612 46 3928
603 1621 46 3948
604 1643 46 3974
605 1639 47 4004
606 1663 47 4018
607 1668 47 4046
608 1672 47 4075
609 1698 48 4097
610 1734 48 4112
611 1759 48 4130
612 1778 48 4149
613 1782 48 4182
614 1788 48 4218
615 1808 48 4243
616 1823 48 4270
617 1838 48 4300
618 1840 48 4325
619 1852 48 4356
620 1872 48 4384
621 1893 48 4401
622 1910 48 4427
623 1935 48 4453
624 1949 48 4485
625 1971 48 4509
626 1980 48 4542
627 2009 48 4558
628 2014 48 4589
629 2025 48 4633
630 2035 49 4670
631 2045 49 4702
632 2061 50 4733
633 2078 50 4764
634 2109 50 4786
635 2125 50 4815
636 2129 50 4851
637 2122 50 4890
638 2137 50 4927
639 2160 50 4955
640 2182 50 4988
641 2193 50 5028
642 2196 50 5066
643 2207 51 5101
644 2226 52 5122
645 2235 52 5152
646 2243 53 5186
647 2246 53 5224
648 2279 53 5249
649 2299 53 5280
650 2314 53 5319
651 2339 53 5351
652 2348 53 5390
653 2365 54 5421
654 2390 54 5463
655 2401 55 5494
656 2427 55 5524
657 2444 55 5558
658 2465 55 5588
659 2486 55 5619
660 2494 55 5660
661 2525 55 5693
662 2536 55 5728
663 2558 55 5771
664 2579 55 5808
665 2603 55 5850
666 2623 55 5883
667 2629 55 5933
668 2638 57 5983
669 2661 57 6022
670 2699 57 6056
671 2725 57 6096
672 2746 57 6137
673 2768 57 6179
674 2791 57 6214
675 2807 58 6250
676 2836 58 6286
677 2868 58 6327
678 2880 58 6368
679 2887 58 6421
680 2903 59 6471
681 2934 60 6511
682 2949 60 6559
683 2954 61 6611
684 2973 61 6658
685 2993 61 6693
686 3023 61 6733
687 3033 61 6787
688 3049 61 6838
689 3071 61 6891
690 3085 62 6944
691 3094 62 6988
692 3106 62 7035
693 3121 62 7083
694 3171 62 7112
695 3193 62 7150
696 3231 62 7193
697 3249 62 7249
698 3286 62 7296
699 3302 64 7345
700 3323 64 7397
701 3342 64 7444
702 3361 65 7492
703 3409 65 7538
704 3445 65 7593
705 3453 67 7655
706 3488 68 7699
707 3515 68 7749
708 3545 68 7797
709 3582 68 7852
710 3605 68 7915
711 3618 68 7967
712 3647 70 8020
713 3665 71 8081
714 3719 71 8120
715 3763 71 8161
716 3771 72 8222
717 3789 73 8284
718 3809 73 8330
719 3855 73 8383
720 3890 73 8435
721 3911 73 8495
722 3931 74 8556
723 3977 74 8602
724 4000 74 8656
725 4022 74 8712
726 4035 74 8781
727 4043 75 8851
728 4059 75 8920
729 4087 75 8989
730 4120 75 9043
731 4146 75 9116
732 4176 75 9167
733 4189 75 9238
734 4225 76 9304
735 4248 76 9371
736 4267 76 9432
737 4294 76 9493
738 4330 76 9562
739 4352 77 9629
740 4411 78 9672
741 4425 80 9744
742 4472 80 9795
743 4483 80 9869
744 4510 80 9936
745 4548 81 9987
746 4568 82 10065
747 4589 84 10132
748 4629 85 10201
749 4677 86 10259
750 4719 87 10320
751 4746 87 10394
752 4781 89 10462
753 4820 89 10530
754 4893 89 10599
755 4922 89 10672
756 4947 91 10746
757 5000 91 10820
