0 50 0 0
1 50 0 1
2 50 0 2
3 48 0 4
4 49 0 5
5 50 0 5
6 50 0 5
7 52 0 5
8 53 0 5
9 55 0 6
10 57 1 6
11 55 1 8
12 56 1 8
13 57 1 9
14 58 1 10
15 58 1 10
16 57 1 11
17 56 1 12
18 58 1 12
19 55 1 15
20 55 1 16
21 55 1 17
22 55 1 18
23 55 1 19
24 58 1 19
25 58 1 20
26 57 1 22
27 55 1 24
28 58 1 25
29 58 1 26
30 59 1 27
31 63 1 27
32 64 1 27
33 63 1 28
34 66 1 28
35 65 1 30
36 64 1 32
37 63 1 36
38 63 1 36
39 63 1 37
40 65 1 37
41 64 1 38
42 65 1 39
43 67 1 39
44 68 1 39
45 68 1 39
46 68 1 41
47 68 1 43
48 73 1 44
49 74 1 45
50 74 1 46
51 73 1 48
52 71 1 50
53 73 1 51
54 74 1 52
55 74 1 53
56 73 1 54
57 73 1 54
58 73 2 55
59 74 2 55
60 74 2 58
61 74 2 59
62 76 2 60
63 76 2 63
64 82 2 63
65 86 2 63
66 87 2 65
67 90 2 65
68 93 2 65
69 94 2 66
70 95 2 67
71 96 2 69
72 96 2 72
73 97 2 73
74 97 2 75
75 102 2 75
76 105 2 75
77 106 2 78
78 105 2 80
79 105 2 82
80 105 2 84
81 107 2 84
82 107 2 85
83 107 2 86
84 109 2 87
85 115 2 87
86 116 2 89
87 115 2 91
88 118 2 92
89 118 2 94
90 119 2 95
91 119 2 96
92 125 2 97
93 127 2 98
94 129 2 99
95 128 2 101
96 132 2 102
97 135 2 104
98 141 2 104
99 140 2 108
100 139 2 110
101 136 2 115
102 136 2 118
103 138 2 119
104 137 2 121
105 138 2 122
106 140 2 123
107 143 2 125
108 143 2 127
109 143 2 130
110 141 2 134
111 140 2 136
112 139 2 140
113 137 2 143
114 138 2 144
115 140 2 145
116 143 2 145
117 142 2 149
118 143 2 152
119 146 2 154
120 147 2 155
121 146 2 156
122 146 2 158
123 146 2 161
124 148 2 163
125 150 2 166
126 152 2 166
127 154 2 167
128 152 2 171
129 157 2 174
130 155 2 177
131 155 2 178
132 157 2 181
133 156 2 185
134 160 2 187
135 159 2 190
136 158 2 194
137 157 2 197
138 159 2 198
139 157 2 201
140 156 2 206
141 157 2 207
142 163 2 210
143 163 2 212
144 165 2 214
145 168 2 217
146 168 2 221
147 170 2 223
148 175 2 225
149 173 2 230
150 170 2 235
151 175 2 236
152 180 2 239
153 181 2 243
154 183 2 246
155 186 2 246
156 185 2 250
157 189 2 250
158 191 2 252
159 192 2 253
160 192 2 255
161 195 2 256
162 197 2 259
163 197 2 260
164 199 2 262
165 195 2 267
166 191 2 272
167 193 2 273
168 192 2 279
169 194 2 283
170 195 2 286
171 200 2 287
172 203 2 291
173 200 2 297
174 199 2 300
175 201 2 302
176 205 2 304
177 203 2 311
178 201 2 316
179 203 3 318
180 203 3 322
181 203 3 325
182 204 3 329
183 211 4 330
184 212 4 332
185 213 4 337
186 211 4 341
187 210 4 348
188 204 4 357
189 203 4 361
190 201 4 366
191 204 4 368
192 204 4 373
193 206 4 376
194 206 4 378
195 205 4 381
196 205 4 384
197 208 5 386
198 209 5 387
199 215 5 391
200 215 5 394
201 218 5 395
202 221 5 397
203 221 5 402
204 221 5 406
205 225 5 408
206 230 5 411
207 231 5 414
208 232 5 418
209 231 5 424
210 239 5 426
211 239 5 426
212 243 5 428
213 248 5 428
214 248 5 432
215 250 5 437
216 250 5 441
217 248 5 445
218 253 5 448
219 255 5 454
220 257 5 459
221 259 6 462
222 262 6 465
223 265 6 469
224 269 6 471
225 269 6 474
226 267 6 479
227 270 6 481
228 276 6 484
229 273 6 489
230 272 6 494
231 272 6 500
232 272 6 504
233 273 6 509
234 271 6 513
235 274 6 515
236 278 6 517
237 281 6 521
238 280 6 525
239 286 6 529
240 285 6 533
241 284 6 537
242 285 6 542
243 289 6 546
244 294 6 549
245 294 6 553
246 301 6 554
247 305 6 556
248 307 6 559
249 309 6 565
250 303 6 573
251 309 6 576
252 311 6 579
253 317 6 581
254 318 6 587
255 316 6 592
256 320 6 597
257 323 6 602
258 324 6 609
259 323 6 614
260 324 6 620
261 325 6 625
262 327 6 632
263 333 6 634
264 333 6 638
265 332 6 642
266 331 6 648
267 329 6 657
268 337 6 659
269 348 6 662
270 351 6 666
271 353 6 673
272 358 6 676
273 358 6 685
274 360 7 691
275 363 7 694
276 363 7 702
277 365 7 709
278 365 7 718
279 368 7 721
280 374 7 725
281 374 7 731
282 368 7 742
283 373 7 749
284 373 7 757
285 373 7 763
286 381 7 767
287 384 7 773
288 384 7 783
289 386 7 791
290 388 7 797
291 385 7 807
292 386 7 812
293 391 7 817
294 391 7 824
295 389 7 838
296 396 7 841
297 401 8 846
298 394 9 859
299 399 9 863
300 403 9 868
301 403 9 876
302 408 10 883
303 413 10 889
304 424 10 890
305 426 10 898
306 424 10 905
307 422 10 913
308 419 11 920
309 424 11 927
310 429 11 932
311 424 11 945
312 435 11 950
313 428 11 960
314 426 11 968
315 436 11 971
316 440 11 978
317 446 11 988
318 446 11 996
319 453 11 1000
320 456 11 1008
321 453 11 1019
322 448 11 1031
323 446 11 1038
324 449 11 1043
325 451 11 1048
326 451 11 1058
327 459 11 1063
328 462 11 1070
329 466 11 1076
330 462 11 1089
331 460 11 1099
332 458 11 1110
333 458 11 1117
334 466 11 1120
335 474 11 1127
336 480 11 1134
337 489 11 1140
338 496 11 1144
339 506 11 1147
340 514 11 1154
341 523 11 1161
342 530 11 1169
343 529 11 1181
344 533 11 1191
345 539 11 1198
346 539 11 1207
347 542 11 1217
348 551 11 1223
349 559 11 1228
350 558 11 1236
351 559 11 1247
352 573 11 1253
353 576 11 1264
354 579 11 1276
355 583 11 1283
356 587 11 1290
357 587 11 1298
358 592 11 1306
359 598 11 1314
360 605 11 1322
361 607 11 1330
362 612 11 1339
363 616 11 1350
364 619 11 1359
365 629 11 1367
366 633 11 1376
367 639 11 1388
368 643 11 1396
369 644 11 1407
370 637 11 1426
371 642 11 1435
372 654 11 1443
373 655 11 1456
374 666 11 1466
375 671 11 1476
376 680 11 1485
377 686 11 1492
378 701 11 1499
379 713 11 1503
380 715 11 1516
381 725 11 1523
382 734 12 1529
383 744 12 1537
384 751 12 1547
385 758 12 1561
386 764 12 1574
387 763 12 1583
388 771 12 1591
389 781 12 1600
390 791 12 1606
391 795 12 1618
392 807 12 1628
393 807 12 1643
394 814 12 1659
395 823 12 1670
396 839 12 1681
397 843 12 1693
398 852 12 1702
399 852 12 1720
400 863 12 1730
401 871 12 1743
402 890 12 1751
403 900 12 1767
404 902 12 1787
405 916 12 1798
406 920 12 1815
407 925 12 1826
408 932 12 1843
409 936 12 1854
410 947 12 1862
411 945 12 1880
412 958 12 1897
413 972 13 1906
414 978 13 1922
415 990 13 1932
416 993 13 1949
417 995 14 1965
418 997 14 1987
419 1007 14 2005
420 1016 14 2014
421 1032 14 2026
422 1032 15 2045
423 1036 15 2064
424 1047 15 2081
425 1058 15 2090
426 1069 15 2107
427 1073 16 2126
428 1080 16 2145
429 1091 16 2162
430 1096 16 2178
431 1083 17 2205
432 1081 17 2229
433 1100 17 2238
434 1109 17 2252
435 1115 17 2266
436 1130 17 2284
437 1133 17 2303
438 1145 17 2319
439 1147 17 2343
440 1157 17 2360
441 1165 17 2379
442 1183 17 2397
443 1202 17 2407
444 1215 17 2424
445 1220 17 2442
446 1233 18 2451
447 1246 18 2469
448 1249 19 2490
449 1251 19 2512
450 1265 19 2522
451 1284 20 2534
452 1288 20 2559
453 1300 20 2576
454 1307 20 2599
455 1312 20 2620
456 1314 22 2641
457 1322 22 2658
458 1320 22 2685
459 1323 22 2707
460 1338 22 2727
461 1334 22 2756
462 1339 22 2781
463 1362 22 2802
464 1372 22 2818
465 1376 22 2839
466 1386 22 2862
467 1376 22 2886
468 1384 22 2915
469 1382 22 2945
470 1390 22 2963
471 1392 22 2991
472 1404 22 3007
473 1412 22 3023
474 1420 22 3052
475 1429 22 3078
476 1443 22 3090
477 1455 22 3107
478 1469 22 3129
479 1474 22 3156
480 1497 22 3171
481 1510 22 3188
482 1517 22 3219
483 1522 23 3242
484 1538 23 3266
485 1534 23 3288
486 1532 23 3314
487 1552 23 3329
488 1560 23 3363
489 1573 23 3386
490 1587 23 3407
491 1609 23 3427
492 1602 24 3464
493 1619 24 3489
494 1610 24 3513
495 1622 24 3530
496 1627 24 3559
497 1641 24 3581
498 1657 24 3595
499 1683 24 3608
500 1698 24 3637
501 1702 24 3668
502 1713 24 3693
503 1744 24 3714
504 1759 24 3733
505 1766 24 3762
506 1793 24 3787
507 1818 24 3809
508 1833 24 3837
509 1858 24 3864
510 1858 24 3895
511 1879 24 3920
512 1906 24 3941
513 1925 24 3960
514 1954 24 3990
515 1959 24 4022
516 1985 24 4046
517 1998 24 4074
518 2008 24 4107
519 2027 24 4136
520 2039 24 4166
521 2064 24 4194
522 2079 24 4227
523 2094 24 4264
524 2109 24 4299
525 2132 24 4329
526 2138 25 4373
527 2157 25 4406
528 2181 25 4427
529 2191 25 4466
530 2219 25 4495
531 2237 26 4528
532 2245 26 4565
533 2258 26 4598
534 2284 26 4630
535 2307 27 4660
536 2324 27 4692
537 2333 27 4727
538 2360 27 4756
539 2374 27 4788
540 2390 27 4827
541 2407 27 4860
542 2429 28 4892
543 2448 28 4924
544 2469 28 4954
545 2474 28 4992
546 2484 28 5041
547 2509 29 5074
548 2524 29 5115
549 2534 29 5154
550 2549 29 5190
551 2550 29 5232
552 2592 29 5263
553 2616 29 5297
554 2641 29 5329
555 2656 29 5367
556 2662 29 5411
557 2698 29 5446
558 2712 29 5482
559 2725 29 5520
560 2759 29 5557
561 2775 29 5606
562 2790 29 5645
563 2816 29 5688
564 2836 30 5733
565 2861 30 5777
566 2878 30 5824
567 2894 30 5862
568 2932 30 5894
569 2961 30 5932
570 2999 30 5969
571 3009 30 6020
572 3028 30 6072
573 3034 31 6121
574 3056 31 6167
575 3079 32 6205
576 3113 32 6245
577 3152 32 6288
578 3173 32 6323
579 3193 32 6365
580 3197 32 6419
581 3229 32 6470
582 3250 34 6516
583 3292 34 6552
584 3322 34 6604
585 3331 34 6667
586 3369 34 6713
587 3393 35 6769
588 3428 35 6812
589 3432 35 6873
590 3451 35 6928
591 3478 35 6972
592 3493 35 7032
593 3534 35 7073
594 3557 35 7126
595 3586 35 7176
596 3611 35 7230
597 3634 35 7275
598 3647 35 7331
599 3655 35 7397
600 3682 36 7453
601 3711 36 7507
602 3735 36 7571
603 3754 36 7626
604 3760 36 7694
605 3796 36 7747
606 3824 36 7803
607 3867 37 7860
608 3913 37 7909
609 3945 37 7967
610 3962 37 8029
611 3982 39 8093
612 3997 39 8162
613 4018 40 8228
614 4040 40 8289
615 4080 42 8358
616 4107 42 8426
617 4128 42 8489
618 4151 43 8554
619 4187 43 8630
620 4235 43 8689
621 4270 43 8747
622 4301 43 8808
623 4338 44 8868
624 4392 44 8932
625 4432 45 8993
626 4454 45 9057
627 4488 45 9128
628 4481 45 9214
629 4525 45 9275
630 4551 45 9338
631 4581 45 9403
632 4611 45 9481
633 4621 45 9563
634 4674 45 9626
635 4697 45 9693
636 4722 45 9778
637 4761 47 9843
638 4788 47 9916
639 4830 47 9972
640 4866 47 10052
641 4920 48 10120
642 4961 48 10193
643 4984 49 10268
644 5006 50 10348
