0 50 0 0
1 52 0 0
2 50 1 1
3 49 1 2
4 48 1 3
5 47 1 4
6 46 1 5
7 46 1 5
8 47 1 5
9 46 1 6
10 47 1 6
11 49 1 7
12 49 1 9
13 51 1 9
14 52 2 9
15 53 2 10
16 54 2 10
17 53 2 13
18 51 2 15
19 50 2 16
20 51 2 16
21 51 3 16
22 50 3 17
23 50 3 18
24 50 3 20
25 47 3 23
26 47 3 23
27 50 3 23
28 51 3 24
29 52 3 24
30 54 3 24
31 54 3 25
32 55 3 26
33 54 3 27
34 53 3 28
35 54 3 28
36 55 3 28
37 55 3 29
38 55 3 31
39 57 3 31
40 58 3 32
41 56 3 35
42 59 3 35
43 58 3 36
44 58 3 37
45 59 3 38
46 59 3 40
47 62 3 40
48 66 3 40
49 66 3 42
50 69 3 43
51 68 3 45
52 70 3 45
53 71 3 47
54 71 3 47
55 69 3 49
56 69 3 51
57 70 3 51
58 70 3 51
59 69 3 52
60 73 3 52
61 73 3 52
62 75 3 54
63 77 3 55
64 77 3 57
65 79 3 57
66 81 3 57
67 81 3 59
68 83 3 59
69 83 3 60
70 84 3 60
71 85 3 60
72 87 3 60
73 86 3 61
74 85 3 64
75 84 3 67
76 81 3 70
77 81 3 71
78 80 3 74
79 81 3 74
80 79 3 79
81 81 3 80
82 83 3 81
83 84 3 82
84 86 3 84
85 88 3 85
86 87 3 87
87 91 3 88
88 92 3 89
89 93 3 90
90 95 3 91
91 93 3 94
92 92 3 96
93 95 3 98
94 96 3 102
95 97 3 103
96 96 3 105
97 99 3 107
98 98 3 110
99 98 3 112
100 99 3 114
101 98 3 115
102 99 3 116
103 102 3 116
104 101 3 117
105 99 3 121
106 99 3 124
107 99 3 125
108 98 3 127
109 99 3 128
110 98 3 131
111 97 3 133
112 98 3 134
113 99 3 136
114 101 3 136
115 101 3 137
116 104 3 137
117 102 3 140
118 105 3 141
119 108 3 143
120 108 3 145
121 109 3 147
122 107 3 150
123 107 3 152
124 108 3 152
125 112 3 152
126 111 3 153
127 114 3 155
128 110 3 159
129 109 3 160
130 112 3 161
131 112 3 163
132 114 3 164
133 109 4 169
134 111 4 170
135 112 4 171
136 114 4 173
137 112 4 178
138 115 4 179
139 118 4 180
140 119 4 181
141 119 4 181
142 119 4 185
143 126 4 185
144 130 4 185
145 132 4 188
146 131 4 190
147 135 4 190
148 135 4 192
149 138 4 194
150 139 4 196
151 138 4 199
152 135 4 203
153 137 4 206
154 138 4 206
155 142 4 207
156 141 4 209
157 140 4 211
158 140 4 213
159 142 4 214
160 141 4 218
161 146 4 218
162 147 4 219
163 150 4 221
164 149 4 226
165 153 4 226
166 156 4 227
167 157 4 228
168 160 4 229
169 161 4 229
170 161 4 232
171 161 4 234
172 166 4 236
173 165 4 240
174 167 4 243
175 169 4 244
176 165 4 248
177 162 4 252
178 163 4 254
179 164 4 257
180 165 4 260
181 164 4 263
182 167 4 269
183 172 4 269
184 173 4 271
185 178 4 271
186 179 4 273
187 182 4 274
188 183 4 277
189 187 4 279
190 188 4 283
191 190 4 286
192 189 4 289
193 194 4 291
194 197 4 293
195 199 4 296
196 202 4 301
197 201 4 306
198 209 4 306
199 207 4 310
200 205 4 314
201 211 4 316
202 208 4 321
203 209 4 324
204 208 4 329
205 210 5 332
206 212 6 335
207 219 6 335
208 223 6 338
209 228 6 340
210 232 6 340
211 232 6 341
212 234 6 345
213 234 6 348
214 236 6 353
215 239 6 356
216 239 6 360
217 240 6 361
218 242 6 365
219 245 6 368
220 251 6 369
221 253 6 369
222 254 6 372
223 250 6 379
224 253 6 381
225 255 6 388
226 259 6 392
227 260 6 397
228 265 6 398
229 270 6 400
230 268 6 404
231 268 6 409
232 268 6 414
233 271 6 418
234 276 6 422
235 279 6 427
236 277 6 436
237 277 6 443
238 275 6 448
239 278 6 451
240 280 6 453
241 281 6 456
242 284 6 460
243 285 6 464
244 287 6 467
245 285 6 473
246 291 6 476
247 293 7 479
248 292 7 484
249 295 7 486
250 302 7 488
251 303 7 492
252 301 7 495
253 301 7 499
254 297 7 504
255 301 7 508
256 309 7 509
257 312 7 512
258 309 7 518
259 312 7 521
260 317 7 523
261 309 7 534
262 314 7 537
263 316 7 542
264 320 7 546
265 323 8 548
266 323 8 556
267 325 8 561
268 326 8 565
269 325 8 573
270 319 8 581
271 321 8 587
272 325 8 588
273 326 8 593
274 325 8 599
275 329 8 606
276 331 8 610
277 335 8 613
278 331 8 621
279 329 8 626
280 332 8 630
281 333 9 636
282 338 9 641
283 344 9 646
284 349 9 651
285 354 9 654
286 351 9 660
287 357 9 663
288 357 9 668
289 358 9 672
290 365 9 676
291 368 9 678
292 367 9 683
293 369 9 689
294 373 9 695
295 378 9 700
296 384 9 707
297 385 9 714
298 393 9 721
299 402 9 726
300 409 9 733
301 407 9 739
302 408 9 746
303 412 9 750
304 408 9 760
305 414 9 766
306 422 9 770
307 421 9 779
308 422 9 786
309 426 9 792
310 426 10 798
311 423 10 807
312 427 10 815
313 438 10 817
314 445 11 823
315 443 11 834
316 440 11 843
317 446 11 847
318 445 11 859
319 446 11 867
320 450 11 874
321 460 11 879
322 459 11 887
323 466 11 891
324 464 12 897
325 472 12 903
326 479 12 910
327 483 12 916
328 492 12 919
329 497 12 926
330 503 12 933
331 506 12 939
332 510 12 945
333 509 12 953
334 515 12 961
335 521 12 967
336 528 12 974
337 534 12 977
338 544 12 980
339 542 12 992
340 547 12 997
341 556 12 1006
342 557 12 1011
343 564 12 1017
344 565 12 1025
345 573 12 1032
346 585 12 1039
347 592 12 1050
348 590 12 1059
349 599 12 1066
350 599 12 1076
351 600 12 1085
352 602 12 1090
353 603 12 1098
354 609 12 1107
355 615 12 1115
356 621 12 1124
357 624 12 1131
358 626 12 1140
359 622 12 1159
360 620 12 1172
361 633 12 1173
362 636 12 1181
363 647 12 1189
364 657 12 1195
365 668 12 1202
366 674 12 1211
367 681 12 1219
368 687 12 1223
369 686 12 1238
370 690 12 1251
371 696 12 1260
372 697 12 1269
373 692 12 1283
374 689 13 1299
375 693 13 1304
376 706 13 1310
377 705 13 1321
378 708 13 1326
379 720 13 1336
380 726 13 1351
381 723 13 1368
382 731 13 1378
383 725 13 1394
384 729 13 1399
385 732 13 1410
386 738 13 1420
387 744 13 1429
388 760 13 1436
389 754 13 1449
390 758 13 1460
391 768 13 1473
392 779 14 1481
393 782 14 1493
394 775 14 1509
395 779 14 1524
396 785 16 1530
397 792 17 1539
398 803 17 1546
399 811 17 1553
400 815 17 1567
401 819 17 1579
402 823 17 1593
403 838 17 1600
404 837 17 1613
405 846 17 1625
406 851 17 1638
407 852 17 1654
408 855 17 1668
409 864 18 1678
410 872 18 1690
411 885 18 1701
412 884 18 1714
413 882 18 1729
414 889 18 1743
415 899 18 1757
416 913 18 1766
417 916 18 1778
418 925 18 1787
419 939 19 1797
420 950 19 1813
421 958 20 1829
422 967 21 1840
423 971 21 1855
424 968 21 1872
425 980 21 1890
426 983 21 1907
427 984 21 1929
428 990 21 1947
429 999 21 1962
430 1004 21 1978
431 1016 21 1992
432 1022 21 2008
433 1033 21 2023
434 1032 22 2040
435 1035 22 2052
436 1038 22 2068
437 1044 22 2083
438 1048 22 2099
439 1065 22 2109
440 1065 24 2125
441 1088 24 2138
442 1108 25 2150
443 1110 25 2168
444 1116 25 2181
445 1116 25 2194
446 1124 25 2220
447 1137 25 2231
448 1141 25 2253
449 1160 25 2263
450 1172 25 2275
451 1174 25 2299
452 1181 25 2321
453 1188 26 2338
454 1206 26 2355
455 1216 26 2371
456 1223 26 2389
457 1225 27 2411
458 1240 27 2428
459 1248 27 2443
460 1261 27 2465
461 1275 28 2479
462 1277 28 2502
463 1287 29 2522
464 1289 29 2543
465 1306 29 2556
466 1324 30 2571
467 1327 30 2590
468 1338 30 2611
469 1341 30 2637
470 1351 30 2657
471 1353 30 2680
472 1367 30 2699
473 1371 30 2724
474 1380 30 2749
475 1407 30 2762
476 1425 31 2778
477 1448 31 2792
478 1454 31 2816
479 1453 32 2841
480 1470 33 2860
481 1488 33 2880
482 1503 33 2898
483 1516 33 2925
484 1534 33 2949
485 1547 33 2971
486 1553 34 3000
487 1558 34 3025
488 1567 34 3048
489 1577 34 3079
490 1582 34 3098
491 1588 34 3121
492 1605 35 3145
493 1616 35 3166
494 1636 36 3187
495 1652 36 3206
496 1663 36 3228
497 1667 36 3257
498 1681 36 3280
499 1700 36 3302
500 1712 38 3321
501 1723 38 3343
502 1735 38 3371
503 1738 38 3399
504 1743 38 3433
505 1766 38 3456
506 1794 39 3474
507 1811 39 3499
508 1824 39 3531
509 1848 39 3558
510 1869 39 3586
511 1875 40 3622
512 1890 40 3654
513 1894 40 3682
514 1904 40 3713
515 1915 40 3743
516 1924 40 3772
517 1924 40 3805
518 1942 40 3833
519 1952 40 3855
520 1961 40 3889
521 1979 40 3914
522 1988 40 3958
523 2011 40 3984
524 2029 41 4010
525 2039 41 4037
526 2066 43 4059
527 2072 43 4087
528 2081 43 4118
529 2092 43 4149
530 2099 44 4184
531 2098 44 4221
532 2123 44 4252
533 2158 44 4273
534 2169 44 4302
535 2175 45 4341
536 2206 45 4366
537 2226 45 4390
538 2239 46 4424
539 2242 47 4459
540 2267 49 4483
541 2285 51 4512
542 2294 52 4545
543 2301 53 4583
544 2317 54 4622
545 2334 54 4654
546 2374 54 4689
547 2401 54 4726
548 2415 54 4759
549 2420 54 4799
550 2437 54 4826
551 2462 54 4857
552 2480 54 4888
553 2492 54 4934
554 2521 54 4976
555 2544 54 5019
556 2558 54 5055
557 2585 54 5087
558 2606 55 5118
559 2630 56 5156
560 2636 58 5195
561 2648 59 5227
562 2666 61 5275
563 2688 61 5304
564 2690 61 5350
565 2699 62 5393
566 2714 62 5435
567 2741 62 5470
568 2747 62 5515
569 2768 62 5554
570 2787 62 5601
571 2790 63 5652
572 2831 64 5688
573 2862 65 5726
574 2882 65 5775
575 2909 65 5815
576 2928 66 5854
577 2945 66 5897
578 2987 67 5929
579 3005 67 5978
580 3037 68 6019
581 3067 69 6058
582 3087 69 6107
583 3110 69 6153
584 3130 70 6190
585 3157 70 6240
586 3165 70 6290
587 3178 70 6341
588 3199 71 6387
589 3226 71 6437
590 3258 72 6479
591 3272 74 6528
592 3276 76 6583
593 3286 78 6641
594 3282 79 6702
595 3314 79 6749
596 3346 79 6787
597 3382 80 6831
598 3407 81 6882
599 3437 82 6927
600 3452 84 6983
601 3473 84 7034
602 3507 84 7074
603 3526 86 7134
604 3546 86 7180
605 3589 86 7218
606 3631 86 7267
607 3648 86 7326
608 3664 86 7394
609 3691 86 7437
610 3715 88 7497
611 3743 89 7544
612 3765 90 7588
613 3777 91 7660
614 3826 92 7712
615 3855 92 7773
616 3892 92 7821
617 3904 93 7881
618 3914 93 7952
619 3936 93 8022
620 3951 94 8087
621 3974 95 8157
622 3988 97 8219
623 4015 97 8283
624 4043 98 8338
625 4069 98 8396
626 4114 98 8446
627 4141 99 8501
628 4184 99 8550
629 4209 100 8619
630 4227 101 8684
631 4237 104 8755
632 4271 104 8811
633 4298 105 8872
634 4321 105 8933
635 4328 106 9000
636 4370 107 9058
637 4408 107 9113
638 4437 108 9182
639 4477 108 9245
640 4523 109 9312
641 4543 110 9374
642 4582 110 9444
643 4632 110 9505
644 4652 110 9581
645 4677 110 9659
646 4729 110 9724
647 4776 110 9786
648 4792 110 9878
649 4813 110 9948
650 4845 112 10034
651 4905 112 10091
652 4945 113 10166
653 4958 113 10241
654 4981 116 10322
655 5022 116 10395
