0 50 0 0
1 53 1 0
2 53 1 1
3 53 1 2
4 54 1 3
5 58 1 3
6 59 1 4
7 57 1 7
8 59 1 7
9 60 1 7
10 62 1 8
11 64 1 9
12 65 1 9
13 66 1 9
14 66 1 9
15 67 1 10
16 66 1 13
17 67 1 14
18 69 1 14
19 69 1 16
20 71 1 16
21 71 1 16
22 71 1 17
23 73 1 17
24 74 1 18
25 77 1 19
26 80 1 19
27 82 1 19
28 84 1 19
29 85 2 19
30 82 2 22
31 80 2 26
32 81 2 27
33 80 2 29
34 80 2 30
35 81 2 31
36 82 2 33
37 85 2 33
38 84 2 35
39 82 2 37
40 82 2 39
41 78 2 43
42 80 2 44
43 80 2 45
44 79 2 49
45 77 2 52
46 76 2 53
47 78 2 53
48 79 2 54
49 82 2 55
50 82 2 57
51 80 2 59
52 82 2 59
53 78 2 64
54 78 2 66
55 77 2 68
56 78 2 69
57 77 2 71
58 77 2 72
59 78 2 73
60 75 2 78
61 75 2 80
62 75 2 80
63 79 2 82
64 76 2 87
65 74 2 90
66 76 2 91
67 78 2 92
68 80 2 92
69 83 2 92
70 83 2 93
71 84 2 95
72 84 2 96
73 83 2 98
74 79 2 102
75 82 2 103
76 82 2 104
77 82 2 104
78 83 2 105
79 87 2 105
80 89 2 105
81 93 2 105
82 96 2 106
83 97 2 107
84 96 2 109
85 92 2 116
86 95 2 117
87 94 2 118
88 94 2 120
89 92 2 122
90 92 2 124
91 90 2 127
92 89 2 128
93 88 2 129
94 87 2 132
95 90 2 132
96 91 2 133
97 91 2 135
98 90 2 138
99 92 2 140
100 92 2 141
101 92 2 142
102 93 2 144
103 92 2 147
104 93 2 147
105 95 2 147
106 95 2 148
107 95 2 149
108 95 2 150
109 96 2 151
110 100 2 151
111 96 2 156
112 93 2 159
113 95 2 160
114 95 2 160
115 97 2 161
116 97 2 161
117 97 2 162
118 100 2 163
119 104 2 163
120 109 2 163
121 110 2 165
122 112 2 166
123 110 2 169
124 110 2 171
125 110 2 172
126 113 2 172
127 116 2 175
128 115 2 177
129 117 2 177
130 118 2 178
131 123 2 180
132 124 2 182
133 127 2 184
134 129 2 185
135 131 2 185
136 134 2 186
137 134 2 188
138 135 2 189
139 137 2 189
140 135 2 191
141 141 2 192
142 143 2 193
143 142 2 195
144 143 2 199
145 144 2 199
146 144 2 200
147 149 2 200
148 150 2 202
149 154 2 202
150 153 2 206
151 154 2 207
152 155 2 210
153 153 2 214
154 155 2 215
155 153 2 220
156 153 2 220
157 158 2 220
158 156 2 224
159 155 2 228
160 154 2 230
161 158 2 231
162 160 2 232
163 162 2 233
164 163 2 234
165 163 2 236
166 166 2 239
167 167 2 242
168 170 2 245
169 172 2 245
170 172 2 248
171 170 2 250
172 168 2 255
173 168 2 257
174 171 2 259
175 173 2 260
176 174 2 262
177 177 2 262
178 181 2 264
179 182 2 267
180 188 2 268
181 190 2 272
182 192 2 274
183 190 2 278
184 192 2 279
185 193 2 281
186 194 2 283
187 198 2 283
188 200 2 283
189 206 2 283
190 208 2 285
191 213 2 287
192 213 2 289
193 214 2 292
194 214 2 296
195 217 2 299
196 217 2 302
197 219 2 304
198 221 2 308
199 223 2 313
200 229 2 315
201 227 2 319
202 229 2 321
203 231 2 324
204 228 2 331
205 226 2 335
206 228 2 339
207 234 2 342
208 237 2 344
209 239 2 346
210 243 2 347
211 247 2 351
212 249 2 355
213 252 2 357
214 259 2 361
215 260 2 366
216 261 2 370
217 259 2 377
218 258 2 381
219 262 2 382
220 261 2 387
221 256 2 394
222 261 2 398
223 266 2 399
224 268 2 402
225 268 2 407
226 268 2 411
227 272 2 412
228 271 2 419
229 276 2 422
230 277 2 427
231 278 2 430
232 279 2 435
233 283 2 440
234 291 2 442
235 292 2 445
236 295 2 450
237 291 2 455
238 292 2 461
239 295 2 465
240 299 2 467
241 303 2 471
242 302 2 477
243 306 2 480
244 310 2 483
245 317 2 486
246 325 2 488
247 329 2 493
248 333 2 497
249 332 2 502
250 340 2 505
251 343 2 509
252 354 2 513
253 345 2 527
254 341 2 539
255 344 2 542
256 349 2 547
257 350 2 551
258 351 2 558
259 355 2 563
260 355 2 568
261 360 2 572
262 366 2 575
263 366 2 583
264 368 2 589
265 368 2 595
266 368 2 602
267 368 2 609
268 368 2 615
269 370 2 619
270 379 2 622
271 380 2 626
272 389 2 629
273 394 2 633
274 398 2 639
275 401 2 645
276 411 2 650
277 416 2 655
278 423 2 662
279 432 2 665
280 429 2 671
281 432 2 678
282 437 2 686
283 437 2 694
284 444 2 700
285 447 2 708
286 446 2 715
287 449 2 719
288 459 2 723
289 460 2 730
290 462 2 736
291 467 2 743
292 467 2 749
293 478 2 754
294 490 2 758
295 488 2 770
296 492 2 780
297 491 2 791
298 488 2 798
299 493 2 804
300 497 2 811
301 500 2 817
302 498 2 829
303 507 2 833
304 515 2 840
305 522 2 845
306 531 2 852
307 529 2 860
308 536 2 868
309 541 2 877
310 546 2 882
311 547 2 890
312 551 2 900
313 553 2 910
314 558 2 917
315 560 3 922
316 566 3 932
317 576 4 940
318 575 4 950
319 582 5 955
320 585 5 969
321 593 5 974
322 594 5 983
323 592 5 994
324 593 5 1007
325 592 5 1018
326 604 5 1025
327 600 5 1040
328 605 5 1049
329 611 5 1056
330 612 5 1067
331 614 5 1078
332 617 5 1089
333 623 5 1097
334 626 5 1107
335 627 5 1116
336 624 5 1123
337 626 5 1132
338 632 5 1142
339 637 5 1151
340 639 5 1158
341 651 5 1165
342 655 5 1175
343 658 5 1186
344 666 5 1198
345 675 5 1205
346 680 5 1214
347 692 5 1220
348 691 5 1232
349 692 5 1245
350 697 5 1256
351 701 5 1269
352 701 5 1284
353 706 5 1291
354 706 5 1303
355 718 5 1308
356 722 5 1321
357 732 6 1326
358 740 6 1335
359 743 6 1345
360 747 6 1354
361 754 6 1362
362 759 6 1372
363 758 6 1384
364 760 6 1397
365 760 6 1412
366 766 6 1424
367 770 6 1434
368 787 6 1441
369 797 6 1447
370 800 6 1456
371 814 6 1467
372 821 6 1482
373 820 6 1493
374 821 7 1504
375 825 7 1516
376 830 7 1528
377 823 7 1545
378 825 8 1555
379 839 8 1562
380 844 8 1577
381 855 8 1584
382 864 8 1592
383 860 8 1613
384 865 8 1625
385 867 8 1636
386 867 8 1650
387 875 8 1658
388 873 8 1674
389 887 8 1689
390 887 8 1708
391 891 8 1723
392 895 8 1736
393 901 8 1755
394 907 8 1768
395 917 8 1788
396 931 8 1794
397 937 8 1805
398 927 8 1826
399 933 8 1840
400 932 8 1860
401 939 8 1876
402 948 8 1891
403 956 8 1905
404 970 8 1919
405 986 9 1932
406 1003 9 1941
407 1013 9 1958
408 1016 9 1974
409 1016 11 1991
410 1022 11 2003
411 1022 11 2019
412 1031 11 2030
413 1036 11 2045
414 1042 11 2061
415 1047 12 2080
416 1064 12 2094
417 1084 12 2104
418 1090 12 2122
419 1092 12 2137
420 1109 12 2146
421 1129 12 2164
422 1132 12 2181
423 1146 12 2195
424 1154 12 2209
425 1159 12 2225
426 1175 12 2241
427 1175 12 2262
428 1190 12 2271
429 1204 12 2286
430 1211 12 2309
431 1211 12 2334
432 1232 12 2344
433 1239 12 2358
434 1248 12 2376
435 1248 12 2401
436 1255 12 2423
437 1256 12 2450
438 1265 12 2475
439 1269 12 2489
440 1281 12 2505
441 1283 12 2525
442 1286 12 2543
443 1293 12 2556
444 1306 13 2571
445 1323 13 2587
446 1336 13 2610
447 1352 14 2624
448 1372 14 2637
449 1383 14 2659
450 1395 14 2677
451 1389 16 2698
452 1397 17 2721
453 1414 17 2738
454 1422 17 2757
455 1432 17 2774
456 1451 17 2786
457 1469 17 2813
458 1480 17 2837
459 1490 17 2855
460 1506 17 2879
461 1520 18 2895
462 1518 18 2927
463 1536 18 2942
464 1544 18 2967
465 1551 18 2990
466 1566 18 3019
467 1584 18 3039
468 1597 19 3060
469 1619 19 3084
470 1637 19 3104
471 1636 20 3131
472 1647 20 3156
473 1666 20 3179
474 1677 20 3203
475 1690 20 3236
476 1705 20 3261
477 1717 20 3283
478 1744 20 3303
479 1753 20 3329
480 1747 20 3364
481 1758 20 3388
482 1775 21 3410
483 1793 21 3429
484 1785 22 3468
485 1809 22 3499
486 1818 22 3528
487 1843 22 3548
488 1850 22 3576
489 1859 23 3605
490 1866 23 3638
491 1864 23 3672
492 1865 24 3702
493 1879 25 3721
494 1900 25 3748
495 1912 25 3780
496 1927 25 3808
497 1945 25 3835
498 1957 25 3861
499 1969 25 3885
500 1977 26 3917
501 1989 27 3947
502 1999 28 3977
503 2022 28 4003
504 2021 28 4034
505 2024 28 4064
506 2054 28 4091
507 2078 28 4115
508 2095 28 4146
509 2114 28 4174
510 2129 28 4199
511 2132 28 4240
512 2165 28 4270
513 2173 28 4304
514 2189 28 4336
515 2223 28 4359
516 2227 28 4406
517 2235 28 4443
518 2250 29 4481
519 2260 29 4513
520 2270 29 4554
521 2294 29 4587
522 2309 29 4623
523 2328 30 4656
524 2341 30 4696
525 2351 30 4734
526 2376 30 4777
527 2394 31 4807
528 2411 31 4844
529 2432 32 4890
530 2456 32 4910
531 2471 33 4945
532 2465 34 4989
533 2479 34 5020
534 2497 34 5055
535 2513 35 5093
536 2521 35 5134
537 2541 35 5166
538 2565 35 5194
539 2591 35 5236
540 2605 35 5276
541 2641 35 5298
542 2676 35 5334
543 2699 35 5375
544 2726 35 5415
545 2754 35 5454
546 2776 35 5490
547 2788 36 5534
548 2799 36 5590
549 2828 36 5632
550 2862 36 5665
551 2898 36 5695
552 2920 36 5744
553 2932 36 5796
554 2954 36 5837
555 2973 36 5882
556 3003 36 5922
557 3017 36 5964
558 3030 36 6012
559 3052 36 6058
560 3056 36 6113
561 3059 36 6161
562 3068 37 6220
563 3091 39 6272
564 3106 39 6312
565 3136 39 6345
566 3158 41 6385
567 3195 41 6420
568 3225 41 6473
569 3242 42 6525
570 3237 42 6589
571 3270 42 6631
572 3280 42 6684
573 3313 43 6720
574 3322 43 6773
575 3356 45 6823
576 3375 45 6877
577 3384 46 6927
578 3391 46 6976
579 3417 46 7016
580 3448 47 7063
581 3457 48 7109
582 3472 48 7160
583 3490 49 7207
584 3499 50 7257
585 3532 51 7310
586 3552 52 7367
587 3559 52 7427
588 3586 52 7475
589 3625 52 7524
590 3645 53 7585
591 3656 55 7645
592 3689 55 7696
593 3718 55 7751
594 3748 55 7805
595 3771 55 7862
596 3802 55 7922
597 3835 55 7972
598 3850 55 8032
599 3874 55 8085
600 3906 55 8155
601 3912 56 8211
602 3954 56 8270
603 4001 56 8331
604 4018 56 8387
605 4035 56 8446
606 4075 56 8506
607 4099 56 8563
608 4115 56 8639
609 4125 57 8707
610 4138 57 8774
611 4157 58 8840
612 4172 59 8906
613 4223 59 8969
614 4264 60 9017
615 4274 60 9094
616 4282 60 9155
617 4311 60 9222
618 4329 60 9298
619 4371 60 9362
620 4407 60 9421
621 4426 60 9500
622 4448 62 9556
623 4471 62 9625
624 4503 64 9686
625 4531 65 9755
626 4574 66 9823
627 4592 66 9881
628 4612 67 9959
629 4629 67 10026
630 4685 67 10084
631 4715 68 10152
632 4755 69 10222
633 4794 70 10299
634 4823 71 10375
635 4849 73 10450
636 4900 74 10506
637 4927 75 10580
638 4969 76 10652
639 4997 76 10727
640 5038 77 10794
