0 50 0 0
1 49 0 2
2 50 0 2
3 51 0 3
4 53 0 3
5 52 0 4
6 52 0 4
7 54 0 5
8 57 0 5
9 57 0 6
10 57 0 7
11 59 0 7
12 58 0 8
13 58 0 8
14 57 0 9
15 58 0 10
16 59 0 10
17 59 0 11
18 61 0 12
19 65 0 12
20 64 0 14
21 62 0 16
22 60 0 18
23 60 0 18
24 60 0 18
25 60 0 18
26 63 0 18
27 62 0 21
28 64 0 22
29 63 0 24
30 64 0 24
31 64 0 25
32 63 0 27
33 62 0 28
34 62 0 28
35 66 0 28
36 66 0 29
37 66 0 30
38 65 0 31
39 65 0 33
40 66 0 33
41 67 0 33
42 68 0 34
43 69 0 35
44 68 0 36
45 67 0 38
46 69 0 38
47 71 0 38
48 71 0 39
49 70 0 41
50 71 0 42
51 72 0 42
52 71 0 43
53 70 0 45
54 70 0 45
55 70 0 47
56 68 0 50
57 68 0 51
58 68 0 53
59 66 0 56
60 68 0 56
61 68 1 57
62 66 1 61
63 68 1 62
64 69 1 62
65 69 1 63
66 72 1 63
67 73 1 64
68 73 1 64
69 75 1 64
70 77 1 64
71 75 1 66
72 75 1 66
73 78 1 67
74 78 1 69
75 78 1 72
76 82 1 72
77 81 1 75
78 82 1 76
79 80 1 78
80 79 1 79
81 79 1 80
82 85 1 81
83 85 1 81
84 86 1 82
85 88 1 83
86 87 1 85
87 85 1 87
88 85 1 89
89 84 1 90
90 85 1 90
91 88 1 91
92 86 1 95
93 88 1 97
94 87 1 98
95 86 1 99
96 85 1 101
97 85 1 102
98 86 1 102
99 86 1 104
100 90 1 105
101 88 1 107
102 87 1 108
103 91 1 109
104 91 1 112
105 91 1 113
106 91 1 115
107 94 1 115
108 96 1 116
109 95 1 118
110 100 1 120
111 99 1 122
112 98 1 124
113 93 1 129
114 93 1 131
115 93 1 133
116 91 1 137
117 92 1 137
118 91 1 139
119 94 1 139
120 93 1 142
121 93 1 144
122 95 1 144
123 95 1 146
124 93 1 149
125 92 1 151
126 94 1 152
127 92 1 156
128 90 1 158
129 92 1 158
130 93 1 158
131 93 1 160
132 95 1 162
133 95 1 164
134 94 1 166
135 97 1 168
136 96 1 170
137 97 1 172
138 99 1 174
139 96 1 178
140 97 1 179
141 95 1 182
142 98 1 183
143 99 1 184
144 98 1 186
145 101 1 189
146 100 1 194
147 95 1 199
148 98 1 199
149 97 1 201
150 94 1 205
151 93 1 206
152 93 1 208
153 95 1 208
154 99 1 209
155 99 1 211
156 99 1 213
157 104 1 213
158 105 1 215
159 103 1 217
160 106 1 218
161 107 1 218
162 110 1 219
163 109 1 221
164 111 1 223
165 115 1 225
166 117 1 228
167 119 1 229
168 117 1 231
169 119 1 234
170 121 1 236
171 123 1 238
172 126 1 238
173 128 1 240
174 128 1 243
175 131 1 243
176 133 1 243
177 132 1 245
178 134 1 245
179 131 1 250
180 130 1 253
181 135 1 254
182 135 1 255
183 139 1 255
184 138 1 259
185 142 1 260
186 147 1 260
187 148 1 261
188 146 1 265
189 147 1 266
190 142 1 274
191 140 1 277
192 144 1 279
193 145 1 282
194 142 1 286
195 142 1 288
196 142 1 291
197 144 1 293
198 145 1 294
199 142 2 299
200 144 2 299
201 143 2 301
202 148 2 302
203 150 2 303
204 151 2 304
205 158 2 305
206 155 2 309
207 154 2 312
208 156 2 312
209 159 2 313
210 162 2 314
211 162 2 317
212 163 2 319
213 167 2 321
214 167 2 324
215 167 2 327
216 166 2 329
217 168 2 331
218 173 2 333
219 174 2 334
220 175 2 338
221 177 2 342
222 177 2 344
223 176 2 349
224 179 2 349
225 178 2 352
226 179 2 355
227 182 2 356
228 188 2 358
229 188 3 359
230 190 3 362
231 192 3 366
232 195 3 367
233 196 4 368
234 198 4 370
235 202 4 370
236 205 4 371
237 205 4 373
238 206 4 375
239 210 5 377
240 212 5 380
241 217 5 381
242 216 5 383
243 215 5 389
244 214 5 395
245 215 5 399
246 218 5 404
247 219 5 409
248 223 5 409
249 223 5 414
250 223 5 419
251 227 5 421
252 229 5 423
253 229 5 426
254 232 5 426
255 232 5 431
256 233 5 436
257 235 5 441
258 237 5 442
259 243 5 444
260 244 5 447
261 245 5 454
262 246 5 458
263 244 5 464
264 240 5 471
265 246 5 472
266 252 5 476
267 253 5 480
268 258 5 483
269 258 5 489
270 260 5 495
271 260 5 501
272 262 5 506
273 260 5 510
274 262 5 513
275 260 5 519
276 264 5 521
277 265 5 527
278 267 5 531
279 267 5 540
280 269 5 543
281 266 5 551
282 273 5 554
283 276 5 560
284 277 5 568
285 280 5 573
286 284 5 578
287 286 5 581
288 287 5 586
289 286 5 591
290 289 5 593
291 289 5 597
292 284 5 609
293 284 5 612
294 284 5 617
295 284 5 621
296 285 5 627
297 285 5 631
298 290 5 634
299 291 5 639
300 296 5 640
301 298 5 643
302 308 5 646
303 310 5 650
304 314 5 653
305 313 5 661
306 310 5 669
307 305 5 679
308 310 5 681
309 312 5 688
310 307 5 695
311 313 5 696
312 315 5 701
313 325 5 703
314 334 5 704
315 337 5 708
316 339 5 712
317 346 5 715
318 349 5 718
319 355 5 720
320 354 5 725
321 353 5 732
322 349 6 738
323 354 6 744
324 348 6 754
325 352 6 758
326 354 6 765
327 358 6 768
328 362 6 773
329 364 6 778
330 367 6 785
331 370 6 790
332 373 6 792
333 376 6 796
334 386 6 800
335 390 6 805
336 392 6 811
337 387 6 818
338 389 6 823
339 392 6 828
340 396 6 835
341 406 6 839
342 401 6 850
343 399 6 861
344 401 6 867
345 401 6 873
346 406 6 877
347 414 6 879
348 419 6 887
349 424 6 890
350 431 6 897
351 430 6 906
352 435 6 913
353 436 6 922
354 445 6 927
355 452 6 928
356 460 6 932
357 465 6 938
358 469 6 945
359 474 6 950
360 479 6 957
361 477 6 964
362 476 6 972
363 482 6 979
364 485 6 985
365 492 6 993
366 496 6 1003
367 501 6 1009
368 501 6 1018
369 501 6 1025
370 502 6 1031
371 501 6 1043
372 504 6 1049
373 505 6 1058
374 511 6 1067
375 512 6 1073
376 513 6 1081
377 513 6 1089
378 523 6 1094
379 532 6 1097
380 533 6 1106
381 536 6 1113
382 542 6 1120
383 549 6 1125
384 551 6 1135
385 551 6 1144
386 552 7 1155
387 557 7 1164
388 562 7 1168
389 562 7 1177
390 561 7 1187
391 571 7 1194
392 576 7 1203
393 581 7 1214
394 580 7 1224
395 582 7 1235
396 586 7 1242
397 598 7 1248
398 597 7 1256
399 597 7 1265
400 594 8 1275
401 600 8 1280
402 607 8 1285
403 614 8 1291
404 618 8 1299
405 626 8 1310
406 635 8 1319
407 640 8 1325
408 648 8 1335
409 653 8 1343
410 660 8 1350
411 665 8 1360
412 666 8 1370
413 666 8 1382
414 669 8 1391
415 673 8 1402
416 680 8 1410
417 687 8 1421
418 689 8 1432
419 701 8 1444
420 705 8 1455
421 712 9 1466
422 720 9 1475
423 727 9 1483
424 729 9 1496
425 739 9 1505
426 751 9 1513
427 757 9 1523
428 776 9 1532
429 782 9 1545
430 785 9 1558
431 792 9 1570
432 797 9 1578
433 799 9 1589
434 800 9 1602
435 813 9 1608
436 829 9 1616
437 840 9 1625
438 842 9 1635
439 839 9 1655
440 840 9 1673
441 853 9 1678
442 858 9 1693
443 876 9 1704
444 888 9 1716
445 877 10 1735
446 883 11 1749
447 887 11 1762
448 887 11 1781
449 896 11 1793
450 914 11 1803
451 919 12 1820
452 923 12 1833
453 939 12 1841
454 940 12 1857
455 943 12 1874
456 959 12 1888
457 968 12 1902
458 980 12 1912
459 984 12 1929
460 986 12 1951
461 995 12 1965
462 999 12 1981
463 1005 12 1992
464 1014 12 2002
465 1010 12 2024
466 1016 12 2036
467 1023 13 2047
468 1029 14 2070
469 1037 14 2084
470 1042 14 2105
471 1044 14 2123
472 1055 14 2137
473 1073 14 2153
474 1077 14 2169
475 1081 14 2182
476 1091 14 2195
477 1107 14 2209
478 1119 14 2227
479 1128 15 2240
480 1135 15 2256
481 1141 16 2271
482 1144 16 2295
483 1153 16 2312
484 1151 16 2332
485 1159 16 2349
486 1182 16 2360
487 1184 16 2385
488 1206 16 2400
489 1207 16 2419
490 1226 16 2429
491 1237 16 2446
492 1243 16 2466
493 1256 16 2475
494 1268 17 2490
495 1279 17 2509
496 1280 18 2527
497 1295 19 2536
498 1299 19 2560
499 1321 19 2575
500 1331 20 2592
501 1333 22 2608
502 1336 22 2626
503 1341 22 2640
504 1335 23 2664
505 1341 23 2683
506 1359 24 2699
507 1377 24 2714
508 1397 24 2734
509 1414 24 2760
510 1437 24 2775
511 1441 25 2795
512 1452 25 2817
513 1457 25 2841
514 1474 25 2866
515 1471 25 2894
516 1481 25 2915
517 1494 25 2934
518 1507 25 2956
519 1515 25 2978
520 1536 25 2997
521 1545 25 3019
522 1560 25 3042
523 1559 25 3070
524 1561 25 3097
525 1573 25 3127
526 1574 25 3158
527 1583 25 3180
528 1595 25 3200
529 1601 25 3233
530 1603 25 3258
531 1620 25 3279
532 1632 25 3305
533 1628 25 3337
534 1643 25 3359
535 1662 25 3380
536 1668 25 3405
537 1683 25 3428
538 1699 25 3450
539 1709 25 3476
540 1716 25 3506
541 1730 25 3525
542 1743 25 3547
543 1755 26 3574
544 1770 26 3597
545 1777 26 3623
546 1783 26 3649
547 1802 26 3667
548 1806 26 3696
549 1817 26 3725
550 1829 26 3755
551 1841 26 3774
552 1851 26 3798
553 1869 26 3822
554 1890 26 3847
555 1918 26 3866
556 1941 26 3890
557 1941 26 3928
558 1963 26 3956
559 1986 27 3981
560 1985 27 4016
561 1983 27 4054
562 1988 27 4083
563 2007 27 4108
564 2015 28 4132
565 2018 28 4166
566 2028 28 4192
567 2053 29 4213
568 2085 29 4232
569 2090 29 4269
570 2102 29 4305
571 2114 29 4332
572 2133 29 4360
573 2142 29 4395
574 2151 29 4434
575 2169 29 4463
576 2184 29 4497
577 2199 30 4525
578 2210 30 4561
579 2236 30 4590
580 2250 30 4624
581 2279 30 4653
582 2309 30 4677
583 2327 30 4707
584 2353 30 4736
585 2366 30 4769
586 2386 30 4805
587 2387 30 4853
588 2410 30 4892
589 2439 31 4925
590 2477 31 4956
591 2484 31 4997
592 2488 31 5045
593 2519 31 5074
594 2532 31 5107
595 2540 31 5157
596 2560 31 5201
597 2562 31 5247
598 2567 31 5298
599 2592 31 5334
600 2612 31 5373
601 2621 31 5415
602 2647 31 5448
603 2646 31 5493
604 2673 32 5530
605 2680 32 5575
606 2685 32 5620
607 2711 33 5663
608 2729 33 5702
609 2747 33 5739
610 2738 33 5799
611 2761 33 5839
612 2772 33 5889
613 2791 33 5937
614 2806 33 5981
615 2822 34 6026
616 2838 34 6073
617 2851 34 6119
618 2869 35 6165
619 2881 35 6210
620 2905 35 6253
621 2923 36 6291
622 2939 36 6336
623 2971 36 6378
624 2988 36 6427
625 3030 36 6460
626 3051 36 6510
627 3063 36 6554
628 3081 36 6599
629 3112 36 6636
630 3124 37 6690
631 3162 37 6732
632 3199 37 6775
633 3214 37 6830
634 3235 37 6872
635 3269 37 6913
636 3290 38 6957
637 3297 38 7010
638 3322 38 7049
639 3369 38 7090
640 3377 39 7151
641 3394 39 7200
642 3412 39 7261
643 3443 39 7300
644 3468 39 7348
645 3490 39 7405
646 3506 39 7461
647 3521 40 7510
648 3538 43 7575
649 3571 43 7620
650 3612 44 7675
651 3627 44 7743
652 3631 44 7804
653 3660 44 7860
654 3701 44 7908
655 3735 45 7959
656 3749 46 8018
657 3763 46 8075
658 3801 46 8123
659 3828 46 8184
660 3861 46 8235
661 3881 46 8294
662 3902 46 8359
663 3927 47 8414
664 3965 47 8471
665 4007 48 8533
666 4040 48 8590
667 4075 48 8648
668 4093 48 8722
669 4123 49 8774
670 4162 49 8838
671 4181 50 8898
672 4221 50 8956
673 4263 51 9009
674 4276 51 9077
675 4300 51 9146
676 4317 51 9223
677 4349 51 9284
678 4382 51 9352
679 4409 51 9421
680 4423 52 9499
681 4448 53 9563
682 4475 53 9628
683 4498 53 9692
684 4527 55 9771
685 4569 56 9830
686 4577 56 9912
687 4594 57 9976
688 4636 58 10055
689 4663 58 10134
690 4707 58 10204
691 4721 58 10272
692 4760 58 10338
693 4813 58 10400
694 4835 58 10480
695 4873 58 10549
696 4892 59 10626
697 4929 60 10699
698 4980 60 10778
699 5032 60 10849
