0 50 0 0
1 51 0 1
2 50 0 2
3 51 0 3
4 52 0 4
5 55 0 4
6 56 0 4
7 57 0 5
8 57 0 5
9 57 0 6
10 58 0 6
11 58 0 6
12 59 0 7
13 60 0 7
14 58 0 9
15 58 0 11
16 57 0 12
17 60 0 12
18 61 0 12
19 62 0 13
20 62 0 13
21 61 0 15
22 59 0 18
23 59 0 18
24 60 0 19
25 60 0 19
26 61 0 19
27 61 0 20
28 65 0 20
29 66 0 20
30 65 0 23
31 68 0 23
32 68 0 25
33 64 0 29
34 64 0 31
35 67 0 31
36 69 0 32
37 69 0 34
38 70 0 35
39 69 0 36
40 72 0 36
41 73 0 36
42 74 0 37
43 75 0 37
44 79 0 38
45 79 0 39
46 79 0 39
47 78 0 41
48 80 0 41
49 81 0 42
50 80 0 43
51 77 0 47
52 74 0 50
53 74 0 52
54 76 0 53
55 80 0 53
56 81 0 54
57 84 0 54
58 85 0 54
59 85 0 55
60 85 0 56
61 86 0 56
62 88 0 57
63 88 0 58
64 87 0 60
65 88 0 61
66 87 0 64
67 87 0 64
68 86 0 66
69 89 0 68
70 90 0 68
71 90 0 69
72 91 0 70
73 89 0 73
74 88 0 75
75 87 0 77
76 86 0 79
77 84 0 81
78 87 0 82
79 88 0 82
80 88 0 83
81 88 0 85
82 92 0 85
83 91 0 86
84 91 0 88
85 87 0 92
86 89 0 92
87 90 0 92
88 88 0 94
89 88 0 95
90 84 1 98
91 80 1 102
92 81 1 103
93 81 1 105
94 84 1 106
95 83 1 108
96 82 1 110
97 84 1 110
98 88 1 110
99 87 1 112
100 87 1 114
101 88 1 117
102 88 1 119
103 89 1 120
104 91 1 120
105 89 1 123
106 93 1 125
107 92 1 127
108 92 1 129
109 96 1 129
110 99 1 130
111 103 1 131
112 101 1 135
113 102 1 136
114 105 1 136
115 106 1 137
116 105 1 139
117 107 1 140
118 110 1 140
119 110 1 140
120 111 1 141
121 112 1 142
122 112 1 143
123 110 1 147
124 115 1 148
125 117 1 152
126 118 1 155
127 122 1 156
128 125 1 156
129 129 1 158
130 128 1 161
131 128 1 161
132 127 1 164
133 130 1 165
134 132 1 167
135 135 1 167
136 138 1 169
137 141 1 169
138 141 1 171
139 146 1 172
140 149 1 173
141 145 1 179
142 144 1 182
143 141 1 186
144 138 1 189
145 141 2 190
146 144 2 191
147 146 2 193
148 149 2 194
149 155 2 195
150 157 2 195
151 159 2 198
152 160 3 199
153 162 3 201
154 165 3 202
155 168 3 202
156 170 3 204
157 177 3 204
158 178 3 205
159 184 3 207
160 187 3 208
161 189 3 209
162 193 3 210
163 193 3 216
164 194 3 222
165 194 3 225
166 195 5 229
167 196 5 232
168 201 5 234
169 203 5 236
170 203 5 240
171 205 5 243
172 209 5 247
173 207 5 251
174 211 5 253
175 210 5 258
176 213 5 259
177 211 5 264
178 215 5 266
179 213 5 272
180 214 5 276
181 213 5 281
182 216 5 284
183 213 5 290
184 218 5 292
185 220 5 295
186 223 5 298
187 225 6 300
188 220 6 307
189 223 6 312
190 222 6 314
191 221 6 317
192 223 6 321
193 224 6 326
194 223 7 328
195 228 8 329
196 228 8 332
197 230 8 334
198 230 8 336
199 232 8 338
200 229 8 343
201 229 8 343
202 232 9 345
203 233 10 348
204 240 10 351
205 238 11 354
206 241 11 356
207 245 11 358
208 243 12 362
209 246 12 365
210 247 12 366
211 251 12 369
212 256 12 372
213 256 12 379
214 263 12 381
215 265 12 384
216 260 12 392
217 264 12 395
218 265 12 401
219 260 12 411
220 262 12 415
221 264 12 418
222 263 12 419
223 270 12 422
224 269 14 428
225 268 14 435
226 268 14 438
227 266 14 444
228 271 14 449
229 278 14 451
230 277 14 455
231 279 14 459
232 280 14 464
233 279 14 469
234 280 14 474
235 286 14 478
236 292 14 480
237 292 14 483
238 300 14 483
239 309 14 488
240 309 16 492
241 311 16 495
242 309 16 505
243 311 16 507
244 317 16 511
245 322 16 517
246 327 16 522
247 332 16 526
248 333 16 529
249 340 16 535
250 343 16 540
251 341 16 544
252 347 16 547
253 345 16 553
254 341 17 562
255 341 17 566
256 341 17 573
257 342 17 580
258 341 17 586
259 338 17 594
260 344 17 596
261 347 17 601
262 347 17 609
263 357 17 612
264 356 18 617
265 355 19 624
266 357 19 626
267 363 19 629
268 364 20 636
269 366 20 643
270 373 20 647
271 373 20 653
272 373 20 659
273 378 20 661
274 384 20 662
275 384 21 666
276 387 22 670
277 398 22 675
278 396 22 682
279 399 22 685
280 401 22 691
281 404 22 697
282 401 23 705
283 405 23 710
284 413 23 714
285 429 23 718
286 427 23 726
287 434 23 733
288 441 24 740
289 442 24 748
290 441 26 752
291 439 27 757
292 444 29 758
293 455 29 760
294 461 30 767
295 457 32 777
296 459 32 784
297 453 32 796
298 452 34 806
299 453 36 814
300 451 36 822
301 461 36 828
302 461 37 838
303 465 37 843
304 475 37 847
305 477 37 853
306 481 37 857
307 484 37 860
308 492 37 866
309 492 38 876
310 491 39 887
311 508 39 892
312 510 39 897
313 515 40 904
314 517 42 915
315 520 43 921
316 525 44 926
317 530 44 933
318 537 44 941
319 545 44 950
320 540 45 961
321 553 46 963
322 564 48 967
323 575 48 974
324 582 48 981
325 580 48 990
326 588 48 997
327 593 48 1007
328 594 48 1017
329 599 48 1023
330 596 49 1032
331 592 50 1044
332 596 50 1051
333 602 50 1064
334 607 51 1071
335 602 51 1091
336 607 51 1102
337 612 51 1107
338 612 52 1118
339 614 52 1130
340 606 54 1145
341 617 54 1151
342 616 54 1161
343 619 54 1165
344 626 54 1171
345 635 54 1181
346 639 56 1193
347 640 56 1202
348 642 56 1216
349 655 57 1221
350 659 58 1234
351 660 59 1244
352 658 59 1260
353 653 59 1274
354 660 59 1285
355 669 60 1291
356 677 60 1299
357 685 60 1309
358 694 60 1320
359 698 60 1333
360 700 61 1347
361 707 62 1359
362 707 62 1374
363 710 62 1384
364 714 63 1391
365 719 63 1402
366 720 64 1413
367 723 64 1425
368 721 64 1436
369 725 64 1449
370 738 64 1453
371 734 64 1470
372 737 65 1482
373 732 65 1496
374 738 68 1504
375 736 68 1515
376 746 68 1522
377 756 68 1530
378 762 68 1540
379 775 68 1548
380 780 68 1560
381 774 69 1577
382 785 69 1587
383 797 70 1594
384 799 70 1611
385 810 70 1622
386 819 70 1631
387 831 70 1641
388 829 71 1656
389 823 73 1672
390 820 73 1688
391 829 74 1692
392 842 74 1704
393 852 74 1716
394 863 77 1726
395 868 77 1738
396 866 79 1750
397 878 79 1761
398 879 80 1774
399 890 80 1787
400 892 81 1798
401 893 81 1809
402 901 82 1817
403 910 83 1829
404 916 83 1845
405 905 83 1867
406 917 83 1883
407 918 84 1901
408 925 84 1915
409 931 85 1928
410 940 85 1940
411 946 86 1959
412 951 88 1974
413 961 88 1988
414 959 90 2008
415 976 90 2018
416 986 90 2033
417 992 90 2046
418 998 91 2057
419 1003 91 2073
420 1009 91 2084
421 1001 92 2105
422 1005 94 2126
423 1011 94 2151
424 1018 95 2170
425 1016 95 2190
426 1028 96 2204
427 1035 97 2221
428 1050 97 2234
429 1047 99 2256
430 1045 100 2272
431 1050 101 2288
432 1058 101 2303
433 1060 101 2322
434 1061 101 2338
435 1070 102 2356
436 1062 102 2383
437 1080 102 2395
438 1085 102 2410
439 1096 102 2419
440 1100 102 2434
441 1107 102 2446
442 1113 102 2462
443 1123 102 2476
444 1144 102 2493
445 1150 103 2505
446 1152 104 2523
447 1156 104 2545
448 1160 104 2563
449 1162 104 2584
450 1163 104 2601
451 1179 104 2615
452 1187 104 2631
453 1196 104 2643
454 1192 105 2669
455 1197 105 2691
456 1198 105 2708
457 1198 106 2727
458 1200 106 2743
459 1217 107 2758
460 1220 108 2774
461 1223 109 2793
462 1225 109 2816
463 1234 109 2833
464 1248 110 2845
465 1246 111 2865
466 1252 111 2881
467 1256 111 2899
468 1265 111 2919
469 1284 111 2932
470 1303 111 2952
471 1312 111 2977
472 1325 111 2992
473 1331 111 3016
474 1346 111 3024
475 1356 111 3043
476 1372 111 3067
477 1390 111 3085
478 1398 112 3109
479 1404 113 3140
480 1412 116 3154
481 1416 116 3180
482 1416 116 3203
483 1424 116 3220
484 1444 116 3238
485 1457 116 3257
486 1460 116 3281
487 1476 116 3300
488 1487 116 3324
489 1496 116 3351
490 1501 117 3373
491 1508 117 3398
492 1529 117 3417
493 1550 117 3439
494 1568 117 3465
495 1578 117 3490
496 1580 117 3516
497 1601 118 3530
498 1619 119 3546
499 1636 119 3568
500 1651 119 3593
501 1649 119 3619
502 1663 120 3640
503 1677 121 3662
504 1685 121 3690
505 1693 121 3718
506 1703 121 3743
507 1723 121 3764
508 1731 121 3789
509 1730 123 3823
510 1734 125 3850
511 1748 125 3878
512 1761 125 3903
513 1775 125 3924
514 1778 125 3955
515 1784 125 3986
516 1804 125 4013
517 1820 125 4042
518 1834 129 4062
519 1861 130 4090
520 1887 130 4111
521 1900 130 4143
522 1919 130 4171
523 1934 130 4197
524 1949 131 4226
525 1957 131 4261
526 1966 133 4292
527 1971 134 4320
528 1991 136 4343
529 2000 137 4372
530 2004 141 4401
531 2015 141 4425
532 2031 141 4455
533 2036 142 4484
534 2056 142 4503
535 2076 142 4532
536 2095 144 4562
537 2103 144 4595
538 2131 145 4626
539 2143 145 4657
540 2160 146 4679
541 2170 146 4711
542 2174 146 4746
543 2196 146 4778
544 2210 146 4814
545 2239 146 4845
546 2255 146 4878
547 2269 146 4911
548 2285 147 4947
549 2296 147 4978
550 2338 147 4999
551 2345 148 5034
552 2360 148 5071
553 2368 149 5105
554 2387 151 5138
555 2386 151 5185
556 2401 151 5232
557 2431 152 5264
558 2457 155 5291
559 2468 155 5333
560 2460 156 5380
561 2468 157 5419
562 2493 158 5458
563 2509 159 5502
564 2543 159 5535
565 2563 159 5572
566 2580 160 5609
567 2583 160 5654
568 2610 161 5682
569 2620 162 5726
570 2650 163 5758
571 2669 163 5799
572 2691 164 5836
573 2710 165 5880
574 2726 166 5921
575 2745 169 5962
576 2760 172 5999
577 2787 172 6027
578 2801 172 6065
579 2814 172 6113
580 2830 173 6154
581 2847 173 6195
582 2870 175 6239
583 2881 176 6281
584 2920 176 6320
585 2925 179 6368
586 2942 180 6418
587 2967 182 6463
588 3002 182 6510
589 3024 182 6556
590 3028 183 6601
591 3055 183 6643
592 3076 183 6696
593 3099 183 6737
594 3124 183 6774
595 3139 183 6818
596 3152 185 6875
597 3162 188 6936
598 3188 188 6969
599 3194 190 7021
600 3224 190 7066
601 3257 190 7111
602 3289 191 7150
603 3301 192 7203
604 3335 192 7239
605 3350 195 7292
606 3377 195 7340
607 3395 196 7390
608 3415 199 7437
609 3425 200 7501
610 3455 200 7550
611 3486 200 7603
612 3524 200 7657
613 3536 200 7712
614 3571 200 7767
615 3608 200 7818
616 3628 200 7865
617 3646 200 7921
618 3671 200 7980
619 3698 201 8032
620 3718 203 8095
621 3738 204 8153
622 3765 205 8203
623 3786 205 8263
624 3826 207 8313
625 3841 209 8374
626 3850 211 8433
627 3857 212 8497
628 3881 212 8561
629 3925 213 8616
630 3965 213 8669
631 3991 213 8733
632 4023 213 8793
633 4025 214 8853
634 4050 215 8918
635 4078 215 8986
636 4116 218 9037
637 4125 218 9104
638 4143 218 9166
639 4184 218 9222
640 4203 218 9287
641 4215 221 9353
642 4261 221 9412
643 4295 222 9478
644 4308 223 9554
645 4333 223 9613
646 4349 228 9685
647 4370 228 9747
648 4398 228 9815
649 4407 228 9904
650 4449 229 9964
651 4482 233 10030
652 4528 234 10089
653 4554 235 10164
654 4603 237 10232
655 4639 238 10295
656 4682 240 10364
657 4719 242 10434
658 4758 244 10511
659 4790 244 10582
660 4825 244 10648
661 4854 248 10718
662 4872 251 10796
663 4896 252 10868
664 4920 254 10940
665 4929 257 11020
666 4947 258 11102
667 4992 259 11179
668 5033 261 11256
