0 50 0 0
1 49 0 2
2 49 0 2
3 49 0 3
4 49 0 3
5 49 0 4
6 50 0 5
7 49 0 6
8 50 0 6
9 48 0 8
10 47 0 9
11 47 0 9
12 47 0 9
13 47 0 10
14 50 0 10
15 49 0 11
16 48 0 12
17 48 0 12
18 49 0 13
19 49 0 13
20 47 0 16
21 47 0 16
22 47 0 17
23 49 0 17
24 48 0 18
25 49 0 18
26 49 0 18
27 50 0 18
28 49 0 19
29 47 0 21
30 48 0 21
31 50 0 21
32 51 0 21
33 51 0 22
34 50 0 23
35 50 0 24
36 50 0 25
37 49 0 26
38 48 0 27
39 49 0 27
40 52 0 27
41 51 0 28
42 50 0 29
43 49 0 30
44 49 0 31
45 50 0 31
46 49 0 32
47 51 0 32
48 52 0 32
49 51 0 33
50 51 0 33
51 51 0 35
52 51 0 35
53 51 0 35
54 50 0 37
55 51 0 37
56 52 0 37
57 52 0 38
58 53 0 38
59 49 0 42
60 53 0 43
61 55 0 43
62 57 0 44
63 55 0 46
64 53 0 48
65 52 0 49
66 51 0 51
67 52 0 52
68 52 0 53
69 51 0 54
70 52 0 54
71 52 0 55
72 53 0 56
73 55 0 58
74 54 0 62
75 54 0 62
76 54 0 63
77 54 0 64
78 51 0 67
79 51 0 67
80 52 0 68
81 52 0 69
82 54 0 69
83 53 0 70
84 54 0 71
85 56 0 71
86 56 0 72
87 57 0 72
88 57 0 73
89 57 0 73
90 56 0 75
91 54 0 77
92 54 0 78
93 55 0 78
94 55 0 78
95 55 0 78
96 55 0 78
97 57 0 78
98 57 0 79
99 61 0 80
100 65 0 80
101 67 0 80
102 66 0 82
103 66 0 83
104 69 0 83
105 71 0 83
106 67 0 87
107 69 0 87
108 70 0 87
109 74 0 87
110 75 0 87
111 74 0 90
112 73 0 92
113 76 0 93
114 76 0 96
115 78 0 97
116 79 0 97
117 79 0 97
118 80 0 98
119 81 0 98
120 82 0 98
121 82 0 98
122 82 0 100
123 80 0 104
124 80 0 106
125 84 0 106
126 83 0 109
127 83 0 110
128 83 0 111
129 85 0 112
130 86 0 113
131 87 0 114
132 88 0 115
133 90 0 115
134 90 0 116
135 89 0 118
136 90 0 118
137 89 0 119
138 91 0 120
139 89 0 122
140 89 0 123
141 91 0 124
142 91 0 124
143 92 0 124
144 93 0 126
145 93 0 127
146 89 0 131
147 94 0 131
148 91 0 134
149 91 0 136
150 91 0 138
151 90 0 139
152 92 0 140
153 92 0 140
154 92 0 141
155 91 0 143
156 92 0 144
157 90 0 147
158 89 0 149
159 92 0 149
160 94 0 149
161 96 0 149
162 96 0 151
163 99 0 152
164 102 0 153
165 102 0 155
166 104 0 157
167 105 0 157
168 104 0 160
169 102 0 162
170 104 0 164
171 102 0 167
172 101 0 169
173 103 0 170
174 104 0 172
175 102 0 175
176 103 0 177
177 104 0 177
178 107 0 178
179 108 0 180
180 106 0 183
181 103 0 186
182 104 0 186
183 103 0 188
184 104 0 190
185 105 0 190
186 104 0 194
187 103 0 197
188 104 0 198
189 106 0 199
190 108 0 201
191 107 0 203
192 107 0 203
193 106 0 205
194 106 0 208
195 104 0 210
196 108 0 210
197 107 0 212
198 107 0 213
199 106 0 214
200 103 0 218
201 102 0 221
202 103 0 222
203 106 0 224
204 111 0 227
205 111 0 229
206 111 0 231
207 112 0 232
208 114 0 234
209 116 0 236
210 118 0 237
211 119 0 238
212 119 0 241
213 117 0 245
214 114 0 248
215 114 0 249
216 120 0 251
217 122 0 253
218 125 0 256
219 128 0 257
220 129 0 259
221 129 0 261
222 130 0 261
223 130 0 265
224 136 0 266
225 139 0 267
226 144 0 267
227 145 0 269
228 142 0 274
229 144 0 274
230 143 0 276
231 145 0 279
232 146 0 282
233 143 0 286
234 143 0 289
235 142 0 293
236 143 0 295
237 140 0 299
238 142 0 300
239 146 0 301
240 149 0 302
241 149 0 304
242 150 0 305
243 151 0 308
244 154 0 310
245 153 0 314
246 151 0 316
247 150 0 319
248 153 0 319
249 153 0 321
250 153 0 323
251 152 0 327
252 151 0 332
253 149 0 335
254 150 0 337
255 157 0 338
256 162 0 339
257 162 0 340
258 160 0 345
259 158 0 348
260 156 0 353
261 155 0 355
262 157 0 356
263 157 0 358
264 161 0 359
265 162 0 362
266 161 0 366
267 166 0 367
268 167 0 368
269 166 0 371
270 164 0 374
271 167 0 378
272 169 0 380
273 173 0 381
274 177 0 383
275 183 0 383
276 187 0 384
277 184 0 390
278 185 0 396
279 186 0 398
280 188 0 399
281 189 0 400
282 191 0 403
283 195 0 407
284 194 0 413
285 193 0 417
286 197 0 422
287 203 0 424
288 207 0 425
289 210 0 430
290 212 0 434
291 217 0 434
292 225 0 437
293 226 0 442
294 231 0 444
295 229 0 449
296 233 0 452
297 238 0 453
298 242 0 456
299 237 0 467
300 237 0 471
301 244 0 472
302 248 0 475
303 251 0 480
304 251 0 486
305 252 0 490
306 259 0 494
307 257 0 498
308 264 0 500
309 271 0 504
310 273 0 509
311 275 0 514
312 277 0 519
313 275 0 524
314 276 0 528
315 279 0 532
316 277 0 538
317 280 0 542
318 283 0 545
319 283 0 550
320 286 0 553
321 289 0 556
322 293 0 558
323 299 0 564
324 304 0 568
325 304 0 574
326 304 0 580
327 306 0 586
328 307 0 594
329 311 0 597
330 314 1 602
331 322 1 608
332 324 1 612
333 327 2 614
334 337 2 619
335 336 2 626
336 337 2 632
337 343 2 635
338 343 2 639
339 349 2 642
340 354 2 643
341 356 2 648
342 356 2 653
343 359 2 661
344 357 3 669
345 357 3 677
346 363 3 682
347 360 3 691
348 361 3 697
349 361 3 704
350 363 3 710
351 366 4 718
352 365 4 723
353 370 4 726
354 376 4 727
355 377 6 729
356 381 6 733
357 385 6 737
358 392 6 739
359 396 6 745
360 405 6 748
361 413 7 751
362 419 7 754
363 423 7 759
364 422 7 767
365 424 7 776
366 426 7 784
367 432 7 793
368 438 7 799
369 439 7 808
370 443 7 811
371 443 7 821
372 451 7 824
373 460 7 828
374 468 7 834
375 479 7 837
376 482 7 841
377 485 7 848
378 483 7 858
379 494 7 864
380 495 7 870
381 508 7 878
382 511 7 884
383 512 7 895
384 514 7 905
385 519 7 911
386 520 7 919
387 525 7 928
388 526 7 935
389 534 7 942
390 540 7 947
391 547 7 955
392 551 7 960
393 556 7 971
394 563 7 976
395 565 7 988
396 566 7 998
397 566 7 1004
398 564 9 1013
399 569 9 1019
400 574 9 1025
401 580 9 1035
402 576 9 1050
403 578 9 1059
404 586 9 1065
405 593 9 1072
406 600 9 1082
407 608 9 1090
408 618 9 1096
409 620 9 1106
410 626 9 1111
411 631 9 1121
412 635 9 1127
413 643 9 1135
414 644 9 1144
415 654 9 1148
416 654 10 1157
417 644 10 1173
418 656 10 1184
419 663 10 1189
420 662 10 1201
421 667 10 1210
422 672 10 1224
423 678 10 1233
424 679 10 1247
425 676 11 1260
426 682 11 1273
427 686 11 1284
428 689 11 1295
429 693 11 1305
430 701 11 1317
431 707 11 1327
432 709 11 1340
433 718 11 1351
434 712 11 1367
435 720 11 1380
436 726 11 1390
437 725 11 1399
438 722 11 1416
439 725 11 1428
440 731 11 1441
441 733 11 1451
442 741 11 1466
443 737 11 1483
444 740 11 1494
445 748 11 1507
446 752 11 1519
447 763 11 1528
448 768 11 1542
449 781 11 1547
450 790 11 1557
451 797 11 1569
452 809 11 1583
453 810 11 1598
454 819 11 1614
455 826 11 1629
456 836 11 1640
457 834 11 1658
458 837 11 1667
459 841 11 1681
460 845 11 1695
461 858 11 1707
462 861 11 1718
463 864 11 1729
464 872 11 1742
465 878 11 1753
466 891 11 1764
467 890 11 1782
468 896 11 1797
469 901 11 1815
470 907 11 1827
471 910 11 1840
472 913 11 1853
473 930 11 1859
474 935 11 1875
475 937 12 1890
476 944 12 1907
477 947 13 1925
478 955 13 1934
479 955 13 1951
480 960 13 1967
481 962 13 1984
482 963 13 2004
483 965 13 2020
484 965 13 2036
485 972 13 2049
486 980 13 2068
487 992 13 2078
488 1004 14 2097
489 1025 14 2103
490 1034 14 2120
491 1043 14 2139
492 1062 14 2153
493 1068 14 2169
494 1077 14 2184
495 1083 14 2206
496 1090 14 2224
497 1092 14 2244
498 1101 14 2254
499 1112 14 2268
500 1133 14 2279
501 1142 14 2294
502 1153 14 2313
503 1158 15 2332
504 1173 15 2349
505 1182 15 2364
506 1189 15 2378
507 1196 15 2399
508 1212 15 2417
509 1212 15 2447
510 1226 15 2468
511 1233 15 2489
512 1236 15 2510
513 1249 15 2527
514 1248 15 2549
515 1258 15 2570
516 1258 15 2595
517 1269 15 2610
518 1273 15 2627
519 1285 15 2647
520 1299 15 2664
521 1308 15 2680
522 1316 15 2700
523 1322 15 2718
524 1330 15 2735
525 1336 15 2757
526 1335 15 2784
527 1333 15 2808
528 1330 15 2826
529 1338 15 2850
530 1334 15 2882
531 1341 15 2900
532 1343 15 2925
533 1346 15 2947
534 1349 15 2967
535 1364 15 2986
536 1371 15 3005
537 1376 15 3023
538 1384 15 3042
539 1396 15 3068
540 1414 15 3084
541 1420 15 3102
542 1430 15 3119
543 1441 15 3136
544 1444 15 3163
545 1449 16 3187
546 1450 16 3213
547 1452 17 3244
548 1469 17 3267
549 1482 17 3282
550 1481 17 3305
551 1506 17 3321
552 1514 17 3339
553 1516 17 3364
554 1515 17 3390
555 1527 17 3411
556 1543 17 3433
557 1553 17 3455
558 1556 17 3479
559 1566 17 3502
560 1586 17 3524
561 1603 17 3544
562 1613 17 3574
563 1626 17 3598
564 1635 17 3630
565 1635 17 3662
566 1642 17 3687
567 1664 17 3709
568 1688 17 3730
569 1706 17 3750
570 1723 17 3783
571 1732 17 3803
572 1742 17 3832
573 1757 17 3855
574 1760 17 3889
575 1766 17 3912
576 1765 17 3950
577 1794 17 3968
578 1807 17 3994
579 1818 17 4017
580 1832 17 4048
581 1829 17 4081
582 1841 17 4119
583 1852 17 4149
584 1879 17 4169
585 1889 17 4197
586 1903 18 4229
587 1916 18 4260
588 1919 18 4286
589 1941 18 4305
590 1946 18 4331
591 1960 18 4356
592 1969 18 4399
593 1984 18 4428
594 2000 18 4456
595 2018 18 4489
596 2030 18 4522
597 2042 18 4551
598 2055 18 4582
599 2056 18 4621
600 2069 18 4648
601 2079 18 4681
602 2107 18 4709
603 2118 18 4742
604 2148 18 4761
605 2170 18 4795
606 2180 18 4828
607 2196 18 4859
608 2219 18 4891
609 2223 18 4936
610 2240 18 4974
611 2261 18 5003
612 2278 18 5035
613 2298 18 5073
614 2310 18 5104
615 2323 18 5134
616 2357 18 5158
617 2362 18 5198
618 2364 18 5241
619 2390 18 5272
620 2391 18 5317
621 2409 18 5357
622 2425 18 5401
623 2454 18 5429
624 2458 18 5477
625 2468 18 5517
626 2488 18 5551
627 2508 18 5590
628 2531 18 5622
629 2537 18 5666
630 2552 18 5705
631 2562 18 5746
632 2567 18 5797
633 2591 18 5833
634 2593 18 5876
635 2618 18 5906
636 2628 18 5952
637 2657 18 5980
638 2674 18 6024
639 2692 18 6065
640 2724 18 6108
641 2736 18 6153
642 2762 18 6191
643 2775 18 6227
644 2799 18 6264
645 2821 18 6305
646 2828 18 6345
647 2843 18 6379
648 2873 18 6408
649 2887 18 6458
650 2909 18 6495
651 2940 18 6535
652 2948 19 6590
653 2972 19 6636
654 2988 19 6676
655 3010 19 6723
656 3018 19 6763
657 3025 19 6812
658 3046 19 6857
659 3074 19 6896
660 3109 19 6934
661 3126 19 6987
662 3145 19 7036
663 3170 20 7081
664 3179 20 7136
665 3207 20 7170
666 3235 20 7205
667 3269 20 7252
668 3284 20 7303
669 3321 20 7341
670 3349 20 7397
671 3382 20 7445
672 3410 20 7487
673 3440 20 7535
674 3457 20 7588
675 3474 20 7642
676 3507 20 7686
677 3523 20 7745
678 3533 20 7806
679 3556 20 7856
680 3558 20 7928
681 3579 20 7988
682 3611 20 8042
683 3635 22 8108
684 3673 22 8155
685 3678 22 8211
686 3720 22 8270
687 3739 22 8335
688 3770 23 8390
689 3795 23 8446
690 3831 23 8493
691 3846 23 8556
692 3874 23 8605
693 3878 23 8660
694 3895 23 8720
695 3916 23 8775
696 3941 23 8832
697 3962 23 8890
698 3975 24 8964
699 4044 24 9007
700 4079 24 9058
701 4094 24 9118
702 4119 24 9182
703 4165 24 9240
704 4187 26 9295
705 4194 26 9369
706 4213 26 9435
707 4230 26 9499
708 4276 26 9554
709 4318 28 9615
710 4332 28 9691
711 4350 28 9765
712 4360 28 9831
713 4380 28 9906
714 4399 28 9981
715 4434 28 10034
716 4461 29 10104
717 4513 29 10153
718 4541 29 10227
719 4570 29 10290
720 4590 29 10353
721 4598 29 10442
722 4638 29 10518
723 4661 29 10591
724 4673 29 10677
725 4705 29 10747
726 4721 29 10834
727 4760 29 10909
728 4816 29 10984
729 4841 29 11057
730 4863 29 11138
731 4878 29 11219
732 4908 29 11293
733 4906 29 11382
734 4929 30 11456
735 4937 30 11548
736 4959 30 11634
737 4999 30 11707
738 5042 30 11786
