0 50 0 0
1 49 0 1
2 49 0 1
3 46 0 4
4 46 0 5
5 45 0 6
6 47 0 6
7 46 0 8
8 48 0 8
9 49 0 8
10 50 0 8
11 51 0 8
12 49 0 11
13 49 0 11
14 50 0 11
15 49 0 12
16 49 0 13
17 50 0 14
18 50 0 14
19 49 0 17
20 50 0 18
21 51 0 18
22 55 0 18
23 57 0 18
24 57 0 20
25 61 0 20
26 63 0 20
27 66 0 20
28 66 0 20
29 69 0 20
30 71 0 21
31 71 0 22
32 70 0 25
33 68 0 27
34 69 0 27
35 71 0 27
36 73 0 27
37 72 0 28
38 73 0 28
39 73 0 30
40 75 0 32
41 77 0 32
42 81 0 32
43 80 0 34
44 77 0 38
45 76 0 39
46 75 0 40
47 75 0 42
48 76 0 42
49 75 0 43
50 78 0 43
51 77 0 45
52 78 0 45
53 81 0 45
54 81 0 48
55 82 0 48
56 81 0 49
57 78 0 52
58 80 0 53
59 80 0 54
60 80 0 56
61 77 0 59
62 75 0 61
63 73 0 64
64 70 0 68
65 70 0 69
66 70 0 69
67 70 0 69
68 70 0 70
69 69 0 71
70 69 0 73
71 68 0 76
72 71 0 76
73 71 0 76
74 72 0 77
75 73 0 77
76 76 0 80
77 76 0 81
78 76 0 82
79 78 0 83
80 77 0 84
81 75 0 86
82 77 0 86
83 80 0 86
84 79 0 88
85 78 0 89
86 79 0 89
87 77 0 91
88 78 0 91
89 78 0 92
90 76 0 94
91 79 0 95
92 79 0 96
93 80 0 96
94 83 0 96
95 83 0 97
96 81 0 100
97 81 0 102
98 82 0 103
99 82 0 105
100 81 0 106
101 81 0 107
102 83 0 107
103 84 1 107
104 85 1 109
105 86 1 111
106 85 1 112
107 90 1 113
108 93 1 114
109 93 1 114
110 93 1 115
111 94 1 116
112 94 1 117
113 96 1 118
114 97 1 120
115 100 1 120
116 99 1 122
117 102 1 123
118 104 1 125
119 103 1 127
120 103 1 130
121 104 1 131
122 106 1 132
123 107 1 135
124 106 1 137
125 107 1 138
126 110 1 139
127 114 1 140
128 115 1 140
129 118 1 141
130 119 1 142
131 123 1 142
132 121 1 145
133 122 1 146
134 118 1 152
135 123 1 154
136 122 1 157
137 126 1 160
138 123 1 165
139 125 1 166
140 126 1 168
141 127 1 170
142 131 1 170
143 131 1 174
144 133 1 175
145 128 1 180
146 126 1 185
147 127 1 186
148 127 1 188
149 129 1 190
150 132 1 190
151 136 1 190
152 135 1 191
153 137 1 193
154 139 1 194
155 144 1 194
156 143 1 196
157 147 1 198
158 151 1 200
159 156 1 202
160 156 1 206
161 158 1 208
162 158 1 210
163 158 1 213
164 159 1 215
165 159 1 218
166 162 1 222
167 161 1 225
168 160 1 230
169 162 1 232
170 161 1 236
171 161 1 239
172 160 1 243
173 161 1 245
174 158 1 249
175 159 1 250
176 162 1 252
177 162 1 253
178 161 1 257
179 164 1 260
180 163 1 263
181 163 1 266
182 164 1 270
183 162 1 273
184 157 1 279
185 160 1 280
186 158 1 284
187 160 1 286
188 162 1 287
189 165 1 290
190 168 1 292
191 169 1 295
192 170 1 297
193 171 1 300
194 171 1 305
195 177 1 306
196 178 1 309
197 177 1 314
198 176 1 318
199 173 1 324
200 175 1 324
201 180 1 326
202 181 1 327
203 181 1 330
204 186 1 333
205 188 1 339
206 188 1 341
207 188 1 343
208 189 1 344
209 195 1 346
210 203 1 348
211 205 1 353
212 208 1 356
213 208 1 360
214 206 1 364
215 208 1 366
216 212 1 366
217 212 1 372
218 220 1 377
219 220 1 382
220 217 1 387
221 219 1 391
222 218 1 398
223 217 1 401
224 216 1 404
225 220 1 405
226 217 1 409
227 218 1 413
228 221 1 416
229 229 1 417
230 229 1 418
231 233 1 420
232 235 1 423
233 237 1 426
234 241 1 429
235 241 1 433
236 239 1 437
237 237 1 443
238 239 2 445
239 240 2 450
240 247 2 450
241 249 2 454
242 247 2 460
243 247 2 463
244 246 2 468
245 250 2 473
246 255 2 474
247 261 2 478
248 267 2 479
249 265 2 484
250 265 3 486
251 268 3 493
252 264 3 498
253 264 3 504
254 268 3 507
255 267 3 513
256 266 4 519
257 266 4 521
258 269 4 526
259 267 4 532
260 273 4 535
261 278 4 537
262 278 4 541
263 277 4 548
264 280 4 552
265 282 4 556
266 287 4 561
267 296 4 564
268 302 4 567
269 302 4 570
270 303 4 575
271 304 4 579
272 307 5 583
273 309 5 585
274 310 6 591
275 313 6 592
276 316 6 597
277 315 6 602
278 319 7 604
279 323 7 609
280 323 7 614
281 325 7 618
282 322 7 626
283 321 7 633
284 321 7 639
285 330 7 643
286 334 7 644
287 333 7 651
288 333 7 655
289 331 7 661
290 340 7 665
291 340 8 673
292 344 8 678
293 347 8 682
294 352 8 686
295 354 8 695
296 356 8 697
297 356 8 704
298 359 9 706
299 360 9 711
300 358 9 717
301 362 9 723
302 361 9 732
303 368 9 735
304 372 9 739
305 372 9 745
306 377 9 750
307 381 9 755
308 379 9 762
309 381 9 768
310 384 9 772
311 387 9 780
312 382 9 789
313 383 9 793
314 384 9 795
315 389 9 798
316 393 9 805
317 401 9 808
318 404 9 815
319 407 9 822
320 410 9 828
321 420 9 834
322 431 9 836
323 440 9 840
324 442 9 845
325 452 9 851
326 460 9 858
327 466 9 860
328 467 9 867
329 471 9 871
330 461 10 888
331 469 10 893
332 473 10 900
333 475 11 906
334 479 11 913
335 479 11 920
336 483 11 928
337 483 11 938
338 489 11 945
339 500 11 955
340 506 11 964
341 507 11 973
342 505 11 984
343 508 11 997
344 508 11 1010
345 515 11 1012
346 516 11 1017
347 519 11 1022
348 515 11 1034
349 515 12 1040
350 512 12 1052
351 520 12 1060
352 525 12 1068
353 527 12 1077
354 528 12 1088
355 526 12 1100
356 535 12 1110
357 540 12 1115
358 546 12 1121
359 544 12 1134
360 547 12 1140
361 556 12 1147
362 561 12 1154
363 565 12 1163
364 567 12 1167
365 567 12 1177
366 572 12 1185
367 578 12 1192
368 580 12 1204
369 583 12 1211
370 585 12 1219
371 593 12 1225
372 594 12 1233
373 601 12 1238
374 602 12 1249
375 599 12 1262
376 602 12 1270
377 599 12 1282
378 609 12 1289
379 612 12 1302
380 619 12 1315
381 624 12 1321
382 631 13 1330
383 643 13 1334
384 648 13 1343
385 646 13 1356
386 651 13 1365
387 653 13 1372
388 651 13 1385
389 670 13 1390
390 663 13 1405
391 663 13 1417
392 672 13 1424
393 678 13 1432
394 693 13 1436
395 698 13 1452
396 697 13 1464
397 704 13 1476
398 711 13 1486
399 722 13 1491
400 721 13 1503
401 720 13 1514
402 720 13 1526
403 731 13 1535
404 729 13 1548
405 728 13 1559
406 735 13 1570
407 734 13 1588
408 749 13 1597
409 755 13 1607
410 758 13 1618
411 760 13 1630
412 775 13 1641
413 783 13 1649
414 781 13 1664
415 771 13 1686
416 779 13 1694
417 787 13 1704
418 789 13 1717
419 795 13 1729
420 805 13 1739
421 802 13 1754
422 814 13 1758
423 815 13 1770
424 813 13 1787
425 820 13 1805
426 826 13 1815
427 840 13 1825
428 845 13 1839
429 862 13 1850
430 870 13 1859
431 870 14 1871
432 876 14 1885
433 883 14 1899
434 889 14 1909
435 898 14 1923
436 912 14 1932
437 922 14 1948
438 934 14 1960
439 944 14 1970
440 940 14 1989
441 941 14 2007
442 942 14 2026
443 933 14 2047
444 932 14 2065
445 942 14 2076
446 944 14 2090
447 948 14 2104
448 946 14 2122
449 949 14 2140
450 952 14 2153
451 962 14 2164
452 967 14 2180
453 975 14 2193
454 988 14 2204
455 999 14 2216
456 1009 14 2233
457 1008 14 2256
458 1012 14 2273
459 1010 14 2297
460 1012 14 2310
461 1019 14 2329
462 1019 14 2343
463 1024 14 2365
464 1035 14 2377
465 1051 15 2390
466 1051 15 2404
467 1053 15 2420
468 1058 15 2436
469 1068 15 2445
470 1079 15 2456
471 1089 15 2469
472 1093 15 2484
473 1098 15 2505
474 1095 15 2527
475 1101 15 2545
476 1104 15 2562
477 1113 15 2577
478 1121 15 2592
479 1122 15 2615
480 1144 15 2626
481 1154 15 2639
482 1175 15 2647
483 1179 15 2664
484 1197 15 2675
485 1213 15 2694
486 1223 15 2717
487 1244 15 2729
488 1246 15 2752
489 1246 15 2775
490 1261 15 2794
491 1263 15 2811
492 1272 16 2831
493 1272 16 2859
494 1287 16 2879
495 1302 16 2891
496 1310 17 2912
497 1323 17 2927
498 1329 17 2955
499 1347 17 2970
500 1358 17 2986
501 1371 17 3007
502 1392 17 3021
503 1404 17 3041
504 1409 17 3060
505 1414 17 3077
506 1427 17 3096
507 1436 17 3126
508 1448 17 3144
509 1450 17 3164
510 1461 17 3183
511 1484 17 3204
512 1502 17 3222
513 1516 17 3245
514 1522 17 3268
515 1527 18 3289
516 1541 18 3306
517 1558 18 3321
518 1553 19 3349
519 1561 19 3372
520 1583 19 3382
521 1608 19 3405
522 1618 19 3432
523 1628 19 3452
524 1645 19 3479
525 1669 19 3498
526 1692 19 3515
527 1717 19 3530
528 1716 20 3556
529 1729 20 3584
530 1749 20 3601
531 1756 20 3636
532 1771 20 3666
533 1784 21 3693
534 1803 21 3725
535 1812 21 3750
536 1823 21 3772
537 1829 21 3802
538 1827 21 3838
539 1826 21 3875
540 1834 21 3905
541 1850 22 3929
542 1874 22 3953
543 1906 22 3971
544 1917 23 3996
545 1921 24 4032
546 1925 24 4060
547 1934 24 4090
548 1941 24 4120
549 1943 24 4159
550 1960 24 4197
551 1979 24 4221
552 1990 24 4260
553 1994 24 4294
554 2017 24 4318
555 2036 24 4347
556 2041 24 4374
557 2059 24 4405
558 2073 24 4444
559 2088 24 4478
560 2105 24 4509
561 2097 25 4551
562 2116 26 4578
563 2130 26 4611
564 2149 26 4639
565 2162 26 4671
566 2179 26 4707
567 2183 26 4743
568 2197 27 4765
569 2218 27 4793
570 2221 27 4832
571 2233 28 4874
572 2245 28 4913
573 2267 28 4939
574 2271 28 4971
575 2298 28 4997
576 2323 28 5028
577 2353 28 5061
578 2359 28 5099
579 2375 28 5141
580 2391 28 5176
581 2430 28 5201
582 2425 28 5252
583 2439 28 5291
584 2453 29 5328
585 2470 29 5358
586 2480 30 5396
587 2491 31 5436
588 2520 31 5468
589 2529 31 5497
590 2541 31 5536
591 2550 31 5577
592 2572 31 5610
593 2575 31 5654
594 2600 31 5693
595 2611 31 5739
596 2622 31 5781
597 2648 31 5820
598 2651 31 5864
599 2674 31 5903
600 2698 31 5940
601 2710 32 5981
602 2733 32 6018
603 2743 32 6069
604 2762 32 6117
605 2802 32 6146
606 2837 32 6185
607 2871 32 6219
608 2896 32 6255
609 2918 32 6308
610 2929 32 6354
611 2950 33 6399
612 2970 33 6446
613 2991 34 6486
614 3013 34 6538
615 3031 34 6585
616 3057 35 6633
617 3071 35 6682
618 3085 35 6740
619 3106 35 6785
620 3117 36 6850
621 3130 37 6902
622 3161 37 6950
623 3180 37 7003
624 3181 37 7060
625 3200 37 7113
626 3232 38 7155
627 3239 38 7214
628 3271 38 7266
629 3304 38 7308
630 3311 38 7367
631 3332 38 7420
632 3351 38 7465
633 3377 38 7512
634 3407 38 7559
635 3428 38 7603
636 3457 38 7648
637 3473 38 7697
638 3504 39 7746
639 3538 39 7792
640 3550 39 7850
641 3564 40 7912
642 3605 40 7954
643 3607 41 8011
644 3625 42 8072
645 3666 42 8129
646 3705 42 8184
647 3745 42 8232
648 3747 42 8299
649 3788 42 8346
650 3780 43 8421
651 3798 43 8481
652 3836 46 8530
653 3836 46 8598
654 3870 47 8654
655 3897 47 8703
656 3921 48 8754
657 3936 48 8816
658 3960 48 8868
659 3997 49 8935
660 4020 49 8995
661 4057 49 9047
662 4100 49 9107
663 4137 49 9167
664 4148 50 9231
665 4170 50 9295
666 4176 50 9363
667 4205 50 9427
668 4239 51 9490
669 4269 52 9546
670 4298 52 9617
671 4323 52 9687
672 4365 52 9747
673 4395 52 9818
674 4432 52 9892
675 4465 52 9948
676 4504 52 9993
677 4524 52 10070
678 4554 53 10138
679 4566 53 10213
680 4602 54 10275
681 4634 54 10353
682 4666 54 10415
683 4689 54 10487
684 4709 56 10554
685 4753 58 10613
686 4804 58 10676
687 4831 60 10756
688 4877 60 10828
689 4916 60 10902
690 4930 60 10976
691 4940 60 11066
692 4966 61 11130
693 5005 61 11206
