0 50 0 0
1 52 1 0
2 52 1 1
3 51 1 2
4 53 2 2
5 52 2 3
6 53 2 3
7 52 5 3
8 52 5 4
9 51 5 5
10 52 6 5
11 50 7 6
12 49 7 7
13 47 7 9
14 48 7 9
15 49 7 11
16 49 7 11
17 45 7 15
18 45 7 15
19 45 7 16
20 45 7 17
21 44 7 18
22 40 8 21
23 37 11 22
24 37 11 22
25 37 11 23
26 37 11 23
27 37 12 24
28 38 12 24
29 38 14 24
30 39 15 25
31 39 15 26
32 38 15 27
33 39 15 27
34 37 15 29
35 37 15 29
36 37 15 31
37 38 15 32
38 39 15 32
39 38 16 32
40 40 16 32
41 37 17 34
42 37 17 34
43 37 17 34
44 37 17 35
45 35 18 36
46 33 18 38
47 33 18 39
48 32 18 40
49 33 18 40
50 34 18 40
51 34 18 40
52 34 18 40
53 33 18 42
54 33 18 42
55 34 18 42
56 33 18 44
57 34 18 44
58 35 18 44
59 35 18 45
60 33 18 47
61 32 19 47
62 31 19 48
63 31 19 49
64 31 19 49
65 31 19 49
66 32 19 49
67 33 19 50
68 33 19 51
69 34 19 51
70 33 19 52
71 33 20 52
72 33 20 53
73 33 21 54
74 35 21 54
75 37 21 54
76 37 21 54
77 35 21 56
78 34 22 56
79 35 22 57
80 33 23 58
81 31 25 58
82 34 25 58
83 32 26 59
84 32 26 60
85 34 26 60
86 35 26 61
87 34 26 62
88 34 26 62
89 32 27 64
90 31 27 65
91 32 27 65
92 28 28 68
93 28 28 69
94 28 28 70
95 28 28 70
96 28 28 70
97 28 28 70
98 28 28 70
99 28 28 71
100 28 29 71
101 27 30 71
102 30 30 71
103 31 30 71
104 31 30 71
105 30 31 71
106 33 31 71
107 34 32 71
108 36 32 71
109 36 33 72
110 36 33 72
111 36 33 72
112 36 33 72
113 35 34 74
114 34 35 74
115 34 35 74
116 35 35 74
117 34 35 75
118 33 36 75
119 35 36 75
120 36 36 75
121 37 36 75
122 36 37 77
123 35 37 78
124 35 37 78
125 35 37 78
126 34 37 79
127 33 37 80
128 34 37 81
129 33 37 82
130 34 37 82
131 35 37 82
132 35 37 83
133 34 38 83
134 34 38 83
135 33 38 84
136 34 38 84
137 34 38 84
138 33 38 85
139 32 40 85
140 34 40 85
141 35 40 85
142 35 40 87
143 37 40 87
144 37 40 87
145 38 40 88
146 35 41 90
147 36 41 91
148 36 42 91
149 37 42 91
150 36 43 92
151 35 44 92
152 35 44 92
153 34 44 93
154 36 44 94
155 36 46 95
156 37 46 96
157 37 46 96
158 38 47 96
159 35 48 98
160 35 48 99
161 36 48 99
162 36 48 100
163 36 49 100
164 39 49 100
165 40 49 100
166 40 49 101
167 39 49 104
168 40 49 105
169 39 50 107
170 41 51 107
171 42 51 107
172 43 51 107
173 43 51 107
174 43 51 108
175 42 52 109
176 42 52 109
177 41 52 110
178 41 52 110
179 40 53 112
180 40 53 113
181 39 54 113
182 39 55 113
183 40 55 113
184 41 55 114
185 40 55 116
186 39 55 119
187 39 55 119
188 40 55 119
189 41 55 119
190 43 55 119
191 45 55 119
192 45 55 120
193 43 55 122
194 43 55 122
195 44 55 123
196 44 56 124
197 43 56 125
198 44 56 125
199 46 56 125
200 46 56 125
201 47 56 126
202 50 56 126
203 51 56 126
204 54 56 126
205 53 56 128
206 53 56 128
207 51 57 129
208 49 57 131
209 47 57 134
210 48 57 134
211 52 57 134
212 52 57 134
213 53 57 134
214 53 57 134
215 53 57 134
216 50 57 138
217 49 57 140
218 49 57 141
219 51 57 141
220 50 57 142
221 51 57 143
222 54 57 143
223 54 57 145
224 55 57 146
225 52 57 149
226 53 57 150
227 55 57 150
228 56 58 150
229 60 58 151
230 60 58 151
231 60 58 153
232 60 58 154
233 58 58 156
234 58 58 157
235 59 58 158
236 59 58 159
237 61 58 159
238 60 58 160
239 60 58 161
240 60 58 164
241 59 58 166
242 57 58 168
243 61 58 169
244 60 58 170
245 59 58 171
246 56 59 173
247 56 59 175
248 56 60 175
249 57 60 175
250 58 60 176
251 59 60 178
252 62 60 178
253 63 60 179
254 64 61 179
255 64 61 179
256 63 62 180
257 63 62 181
258 62 62 183
259 61 63 185
260 59 63 187
261 61 63 187
262 59 64 188
263 58 65 188
264 60 65 188
265 62 66 189
266 62 66 189
267 62 66 191
268 61 66 193
269 63 66 194
270 65 66 194
271 66 66 194
272 63 67 197
273 63 67 197
274 63 67 199
275 60 67 202
276 62 67 202
277 62 67 204
278 62 67 205
279 62 68 207
280 63 68 207
281 59 68 211
282 58 69 212
283 59 69 214
284 59 69 215
285 59 69 215
286 59 69 215
287 58 69 216
288 58 69 216
289 55 69 219
290 56 69 220
291 55 69 222
292 56 69 222
293 56 69 223
294 56 69 223
295 54 70 225
296 54 70 226
297 55 70 226
298 56 70 226
299 54 70 228
300 53 70 229
301 52 70 230
302 55 71 231
303 57 71 231
304 54 72 233
305 53 73 234
306 52 73 235
307 50 73 238
308 51 73 238
309 51 74 238
310 52 74 239
311 51 74 240
312 52 74 241
313 50 76 241
314 49 76 242
315 47 76 244
316 47 76 244
317 46 76 245
318 46 76 246
319 46 76 247
320 48 76 247
321 46 76 249
322 48 76 249
323 47 77 249
324 47 77 249
325 48 77 250
326 49 77 250
327 50 77 251
328 52 77 251
329 53 77 252
330 53 78 252
331 53 79 252
332 51 80 253
333 52 80 254
334 52 80 254
335 49 80 257
336 50 80 257
337 52 80 257
338 55 80 257
339 55 80 259
340 53 81 261
341 53 81 262
342 54 81 262
343 55 81 263
344 54 81 264
345 56 81 264
346 52 84 265
347 53 84 265
348 53 84 265
349 53 85 265
350 54 85 265
351 53 88 265
352 55 88 265
353 55 88 266
354 55 89 266
355 54 90 267
356 55 90 267
357 54 90 268
358 53 90 269
359 49 91 272
360 50 91 272
361 47 91 275
362 49 91 276
363 52 91 277
364 53 91 277
365 54 91 277
366 54 91 277
367 53 92 277
368 51 94 277
369 50 95 277
370 50 95 277
371 50 96 277
372 49 97 278
373 48 97 280
374 46 99 281
375 46 99 282
376 46 99 282
377 45 100 282
378 46 100 282
379 45 101 282
380 45 101 282
381 47 101 282
382 47 101 282
383 48 101 282
384 50 101 282
385 49 102 282
386 51 102 283
387 50 102 284
388 49 104 284
389 49 105 284
390 48 106 285
391 49 106 285
392 49 106 285
393 50 106 285
394 51 106 286
395 50 106 288
396 49 106 289
397 52 106 289
398 51 107 290
399 50 108 291
400 49 108 292
401 47 108 294
402 47 108 295
403 45 108 297
404 44 109 298
405 44 109 298
406 46 109 298
407 46 109 298
408 46 109 299
409 45 109 300
410 46 109 300
411 47 110 300
412 47 111 300
413 48 111 300
414 48 112 300
415 50 112 300
416 50 113 300
417 48 114 301
418 48 114 301
419 48 114 302
420 46 115 304
421 47 117 304
422 47 117 304
423 46 117 305
424 46 117 305
425 48 117 305
426 50 117 306
427 50 117 307
428 50 119 307
429 49 120 308
430 50 120 308
431 49 121 309
432 49 122 309
433 50 122 310
434 49 122 311
435 47 122 313
436 49 122 314
437 48 122 316
438 51 122 316
439 52 122 317
440 51 122 319
441 51 122 319
442 51 122 320
443 50 122 321
444 49 123 322
445 49 123 322
446 51 123 323
447 51 125 323
448 49 126 324
449 52 126 324
450 51 126 326
451 50 126 328
452 50 126 328
453 50 127 328
454 49 128 328
455 49 129 328
456 52 129 328
457 50 130 329
458 49 131 329
459 50 131 329
460 52 131 329
461 51 131 330
462 47 132 333
463 47 132 334
464 47 132 335
465 47 132 335
466 47 132 336
467 44 134 338
468 44 134 339
469 42 134 341
470 44 134 341
471 41 137 341
472 41 137 341
473 40 137 342
474 39 137 343
475 39 138 343
476 39 138 343
477 39 138 344
478 40 138 345
479 41 138 345
480 40 138 346
481 40 138 346
482 40 138 346
483 41 138 346
484 39 138 349
485 37 139 350
486 38 139 350
487 38 139 351
488 38 139 351
489 39 139 351
490 39 139 351
491 38 139 352
492 37 139 353
493 38 139 353
494 37 139 354
495 36 139 355
496 36 139 356
497 35 139 357
498 35 139 357
499 36 139 357
500 35 139 358
501 35 139 358
502 36 139 358
503 34 139 360
504 32 140 361
505 32 140 361
506 32 140 361
507 32 140 363
508 32 140 364
509 32 140 365
510 33 140 365
511 36 140 365
512 35 140 366
513 36 140 366
514 37 140 366
515 36 140 367
516 40 140 367
517 41 140 368
518 41 140 369
519 42 140 369
520 42 141 370
521 43 141 370
522 42 141 371
523 42 141 372
524 41 141 374
525 42 142 374
526 42 143 375
527 44 143 375
528 44 144 375
529 43 144 376
530 41 146 376
531 40 146 377
532 40 146 377
533 38 147 378
534 40 147 379
535 41 147 379
536 41 147 380
537 42 148 380
538 41 149 381
539 40 149 382
540 41 149 382
541 41 149 382
542 42 149 382
543 41 150 382
544 41 150 383
545 41 150 383
546 41 150 384
547 38 151 386
548 38 151 386
549 35 151 389
550 35 151 389
551 38 151 389
552 37 151 390
553 41 151 390
554 41 151 390
555 37 151 394
556 37 151 395
557 40 151 395
558 39 151 396
559 38 151 397
560 38 152 397
561 39 152 397
562 39 152 397
563 40 153 398
564 41 153 398
565 41 154 398
566 42 154 398
567 43 154 398
568 45 154 398
569 45 155 398
570 42 156 400
571 42 156 401
572 42 157 401
573 42 158 401
574 39 160 403
575 37 160 405
576 37 160 405
577 37 160 405
578 37 162 405
579 37 162 406
580 35 164 406
581 34 165 406
582 35 165 407
583 37 165 407
584 37 165 407
585 38 165 407
586 38 165 407
587 39 165 407
588 39 165 408
589 40 165 408
590 41 165 408
591 41 165 409
592 40 165 410
593 39 165 411
594 39 165 411
595 39 165 411
596 39 165 411
597 40 165 411
598 37 167 412
599 37 167 413
600 39 168 413
601 40 168 413
602 38 169 414
603 36 170 415
604 37 170 415
605 36 170 417
606 36 171 417
607 37 171 418
608 34 173 419
609 35 173 419
610 36 174 419
611 38 174 419
612 37 174 420
613 36 175 420
614 36 175 420
615 37 175 420
616 38 175 420
617 39 175 420
618 38 175 421
619 38 175 421
620 38 175 421
621 39 175 421
622 40 175 421
623 40 175 421
624 38 175 423
625 38 175 423
626 37 175 424
627 37 175 424
628 37 175 425
629 37 175 425
630 38 175 425
631 38 175 426
632 40 176 426
633 39 176 427
634 37 178 427
635 38 178 427
636 39 178 428
637 39 178 428
638 41 178 429
639 41 179 430
640 41 179 431
641 40 180 431
642 39 180 433
643 39 180 434
644 37 181 436
645 36 182 437
646 37 182 437
647 39 182 437
648 39 182 437
649 39 182 437
650 39 182 438
651 39 182 438
652 38 182 439
653 37 182 440
654 36 183 441
655 36 183 442
656 36 183 442
657 36 184 442
658 35 185 442
659 35 185 442
660 31 186 445
661 31 186 445
662 30 186 447
663 29 186 448
664 27 186 450
665 27 186 450
666 27 186 450
667 27 186 450
668 27 186 450
669 27 186 450
670 26 186 451
671 28 186 451
672 28 186 451
673 28 186 451
674 28 186 452
675 28 186 452
676 28 186 452
677 27 186 453
678 26 187 453
679 26 187 453
680 25 187 454
681 24 187 455
682 23 187 456
683 22 188 456
684 23 188 456
685 23 188 456
686 23 189 456
687 23 189 456
688 21 189 458
689 22 189 458
690 23 189 458
691 24 189 458
692 24 190 458
693 25 190 458
694 25 191 458
695 26 191 459
696 27 191 459
697 27 191 459
698 27 191 459
699 27 191 460
700 26 191 461
701 27 191 461
702 28 191 461
703 29 191 461
704 28 191 462
705 28 191 462
706 28 191 462
707 28 191 462
708 25 191 465
709 25 191 465
710 27 191 465
711 27 191 466
712 28 191 467
713 28 191 467
714 28 192 468
715 27 192 469
716 27 192 469
717 26 192 470
718 25 192 471
719 24 192 472
720 24 192 472
721 24 192 473
722 25 192 473
723 26 192 473
724 24 192 475
725 23 192 476
726 23 192 476
727 24 192 476
728 26 192 476
729 27 192 476
730 27 192 476
731 27 192 476
732 28 192 476
733 27 192 477
734 27 192 477
735 28 192 477
736 27 193 477
737 27 193 478
738 28 193 478
739 27 193 479
740 26 193 480
741 26 194 480
742 25 194 481
743 24 194 482
744 25 194 482
745 25 194 482
746 25 194 482
747 23 194 484
748 23 194 485
749 21 194 487
750 21 194 487
751 21 194 487
752 22 194 487
753 22 194 488
754 24 194 488
755 23 194 489
756 23 194 489
757 23 194 489
758 23 194 490
759 24 194 490
760 23 194 491
761 24 194 491
762 21 194 494
763 22 194 494
764 21 194 495
765 21 194 495
766 22 194 495
767 23 194 495
768 24 194 495
769 24 194 495
770 24 194 495
771 24 194 496
772 25 194 497
773 25 194 497
774 25 194 497
775 26 194 498
776 26 194 498
777 28 194 498
778 30 195 498
779 31 196 498
780 32 196 498
781 33 196 498
782 33 196 499
783 32 197 499
784 30 198 500
785 29 199 501
786 29 199 501
787 29 199 501
788 29 199 501
789 29 199 501
790 29 199 501
791 29 199 501
792 29 199 501
793 29 199 502
794 29 199 502
795 28 199 504
796 28 199 504
797 29 200 504
798 30 200 504
799 29 200 505
800 30 200 505
801 28 200 507
802 26 202 507
803 26 202 507
804 26 202 507
805 26 202 507
806 26 202 508
807 26 202 508
808 26 202 509
809 25 202 510
810 25 202 510
811 25 202 510
812 23 203 511
813 24 203 511
814 25 204 511
815 26 204 511
816 26 204 511
817 28 204 511
818 27 205 511
819 28 205 511
820 27 206 511
821 26 206 512
822 25 207 512
823 25 207 513
824 25 207 513
825 25 207 513
826 25 207 513
827 26 207 513
828 27 207 513
829 28 207 513
830 26 208 514
831 26 208 514
832 26 208 514
833 27 208 514
834 27 208 514
835 27 208 514
836 27 208 514
837 26 209 514
838 26 209 514
839 25 209 515
840 26 209 515
841 27 209 515
842 26 209 516
843 26 209 517
844 26 209 517
845 27 209 517
846 27 209 517
847 27 209 517
848 27 209 517
849 27 209 518
850 26 209 520
851 26 209 520
852 27 209 520
853 26 209 521
854 26 209 522
855 25 210 522
856 25 210 522
857 27 210 522
858 28 210 522
859 28 210 524
860 29 210 524
861 30 210 524
862 31 210 524
863 30 211 524
864 30 211 524
865 30 211 524
866 29 211 525
867 30 211 525
868 30 211 525
869 32 211 525
870 32 211 525
871 33 211 525
872 35 211 525
873 34 211 526
874 34 211 526
875 36 211 527
876 36 211 527
877 37 211 529
878 38 211 530
879 38 212 531
880 39 212 531
881 39 212 531
882 38 212 532
883 39 212 532
884 40 212 532
885 39 212 533
886 38 213 533
887 33 213 538
888 34 213 539
889 32 213 541
890 32 213 541
891 33 213 541
892 32 213 543
893 31 213 544
894 32 214 544
895 33 214 544
896 33 214 545
897 35 214 545
898 36 214 545
899 35 215 545
900 36 215 545
901 37 215 546
902 37 215 547
903 36 215 548
904 37 215 549
905 40 215 549
906 40 215 549
907 40 216 549
908 40 216 550
909 39 216 551
910 40 216 551
911 42 216 551
912 42 216 551
913 42 216 551
914 43 216 551
915 43 216 553
916 42 216 554
917 45 216 555
918 45 216 556
919 43 216 558
920 43 216 558
921 44 216 559
922 45 216 559
923 44 216 561
924 47 216 562
925 48 216 562
926 51 216 563
927 52 216 564
928 55 216 564
929 54 216 565
930 53 216 566
931 54 216 566
932 53 217 566
933 52 217 567
934 51 217 569
935 51 217 570
936 51 217 570
937 52 217 570
938 56 217 570
939 58 217 571
940 59 217 571
941 57 217 573
942 58 217 573
943 58 217 575
944 61 218 575
945 65 218 576
946 65 218 577
947 66 218 577
948 67 219 577
949 67 220 577
950 66 221 578
951 66 221 578
952 67 222 578
953 65 222 582
954 66 222 582
955 67 222 583
956 68 222 583
957 69 222 583
958 70 222 584
959 69 222 586
960 69 222 586
961 69 222 589
962 71 222 589
963 70 222 590
964 71 222 592
965 72 222 592
966 73 223 592
967 75 224 593
968 75 224 593
969 72 224 597
970 72 224 597
971 70 224 600
972 69 224 601
973 70 224 601
974 69 224 602
975 70 224 602
976 70 224 603
977 70 224 603
978 70 225 603
979 71 225 604
980 71 225 604
981 68 226 606
982 67 226 608
983 66 227 610
984 64 228 611
985 62 228 614
986 60 228 616
987 59 229 616
988 62 229 617
989 62 229 617
990 62 229 618
991 63 229 618
992 62 229 619
993 64 229 619
994 65 229 620
995 64 229 621
996 65 229 622
997 66 230 623
998 67 230 623
999 65 230 626
1000 64 230 628
1001 63 230 632
1002 61 230 634
1003 60 231 634
1004 57 232 636
1005 57 232 637
1006 51 234 641
1007 50 234 642
1008 51 234 642
1009 50 234 643
1010 53 234 643
1011 52 234 644
1012 52 235 644
1013 53 236 644
1014 55 236 644
1015 54 236 645
1016 54 236 645
1017 54 237 645
1018 54 237 646
1019 56 237 647
1020 57 237 647
1021 57 238 647
1022 58 238 647
1023 56 240 648
1024 57 240 650
1025 56 240 652
1026 55 241 653
1027 54 241 654
1028 52 242 656
1029 53 242 656
1030 53 242 656
1031 50 242 659
1032 50 242 660
1033 51 242 660
1034 51 242 661
1035 51 242 662
1036 50 244 662
1037 51 244 662
1038 50 244 663
1039 51 244 663
1040 52 244 663
1041 53 244 663
1042 50 244 666
1043 49 244 668
1044 49 244 669
1045 49 244 669
1046 47 244 671
1047 44 244 674
1048 46 244 674
1049 42 245 677
1050 41 246 677
1051 39 246 679
1052 40 246 680
1053 40 246 680
1054 39 247 680
1055 40 247 681
1056 40 247 681
1057 42 247 681
1058 44 247 682
1059 47 247 682
1060 48 247 682
1061 48 247 683
1062 48 247 684
1063 48 248 684
1064 48 248 684
1065 49 248 685
1066 49 248 685
1067 48 248 686
1068 48 248 687
1069 47 248 688
1070 48 249 688
1071 47 250 690
1072 45 251 691
1073 45 251 691
1074 44 251 692
1075 43 252 692
1076 43 253 692
1077 46 253 693
1078 45 253 694
1079 43 253 697
1080 43 253 698
1081 42 253 699
1082 42 253 699
1083 42 253 699
1084 44 253 699
1085 44 253 699
1086 45 253 699
1087 46 253 700
1088 46 253 701
1089 47 253 702
1090 47 253 703
1091 48 253 703
1092 47 253 704
1093 47 253 705
1094 47 253 705
1095 46 253 707
1096 46 253 707
1097 45 253 709
1098 44 253 710
1099 48 253 710
1100 49 253 710
1101 46 253 713
1102 44 254 714
1103 44 254 714
1104 41 254 717
1105 39 255 718
1106 40 255 718
1107 39 256 718
1108 40 256 718
1109 40 256 718
1110 41 256 718
1111 44 256 718
1112 42 257 719
1113 42 257 719
1114 41 257 722
1115 41 258 724
1116 43 258 724
1117 43 258 724
1118 43 258 726
1119 43 258 728
1120 43 259 728
1121 43 259 728
1122 43 259 729
1123 46 259 729
1124 46 259 729
1125 48 259 729
1126 50 259 730
1127 48 260 732
1128 45 260 735
1129 45 260 736
1130 43 260 738
1131 42 260 739
1132 43 260 739
1133 44 260 739
1134 43 260 740
1135 44 260 740
1136 44 261 740
1137 45 261 741
1138 46 261 742
1139 46 261 742
1140 45 261 743
1141 46 261 743
1142 48 261 743
1143 49 261 744
1144 48 261 745
1145 48 261 746
1146 48 261 746
1147 46 262 747
1148 47 262 747
1149 47 262 747
1150 47 264 747
1151 46 264 748
1152 47 264 748
1153 46 264 749
1154 46 265 749
1155 48 265 749
1156 48 265 751
1157 49 266 751
1158 49 266 752
1159 47 266 755
1160 49 266 755
1161 47 266 757
1162 47 266 757
1163 47 266 758
1164 46 267 758
1165 47 267 758
1166 48 267 759
1167 47 267 761
1168 49 267 761
1169 50 267 761
1170 49 268 761
1171 48 268 762
1172 49 268 762
1173 48 268 763
1174 47 269 764
1175 48 269 764
1176 48 269 764
1177 48 269 764
1178 49 269 764
1179 49 269 764
1180 47 270 767
1181 50 270 767
1182 50 270 767
1183 51 270 767
1184 50 270 768
1185 50 270 770
1186 51 270 770
1187 53 270 770
1188 55 270 772
1189 54 270 773
1190 55 270 773
1191 57 270 774
1192 56 271 774
1193 55 271 776
1194 57 271 776
1195 59 271 776
1196 58 271 777
1197 57 271 778
1198 58 273 778
1199 57 273 779
1200 56 274 780
1201 57 274 780
1202 58 274 781
1203 60 274 781
1204 60 274 781
1205 62 274 781
1206 63 274 782
1207 64 274 782
1208 63 274 783
1209 61 274 786
1210 58 276 787
1211 56 276 790
1212 55 276 791
1213 54 276 792
1214 54 276 793
1215 53 277 793
1216 53 279 793
1217 52 279 794
1218 53 279 795
1219 51 280 796
1220 49 280 798
1221 49 280 798
1222 50 280 799
1223 50 280 800
1224 50 280 800
1225 50 280 801
1226 49 280 803
1227 51 281 803
1228 52 281 803
1229 53 281 803
1230 52 282 804
1231 52 282 804
1232 51 282 806
1233 50 282 807
1234 49 283 807
1235 50 283 807
1236 51 283 807
1237 51 283 807
1238 50 284 807
1239 52 284 807
1240 51 285 807
1241 52 285 807
1242 49 286 809
1243 49 286 809
1244 50 286 809
1245 47 286 812
1246 47 287 813
1247 47 287 813
1248 47 287 813
1249 48 287 814
1250 48 287 816
1251 48 287 817
1252 48 289 817
1253 47 290 817
1254 44 291 819
1255 44 292 819
1256 44 292 820
1257 43 292 822
1258 43 292 823
1259 43 292 824
1260 44 292 824
1261 45 292 825
1262 45 292 827
1263 46 292 827
1264 47 292 828
1265 47 292 828
1266 48 292 829
1267 48 292 829
1268 49 292 829
1269 49 292 829
1270 50 292 829
1271 47 292 832
1272 47 292 832
1273 48 292 833
1274 47 292 834
1275 47 292 835
1276 46 292 836
1277 43 292 839
1278 39 294 841
1279 40 294 841
1280 43 294 841
1281 43 295 841
1282 46 295 842
1283 46 295 843
1284 47 295 844
1285 48 295 844
1286 47 296 845
1287 47 297 845
1288 43 298 848
1289 43 298 849
1290 44 298 850
1291 43 300 851
1292 43 300 851
1293 42 302 852
1294 42 302 853
1295 41 302 855
1296 40 302 856
1297 41 302 856
1298 41 302 857
1299 42 302 857
1300 42 302 857
1301 43 302 857
1302 44 302 857
1303 44 302 857
1304 42 303 858
1305 41 304 859
1306 40 305 859
1307 39 306 860
1308 39 307 860
1309 39 307 860
1310 39 309 860
1311 38 309 861
1312 38 309 861
1313 39 309 862
1314 38 309 863
1315 39 309 864
1316 39 309 864
1317 40 309 865
1318 41 309 865
1319 42 309 865
1320 40 309 867
1321 40 309 868
1322 40 309 869
1323 38 310 870
1324 38 310 870
1325 38 310 872
1326 38 310 872
1327 38 310 872
1328 39 310 872
1329 39 311 872
1330 39 311 873
1331 40 311 873
1332 40 313 873
1333 39 314 873
1334 40 315 873
1335 41 316 873
1336 40 317 873
1337 38 319 873
1338 36 319 875
1339 36 319 875
1340 35 319 876
1341 33 319 878
1342 32 320 879
1343 32 320 880
1344 33 320 880
1345 33 320 880
1346 34 320 880
1347 36 320 880
1348 35 321 881
1349 35 321 881
1350 38 321 881
1351 36 322 882
1352 36 322 882
1353 33 323 884
1354 33 323 885
1355 32 324 886
1356 34 324 886
1357 34 324 886
1358 34 324 886
1359 32 325 888
1360 33 325 888
1361 32 326 888
1362 31 327 888
1363 30 327 889
1364 29 327 890
1365 29 327 890
1366 33 327 890
1367 33 327 890
1368 34 327 891
1369 36 327 891
1370 36 327 891
1371 37 327 891
1372 36 327 892
1373 36 327 893
1374 36 328 894
1375 36 328 894
1376 36 329 894
1377 36 329 894
1378 35 330 894
1379 35 330 894
1380 36 330 894
1381 35 330 895
1382 35 330 895
1383 35 330 895
1384 36 330 895
1385 36 330 896
1386 36 330 896
1387 35 330 897
1388 35 331 897
1389 37 331 897
1390 39 331 897
1391 39 332 898
1392 37 333 900
1393 37 334 900
1394 36 334 902
1395 36 335 902
1396 36 335 902
1397 35 335 903
1398 34 335 905
1399 34 335 905
1400 34 335 906
1401 33 335 907
1402 32 335 908
1403 33 335 908
1404 33 335 908
1405 34 335 909
1406 35 335 910
1407 36 335 910
1408 36 335 911
1409 36 335 911
1410 36 335 912
1411 36 335 913
1412 36 335 913
1413 36 335 913
1414 35 335 915
1415 35 335 915
1416 35 335 915
1417 33 335 917
1418 33 335 918
1419 33 335 919
1420 32 335 920
1421 33 335 920
1422 34 335 920
1423 35 335 920
1424 35 335 920
1425 36 335 920
1426 36 335 920
1427 36 335 921
1428 37 335 921
1429 38 335 922
1430 41 335 922
1431 41 335 923
1432 40 336 924
1433 41 336 924
1434 41 336 924
1435 41 336 925
1436 42 336 925
1437 43 336 925
1438 41 336 927
1439 40 336 929
1440 40 336 929
1441 39 336 930
1442 39 336 931
1443 38 336 932
1444 38 336 932
1445 36 337 934
1446 39 337 934
1447 39 337 935
1448 38 337 936
1449 41 337 936
1450 38 337 940
1451 39 337 940
1452 41 337 941
1453 43 337 942
1454 41 337 944
1455 42 337 944
1456 40 337 946
1457 39 337 948
1458 39 337 948
1459 38 337 949
1460 37 337 951
1461 36 337 952
1462 36 337 952
1463 36 337 952
1464 38 337 952
1465 41 337 952
1466 40 337 953
1467 41 337 953
1468 42 337 953
1469 43 337 953
1470 43 337 953
1471 44 337 954
1472 44 338 954
1473 43 338 956
1474 45 338 956
1475 47 338 956
1476 48 338 956
1477 49 338 957
1478 47 338 959
1479 46 338 960
1480 43 340 961
1481 42 340 962
1482 43 340 962
1483 44 340 962
1484 44 340 963
1485 45 340 963
1486 45 340 963
1487 45 340 964
1488 47 340 964
1489 46 341 964
1490 46 341 964
1491 47 341 964
1492 46 341 965
1493 46 341 965
1494 46 342 965
1495 45 342 966
1496 44 343 967
1497 46 343 967
1498 46 343 969
1499 46 343 970
1500 44 344 971
1501 43 344 972
1502 43 344 972
1503 44 344 972
1504 48 344 972
1505 47 344 973
1506 47 345 974
1507 44 345 977
1508 46 345 977
1509 45 345 978
1510 44 345 979
1511 45 345 980
1512 46 345 981
1513 46 345 982
1514 47 345 983
1515 47 345 983
1516 48 345 983
1517 47 346 983
1518 48 346 983
1519 49 346 983
1520 51 346 983
1521 52 346 983
1522 52 347 983
1523 51 349 985
1524 52 349 986
1525 56 349 986
1526 57 349 986
1527 54 349 990
1528 53 350 992
1529 53 350 992
1530 54 350 992
1531 54 350 993
1532 56 350 993
1533 58 350 994
1534 56 352 994
1535 55 352 996
1536 53 354 996
1537 54 354 997
1538 53 355 998
1539 53 355 998
1540 56 355 998
1541 54 356 1000
1542 56 357 1000
1543 56 358 1001
1544 54 358 1003
1545 52 359 1005
1546 55 359 1005
1547 56 359 1005
1548 57 360 1005
1549 58 360 1005
1550 59 360 1005
1551 58 361 1006
1552 60 361 1007
1553 59 361 1008
1554 59 361 1008
1555 58 361 1010
1556 59 361 1010
1557 59 361 1011
1558 59 362 1011
1559 59 362 1011
1560 59 362 1011
1561 60 362 1011
1562 60 362 1012
1563 59 363 1013
1564 59 363 1014
1565 60 363 1014
1566 62 363 1015
1567 62 364 1015
1568 63 365 1016
1569 63 366 1017
1570 62 366 1018
1571 64 366 1019
1572 61 366 1022
1573 60 367 1023
1574 61 367 1024
1575 61 367 1025
1576 59 369 1025
1577 58 370 1026
1578 61 370 1026
1579 59 371 1027
1580 58 371 1028
1581 59 371 1029
1582 63 371 1029
1583 64 371 1029
1584 63 371 1030
1585 62 372 1031
1586 66 372 1032
1587 66 372 1033
1588 66 372 1033
1589 66 373 1034
1590 66 374 1034
1591 66 375 1034
1592 67 375 1037
1593 67 377 1037
1594 68 377 1037
1595 67 378 1039
1596 69 378 1039
1597 70 378 1039
1598 66 378 1043
1599 66 378 1044
1600 64 378 1047
1601 66 378 1047
1602 68 378 1047
1603 69 378 1048
1604 69 378 1048
1605 70 378 1049
1606 71 378 1050
1607 70 379 1051
1608 72 379 1052
1609 72 379 1052
1610 73 379 1053
1611 72 380 1054
1612 71 380 1056
1613 70 380 1058
1614 72 380 1059
1615 75 380 1059
1616 76 380 1061
1617 75 380 1062
1618 73 380 1065
1619 72 381 1068
1620 74 381 1068
1621 78 382 1068
1622 76 382 1070
1623 76 382 1070
1624 77 382 1072
1625 80 383 1072
1626 79 384 1073
1627 83 384 1073
1628 83 385 1074
1629 83 385 1075
1630 86 385 1076
1631 87 386 1076
1632 89 386 1077
1633 87 387 1078
1634 87 388 1081
1635 89 388 1083
1636 87 389 1088
1637 88 390 1089
1638 89 390 1089
1639 88 390 1091
1640 89 390 1091
1641 89 391 1091
1642 87 392 1094
1643 89 392 1095
1644 87 393 1096
1645 86 393 1098
1646 84 393 1101
1647 84 393 1103
1648 85 393 1104
1649 87 393 1104
1650 85 395 1106
1651 83 395 1108
1652 80 398 1109
1653 81 398 1109
1654 88 398 1109
1655 87 400 1111
1656 87 401 1111
1657 86 402 1112
1658 85 402 1114
1659 82 404 1116
1660 84 404 1116
1661 81 406 1118
1662 82 407 1119
1663 81 408 1120
1664 81 408 1120
1665 84 409 1121
1666 84 409 1123
1667 81 409 1126
1668 79 410 1127
1669 81 410 1128
1670 84 410 1128
1671 82 412 1129
1672 80 413 1131
1673 79 414 1132
1674 76 415 1135
1675 74 416 1137
1676 73 416 1138
1677 74 418 1138
1678 74 418 1139
1679 74 419 1139
1680 73 419 1141
1681 74 419 1142
1682 74 420 1142
1683 72 422 1142
1684 71 423 1144
1685 71 423 1144
1686 69 424 1145
1687 66 424 1148
1688 67 424 1149
1689 66 424 1151
1690 67 425 1151
1691 67 426 1151
1692 65 426 1154
1693 67 426 1154
1694 69 426 1154
1695 70 426 1154
1696 71 426 1154
1697 74 427 1155
1698 71 428 1157
1699 73 428 1158
1700 75 428 1159
1701 77 428 1159
1702 77 428 1159
1703 74 428 1162
1704 74 429 1163
1705 74 430 1163
1706 74 431 1164
1707 74 431 1164
1708 73 431 1166
1709 74 431 1168
1710 73 432 1169
1711 73 435 1169
1712 77 435 1170
1713 76 435 1172
1714 77 435 1172
1715 77 435 1173
1716 76 435 1177
1717 75 436 1178
1718 75 436 1178
1719 72 437 1182
1720 73 437 1183
1721 74 438 1183
1722 73 438 1184
1723 75 438 1184
1724 76 439 1184
1725 75 439 1185
1726 76 439 1186
1727 75 440 1187
1728 76 441 1187
1729 75 441 1188
1730 77 441 1188
1731 72 442 1192
1732 71 442 1193
1733 71 442 1195
1734 69 442 1197
1735 67 444 1197
1736 65 445 1198
1737 67 445 1198
1738 68 445 1199
1739 66 445 1201
1740 66 446 1201
1741 67 446 1201
1742 67 446 1201
1743 68 447 1202
1744 69 447 1202
1745 71 447 1202
1746 71 447 1203
1747 71 447 1204
1748 70 447 1205
1749 70 448 1205
1750 71 448 1206
1751 71 448 1207
1752 72 448 1208
1753 70 449 1210
1754 70 450 1211
1755 71 450 1212
1756 71 450 1214
1757 73 450 1214
1758 72 450 1215
1759 73 450 1217
1760 72 451 1218
1761 72 451 1219
1762 71 451 1222
1763 71 451 1222
1764 72 451 1223
1765 72 451 1223
1766 71 452 1223
1767 72 452 1224
1768 71 453 1225
1769 71 453 1226
1770 68 454 1228
1771 68 456 1229
1772 72 456 1229
1773 69 457 1231
1774 71 457 1231
1775 73 457 1231
1776 72 457 1233
1777 71 458 1234
1778 71 458 1234
1779 70 458 1235
1780 72 458 1235
1781 68 459 1238
1782 70 459 1239
1783 71 459 1240
1784 69 460 1242
1785 70 460 1243
1786 71 460 1243
1787 71 460 1245
1788 73 460 1246
1789 71 461 1249
1790 71 461 1251
1791 74 461 1251
1792 75 461 1251
1793 74 461 1252
1794 73 461 1254
1795 74 461 1254
1796 71 463 1256
1797 69 463 1258
1798 69 464 1258
1799 67 464 1260
1800 68 464 1261
1801 68 464 1262
1802 69 464 1262
1803 72 464 1262
1804 73 464 1262
1805 73 465 1263
1806 73 465 1264
1807 72 466 1265
1808 71 466 1267
1809 73 466 1268
1810 76 466 1268
1811 76 466 1269
1812 73 466 1273
1813 73 466 1274
1814 74 466 1274
1815 74 467 1274
1816 77 467 1274
1817 77 467 1274
1818 81 467 1274
1819 82 467 1275
1820 82 467 1275
1821 82 467 1277
1822 87 467 1277
1823 87 467 1278
1824 86 467 1279
1825 88 467 1279
1826 88 467 1280
1827 89 467 1282
1828 90 467 1284
1829 92 469 1285
1830 92 469 1286
1831 92 469 1287
1832 92 469 1291
1833 93 469 1292
1834 96 470 1292
1835 100 470 1292
1836 101 470 1294
1837 103 470 1295
1838 101 470 1297
1839 96 472 1300
1840 95 474 1301
1841 94 475 1302
1842 90 476 1305
1843 91 477 1306
1844 92 477 1307
1845 92 478 1307
1846 93 479 1308
1847 88 481 1312
1848 85 482 1314
1849 87 483 1315
1850 84 484 1317
1851 85 485 1318
1852 85 486 1320
1853 83 487 1322
1854 85 487 1322
1855 86 487 1322
1856 87 488 1323
1857 86 490 1323
1858 86 491 1323
1859 84 492 1325
1860 83 492 1328
1861 81 493 1330
1862 81 493 1331
1863 81 494 1331
1864 84 494 1331
1865 83 495 1333
1866 81 495 1336
1867 79 496 1337
1868 83 497 1339
1869 83 497 1340
1870 81 497 1343
1871 83 497 1343
1872 84 497 1344
1873 84 497 1345
1874 82 498 1348
1875 83 498 1349
1876 86 498 1350
1877 87 498 1350
1878 86 499 1351
1879 85 499 1354
1880 78 503 1359
1881 76 504 1360
1882 79 504 1361
1883 79 504 1362
1884 77 504 1364
1885 79 504 1364
1886 78 505 1364
1887 77 505 1365
1888 79 505 1366
1889 79 505 1367
1890 81 506 1367
1891 81 506 1369
1892 85 506 1369
1893 84 507 1369
1894 85 507 1370
1895 86 507 1371
1896 88 507 1371
1897 88 507 1372
1898 88 507 1373
1899 92 507 1373
1900 92 508 1376
1901 92 508 1377
1902 90 510 1379
1903 90 510 1380
1904 89 510 1381
1905 88 510 1383
1906 87 511 1384
1907 88 512 1384
1908 90 512 1384
1909 92 512 1385
1910 94 512 1388
1911 97 512 1388
1912 98 512 1391
1913 100 512 1392
1914 102 512 1395
1915 100 513 1398
1916 99 513 1399
1917 97 513 1402
1918 98 513 1405
1919 97 513 1407
1920 99 513 1408
1921 101 513 1408
1922 104 513 1408
1923 102 513 1410
1924 102 513 1411
1925 101 514 1412
1926 104 514 1415
1927 103 515 1416
1928 104 515 1416
1929 107 516 1416
1930 106 517 1417
1931 110 518 1417
1932 108 520 1419
1933 107 520 1420
1934 106 521 1423
1935 110 521 1423
1936 110 521 1425
1937 108 522 1428
1938 108 522 1431
1939 110 522 1431
1940 110 523 1432
1941 107 524 1434
1942 108 524 1435
1943 110 524 1436
1944 109 524 1437
1945 111 524 1438
1946 111 526 1438
1947 114 527 1439
1948 116 527 1440
1949 118 527 1440
1950 119 528 1443
1951 117 529 1445
1952 117 530 1448
1953 119 531 1450
1954 119 532 1452
1955 122 534 1454
1956 122 534 1456
1957 122 534 1460
1958 119 534 1468
1959 119 534 1469
1960 117 537 1472
1961 118 538 1474
1962 120 539 1475
1963 122 539 1476
1964 125 540 1477
1965 121 541 1480
1966 121 541 1481
1967 124 542 1483
1968 125 544 1483
1969 127 544 1483
1970 127 545 1486
1971 127 546 1488
1972 126 550 1490
1973 124 552 1492
1974 122 553 1495
1975 122 554 1497
1976 126 554 1497
1977 120 554 1504
1978 119 555 1504
1979 119 555 1507
1980 118 555 1508
1981 121 555 1508
1982 119 556 1510
1983 122 556 1513
1984 122 556 1513
1985 122 556 1515
1986 122 558 1517
1987 122 559 1518
1988 121 561 1518
1989 119 562 1520
1990 122 562 1522
1991 124 562 1524
1992 121 562 1527
1993 121 562 1530
1994 120 563 1531
1995 119 565 1533
1996 121 567 1534
1997 119 568 1536
1998 117 569 1537
1999 117 571 1538
2000 120 572 1540
2001 121 572 1541
2002 122 573 1542
2003 123 573 1542
2004 121 574 1544
2005 118 575 1547
2006 119 575 1548
2007 118 577 1550
2008 117 578 1552
2009 118 580 1553
2010 116 581 1556
2011 114 583 1558
2012 114 584 1560
2013 118 584 1561
2014 120 585 1561
2015 120 586 1563
2016 122 586 1565
2017 123 586 1566
2018 121 587 1568
2019 119 588 1569
2020 120 588 1570
2021 117 590 1571
2022 119 590 1573
2023 114 591 1577
2024 118 591 1578
2025 119 591 1578
2026 118 591 1583
2027 120 593 1585
2028 122 593 1586
2029 122 594 1587
2030 117 596 1591
2031 116 596 1593
2032 116 596 1595
2033 118 597 1596
2034 118 597 1597
2035 115 597 1601
2036 111 598 1606
2037 114 598 1606
2038 114 598 1606
2039 113 598 1608
2040 115 598 1609
2041 114 599 1610
2042 115 600 1610
2043 115 600 1612
2044 115 601 1612
2045 116 601 1613
2046 115 602 1614
2047 113 603 1616
2048 110 604 1619
2049 111 604 1620
2050 116 604 1620
2051 115 605 1621
2052 116 605 1622
2053 115 605 1626
2054 116 605 1630
2055 113 605 1633
2056 115 607 1633
2057 113 611 1633
2058 113 611 1636
2059 114 611 1638
2060 113 611 1639
2061 113 611 1639
2062 113 612 1641
2063 111 614 1644
2064 112 615 1645
2065 116 616 1645
2066 115 617 1646
2067 112 620 1647
2068 108 621 1651
2069 107 621 1654
2070 103 622 1657
2071 105 622 1657
2072 106 622 1658
2073 112 622 1658
2074 111 623 1658
2075 111 623 1661
2076 109 625 1663
2077 107 626 1665
2078 101 627 1670
2079 101 628 1670
2080 101 629 1672
2081 104 629 1673
2082 100 629 1678
2083 100 629 1680
2084 105 629 1682
2085 102 630 1684
2086 99 631 1687
2087 102 631 1687
2088 102 631 1690
2089 101 631 1693
2090 102 631 1695
2091 100 632 1697
2092 100 633 1698
2093 99 633 1700
2094 99 634 1701
2095 98 634 1702
2096 99 634 1703
2097 100 635 1704
2098 100 635 1705
2099 106 635 1705
2100 107 635 1705
2101 107 635 1707
2102 107 635 1708
2103 106 635 1710
2104 108 635 1711
2105 107 635 1713
2106 106 635 1715
2107 104 635 1719
2108 105 636 1719
2109 102 636 1722
2110 106 636 1723
2111 101 636 1729
2112 104 636 1729
2113 106 636 1729
2114 108 637 1730
2115 110 637 1730
2116 106 639 1733
2117 106 639 1734
2118 106 640 1735
2119 107 640 1735
2120 110 640 1736
2121 109 642 1737
2122 108 643 1739
2123 108 644 1740
2124 109 644 1742
2125 108 644 1745
2126 106 644 1748
2127 105 645 1749
2128 105 645 1750
2129 107 645 1751
2130 107 645 1751
2131 107 645 1752
2132 103 646 1755
2133 101 648 1755
2134 100 649 1756
2135 98 650 1758
2136 98 652 1759
2137 97 653 1760
2138 96 653 1761
2139 96 655 1762
2140 97 655 1763
2141 102 655 1763
2142 102 655 1765
2143 104 655 1765
2144 105 655 1765
2145 109 655 1766
2146 107 655 1768
2147 107 656 1770
2148 105 658 1771
2149 104 660 1774
2150 103 661 1775
2151 101 663 1777
2152 100 663 1779
2153 99 664 1780
2154 97 664 1782
2155 100 664 1783
2156 99 665 1783
2157 98 668 1784
2158 96 668 1786
2159 95 670 1787
2160 97 670 1788
2161 97 670 1790
2162 96 671 1792
2163 97 671 1793
2164 101 672 1795
2165 102 672 1796
2166 103 672 1798
2167 102 672 1800
2168 104 672 1800
2169 102 673 1803
2170 102 673 1805
2171 103 674 1806
2172 103 674 1808
2173 104 675 1809
2174 104 677 1810
2175 106 677 1812
2176 106 678 1813
2177 104 679 1815
2178 103 680 1818
2179 106 681 1819
2180 106 681 1820
2181 105 682 1820
2182 105 682 1822
2183 106 683 1822
2184 108 683 1822
2185 107 683 1824
2186 107 684 1826
2187 106 684 1829
2188 110 684 1829
2189 109 684 1831
2190 109 685 1832
2191 109 686 1834
2192 105 686 1839
2193 106 686 1839
2194 106 686 1840
2195 106 687 1842
2196 108 688 1842
2197 108 688 1844
2198 108 691 1844
2199 109 691 1844
2200 107 691 1849
2201 103 692 1853
2202 99 695 1855
2203 103 695 1856
2204 103 695 1858
2205 104 695 1860
2206 105 695 1861
2207 104 696 1862
2208 107 696 1863
2209 109 696 1865
2210 108 697 1866
2211 109 697 1868
2212 115 697 1868
2213 112 698 1870
2214 113 701 1871
2215 111 702 1874
2216 112 703 1874
2217 115 705 1874
2218 113 705 1876
2219 112 706 1878
2220 111 708 1879
2221 114 708 1880
2222 115 710 1881
2223 118 710 1883
2224 116 713 1886
2225 118 716 1886
2226 115 718 1889
2227 114 718 1892
2228 112 720 1894
2229 114 720 1895
2230 112 722 1896
2231 112 722 1897
2232 113 723 1899
2233 111 724 1900
2234 111 724 1902
2235 107 725 1905
2236 107 726 1907
2237 105 726 1910
2238 107 726 1910
2239 107 727 1911
2240 111 727 1914
2241 111 727 1916
2242 107 729 1919
2243 107 729 1922
2244 106 729 1924
2245 106 731 1925
2246 107 732 1926
2247 106 732 1929
2248 108 732 1931
2249 103 732 1937
2250 104 733 1939
2251 103 735 1940
2252 102 737 1941
2253 102 738 1942
2254 104 738 1942
2255 104 738 1942
2256 108 738 1942
2257 111 739 1943
2258 107 741 1945
2259 109 741 1946
2260 112 741 1946
2261 114 741 1947
2262 117 741 1947
2263 120 741 1947
2264 120 741 1948
2265 121 741 1949
2266 121 742 1951
2267 120 743 1954
2268 122 745 1954
2269 122 745 1955
2270 123 745 1956
2271 121 748 1958
2272 124 748 1960
2273 123 749 1961
2274 125 749 1962
2275 121 751 1966
2276 121 751 1968
2277 120 751 1971
2278 126 751 1972
2279 127 751 1972
2280 129 751 1974
2281 128 752 1977
2282 126 753 1980
2283 121 754 1984
2284 119 754 1986
2285 120 755 1987
2286 123 755 1988
2287 124 756 1988
2288 125 756 1990
2289 127 757 1990
2290 132 757 1990
2291 133 758 1991
2292 134 758 1992
2293 136 758 1994
2294 136 758 1995
2295 131 759 2000
2296 132 761 2000
2297 133 761 2003
2298 137 761 2003
2299 135 762 2005
2300 137 762 2007
2301 142 762 2008
2302 143 762 2010
2303 138 763 2014
2304 138 763 2017
2305 135 764 2022
2306 138 765 2023
2307 140 765 2024
2308 137 767 2028
2309 136 767 2031
2310 135 767 2034
2311 137 768 2035
2312 135 769 2037
2313 135 771 2040
2314 136 771 2041
2315 137 772 2041
2316 134 773 2045
2317 130 773 2049
2318 129 774 2050
2319 134 774 2052
2320 137 774 2052
2321 135 774 2057
2322 133 774 2061
2323 127 775 2068
2324 126 776 2069
2325 126 776 2071
2326 128 776 2072
2327 130 776 2074
2328 127 778 2076
2329 123 780 2080
2330 123 780 2083
2331 125 780 2083
2332 125 781 2085
2333 121 782 2090
2334 125 782 2091
2335 127 783 2092
2336 126 783 2095
2337 127 783 2097
2338 128 784 2097
2339 127 784 2102
2340 125 785 2105
2341 125 786 2106
2342 126 788 2108
2343 124 788 2111
2344 126 789 2112
2345 128 789 2112
2346 130 789 2113
2347 132 790 2114
2348 134 790 2115
2349 131 790 2120
2350 132 790 2121
2351 131 790 2123
2352 131 790 2124
2353 132 790 2126
2354 131 791 2130
2355 135 791 2131
2356 134 791 2134
2357 133 792 2135
2358 137 792 2136
2359 139 794 2136
2360 143 794 2137
2361 141 796 2139
2362 143 796 2140
2363 140 797 2144
2364 141 799 2145
2365 148 800 2147
2366 148 801 2148
2367 150 801 2149
2368 150 801 2152
2369 149 803 2153
2370 151 803 2156
2371 146 803 2163
2372 153 803 2164
2373 150 804 2168
2374 150 804 2169
2375 150 806 2170
2376 152 806 2170
2377 156 807 2172
2378 158 808 2172
2379 160 808 2173
2380 163 809 2174
2381 165 810 2176
2382 169 811 2177
2383 167 812 2179
2384 167 813 2183
2385 165 814 2186
2386 162 814 2190
2387 164 814 2194
2388 168 814 2196
2389 170 815 2198
2390 170 815 2202
2391 172 815 2205
2392 169 816 2210
2393 170 817 2213
2394 172 817 2215
2395 173 819 2218
2396 169 821 2222
2397 169 823 2223
2398 167 824 2226
2399 163 824 2230
2400 162 827 2232
2401 158 828 2237
2402 160 829 2240
2403 160 831 2242
2404 163 832 2245
2405 162 832 2247
2406 161 833 2248
2407 162 834 2249
2408 161 835 2253
2409 162 836 2255
2410 160 839 2257
2411 155 839 2263
2412 158 839 2264
2413 160 840 2265
2414 161 840 2267
2415 159 840 2273
2416 159 840 2275
2417 156 841 2279
2418 156 841 2283
2419 160 842 2285
2420 161 842 2287
2421 160 843 2291
2422 164 843 2293
2423 166 844 2293
2424 167 844 2296
2425 165 845 2300
2426 169 845 2301
2427 170 846 2305
2428 166 847 2309
2429 160 848 2314
2430 157 852 2316
2431 158 852 2317
2432 159 853 2319
2433 162 854 2319
2434 159 856 2321
2435 158 857 2324
2436 162 857 2327
2437 162 858 2328
2438 161 858 2332
2439 166 858 2335
2440 165 859 2337
2441 169 859 2338
2442 169 859 2340
2443 163 860 2346
2444 166 862 2346
2445 167 864 2347
2446 168 865 2350
2447 164 867 2355
2448 169 868 2355
2449 171 870 2358
2450 174 870 2358
2451 172 871 2361
2452 175 871 2362
2453 175 873 2365
2454 172 873 2369
2455 173 874 2371
2456 171 876 2375
2457 169 876 2380
2458 168 878 2382
2459 165 879 2386
2460 166 879 2389
2461 164 881 2392
2462 166 882 2395
2463 164 885 2397
2464 165 885 2397
2465 164 886 2401
2466 165 887 2401
2467 162 889 2403
2468 165 890 2406
2469 162 890 2410
2470 158 891 2414
2471 156 891 2421
2472 160 891 2422
2473 157 892 2425
2474 158 892 2428
2475 160 893 2429
2476 160 893 2431
2477 161 893 2432
2478 154 894 2441
2479 154 895 2442
2480 154 895 2444
2481 153 895 2446
2482 158 895 2446
2483 159 896 2449
2484 164 896 2451
2485 167 896 2452
2486 166 898 2454
2487 168 899 2456
2488 169 899 2458
2489 171 899 2459
2490 172 900 2460
2491 170 902 2462
2492 171 903 2466
2493 175 903 2467
2494 175 903 2469
2495 174 904 2472
2496 172 907 2476
2497 173 907 2480
2498 177 907 2482
2499 177 908 2485
2500 176 910 2488
2501 177 912 2490
2502 179 912 2491
2503 178 912 2494
2504 179 912 2499
2505 178 915 2502
2506 177 917 2508
2507 183 918 2510
2508 179 919 2515
2509 180 920 2517
2510 179 922 2518
2511 176 925 2522
2512 177 926 2523
2513 178 927 2524
2514 180 928 2524
2515 182 930 2524
2516 180 934 2529
2517 183 935 2532
2518 182 936 2535
2519 188 936 2536
2520 188 938 2538
2521 187 940 2541
2522 184 941 2545
2523 183 941 2548
2524 183 942 2549
2525 181 943 2553
2526 183 943 2555
2527 183 944 2557
2528 182 945 2560
2529 181 946 2566
2530 183 947 2569
2531 183 948 2570
2532 184 948 2573
2533 186 948 2575
2534 185 950 2577
2535 181 950 2581
2536 183 950 2584
2537 183 950 2588
2538 185 950 2590
2539 188 950 2592
2540 189 950 2597
2541 189 951 2598
2542 191 951 2601
2543 190 952 2606
2544 191 952 2610
2545 197 954 2613
2546 197 956 2615
2547 195 958 2620
2548 195 958 2624
2549 197 960 2626
2550 197 960 2630
2551 196 961 2633
2552 196 961 2636
2553 203 962 2638
2554 203 964 2642
2555 200 965 2646
2556 208 965 2649
2557 210 966 2649
2558 210 966 2651
2559 211 966 2656
2560 208 966 2660
2561 206 967 2664
2562 209 969 2666
2563 211 969 2671
2564 211 970 2675
2565 215 971 2679
2566 217 971 2682
2567 214 971 2688
2568 214 972 2692
2569 215 973 2698
2570 214 975 2701
2571 216 976 2703
2572 218 978 2704
2573 214 981 2710
2574 215 981 2713
2575 214 981 2718
2576 216 981 2722
2577 220 981 2723
2578 222 983 2724
2579 223 984 2724
2580 220 986 2727
2581 220 987 2729
2582 221 988 2731
2583 220 991 2732
2584 222 991 2734
2585 226 991 2737
2586 230 992 2738
2587 231 993 2739
2588 230 996 2743
2589 225 999 2747
2590 228 1000 2751
2591 230 1001 2753
2592 230 1003 2755
2593 233 1005 2757
2594 232 1006 2763
2595 229 1007 2767
2596 234 1008 2769
2597 233 1009 2772
2598 234 1010 2776
2599 234 1012 2779
2600 238 1013 2781
2601 237 1016 2782
2602 237 1016 2785
2603 235 1016 2787
2604 232 1019 2792
2605 234 1019 2800
2606 238 1019 2804
2607 242 1019 2806
2608 245 1019 2811
2609 245 1019 2814
2610 247 1020 2817
2611 239 1024 2821
2612 236 1025 2826
2613 238 1028 2828
2614 235 1029 2834
2615 235 1031 2837
2616 233 1032 2840
2617 235 1033 2841
2618 229 1035 2850
2619 237 1035 2853
2620 237 1038 2858
2621 237 1038 2864
2622 235 1040 2868
2623 237 1040 2872
2624 238 1044 2873
2625 242 1044 2874
2626 244 1046 2876
2627 238 1048 2883
2628 239 1050 2887
2629 247 1051 2890
2630 253 1053 2890
2631 249 1054 2895
2632 247 1055 2899
2633 251 1057 2900
2634 253 1058 2903
2635 249 1063 2906
2636 249 1064 2910
2637 250 1064 2917
2638 253 1065 2921
2639 248 1066 2928
2640 252 1067 2930
2641 255 1067 2932
2642 251 1068 2938
2643 254 1069 2942
2644 253 1070 2945
2645 255 1070 2950
2646 251 1071 2953
2647 250 1071 2957
2648 251 1072 2962
2649 254 1074 2965
2650 253 1075 2968
2651 255 1075 2976
2652 260 1075 2980
2653 258 1078 2983
2654 254 1079 2988
2655 255 1081 2992
2656 253 1082 2994
2657 257 1083 2998
2658 260 1085 3001
2659 262 1086 3002
2660 264 1088 3005
2661 264 1090 3008
2662 270 1090 3009
2663 266 1092 3011
2664 262 1094 3017
2665 266 1097 3019
2666 260 1101 3022
2667 256 1102 3031
2668 249 1105 3036
2669 248 1106 3041
2670 253 1107 3046
2671 247 1109 3054
2672 243 1112 3061
2673 239 1115 3066
2674 239 1116 3070
2675 243 1116 3072
2676 238 1117 3080
2677 237 1119 3081
2678 238 1119 3084
2679 234 1120 3090
2680 231 1120 3095
2681 227 1120 3102
2682 225 1122 3105
2683 231 1122 3106
2684 229 1124 3109
2685 233 1126 3111
2686 233 1128 3114
2687 229 1130 3117
2688 228 1131 3121
2689 227 1132 3126
2690 234 1133 3127
2691 240 1133 3130
2692 239 1134 3133
2693 241 1135 3136
2694 240 1135 3139
2695 237 1138 3143
2696 246 1139 3145
2697 252 1139 3147
2698 255 1140 3152
2699 252 1140 3158
2700 246 1140 3164
2701 243 1140 3169
2702 247 1141 3171
2703 248 1141 3175
2704 246 1141 3180
2705 252 1141 3182
2706 250 1141 3185
2707 256 1142 3186
2708 256 1142 3191
2709 255 1142 3196
2710 253 1147 3200
2711 250 1149 3205
2712 251 1150 3208
2713 248 1152 3211
2714 257 1153 3212
2715 261 1153 3214
2716 259 1153 3222
2717 255 1154 3229
2718 255 1157 3231
2719 252 1159 3234
2720 245 1161 3241
2721 248 1161 3247
2722 248 1161 3253
2723 244 1164 3257
2724 247 1164 3261
2725 251 1164 3263
2726 256 1164 3264
2727 253 1165 3269
2728 250 1165 3276
2729 246 1166 3282
2730 245 1166 3286
2731 247 1166 3289
2732 253 1167 3292
2733 254 1168 3293
2734 250 1170 3298
2735 244 1173 3303
2736 244 1176 3303
2737 243 1177 3307
2738 242 1178 3311
2739 241 1179 3315
2740 242 1179 3320
2741 242 1180 3322
2742 245 1180 3324
2743 244 1181 3330
2744 242 1181 3334
2745 248 1181 3336
2746 252 1182 3338
2747 256 1184 3340
2748 256 1185 3344
2749 257 1186 3347
2750 255 1187 3353
2751 260 1188 3357
2752 265 1188 3359
2753 260 1192 3366
2754 261 1194 3371
2755 259 1195 3379
2756 259 1196 3384
2757 263 1196 3390
2758 265 1197 3394
2759 267 1198 3395
2760 268 1199 3400
2761 269 1200 3403
2762 271 1200 3406
2763 274 1200 3408
2764 277 1201 3409
2765 276 1202 3414
2766 280 1204 3420
2767 272 1207 3427
2768 269 1211 3431
2769 267 1214 3434
2770 266 1216 3436
2771 267 1217 3438
2772 273 1218 3444
2773 268 1219 3452
2774 268 1221 3455
2775 271 1222 3456
2776 270 1223 3459
2777 270 1226 3467
2778 274 1226 3468
2779 275 1226 3471
2780 273 1228 3477
2781 270 1232 3479
2782 272 1233 3484
2783 270 1238 3493
2784 269 1241 3497
2785 270 1241 3504
2786 270 1244 3509
2787 272 1247 3511
2788 270 1249 3515
2789 274 1251 3518
2790 279 1251 3523
2791 283 1252 3526
2792 288 1254 3529
2793 282 1258 3536
2794 282 1260 3540
2795 275 1262 3548
2796 279 1263 3554
2797 270 1265 3562
2798 269 1268 3567
2799 268 1269 3576
2800 268 1270 3582
2801 276 1271 3586
2802 275 1274 3591
2803 278 1275 3595
2804 278 1280 3597
2805 273 1283 3603
2806 268 1287 3607
2807 271 1288 3614
2808 278 1289 3616
2809 281 1290 3620
2810 283 1290 3624
2811 286 1291 3627
2812 296 1292 3630
2813 295 1296 3635
2814 293 1298 3639
2815 296 1298 3645
2816 292 1303 3649
2817 290 1305 3654
2818 291 1305 3660
2819 292 1305 3666
2820 291 1306 3670
2821 293 1308 3671
2822 291 1310 3677
2823 287 1313 3683
2824 287 1315 3687
2825 291 1315 3689
2826 289 1316 3696
2827 292 1317 3700
2828 293 1317 3706
2829 299 1317 3710
2830 300 1318 3713
2831 302 1318 3719
2832 303 1321 3720
2833 302 1321 3725
2834 298 1324 3735
2835 296 1324 3743
2836 301 1325 3748
2837 303 1325 3754
2838 303 1327 3761
2839 300 1328 3764
2840 304 1332 3764
2841 303 1333 3772
2842 298 1335 3778
2843 302 1337 3780
2844 303 1338 3784
2845 310 1339 3786
2846 313 1340 3788
2847 318 1342 3792
2848 319 1344 3797
2849 322 1345 3800
2850 322 1346 3806
2851 316 1348 3812
2852 310 1352 3818
2853 314 1352 3821
2854 316 1356 3825
2855 309 1359 3831
2856 306 1364 3838
2857 305 1367 3842
2858 302 1371 3847
2859 304 1371 3852
2860 307 1373 3852
2861 300 1373 3865
2862 304 1374 3870
2863 301 1376 3876
2864 296 1377 3882
2865 299 1378 3885
2866 301 1378 3887
2867 304 1379 3891
2868 305 1380 3895
2869 308 1383 3900
2870 306 1383 3904
2871 301 1385 3913
2872 302 1387 3917
2873 309 1388 3922
2874 315 1389 3924
2875 315 1391 3927
2876 315 1392 3932
2877 316 1393 3937
2878 315 1399 3941
2879 316 1400 3946
2880 316 1401 3950
2881 310 1403 3958
2882 306 1405 3963
2883 307 1405 3965
2884 311 1405 3967
2885 307 1409 3973
2886 309 1410 3977
2887 304 1411 3983
2888 302 1412 3990
2889 301 1413 3997
2890 299 1414 4004
2891 296 1416 4010
2892 291 1418 4018
2893 292 1418 4022
2894 294 1418 4028
2895 302 1418 4033
2896 299 1418 4039
2897 299 1419 4047
2898 299 1420 4052
2899 302 1421 4055
2900 299 1425 4060
2901 302 1427 4063
2902 303 1428 4064
2903 310 1428 4069
2904 321 1428 4072
2905 318 1430 4078
2906 323 1431 4082
2907 326 1434 4084
2908 325 1439 4089
2909 329 1440 4090
2910 330 1441 4096
2911 333 1442 4100
2912 340 1442 4103
2913 348 1442 4106
2914 348 1444 4112
2915 349 1447 4114
2916 348 1449 4123
2917 352 1450 4126
2918 353 1452 4126
2919 354 1454 4131
2920 349 1455 4138
2921 346 1457 4147
2922 346 1459 4151
2923 342 1465 4161
2924 335 1469 4169
2925 335 1470 4175
2926 342 1471 4176
2927 344 1471 4181
2928 349 1471 4186
2929 352 1473 4191
2930 348 1475 4202
2931 347 1475 4212
2932 342 1479 4219
2933 343 1481 4222
2934 346 1481 4226
2935 353 1482 4226
2936 357 1482 4233
2937 357 1484 4236
2938 359 1487 4244
2939 363 1490 4249
2940 367 1491 4255
2941 370 1495 4258
2942 370 1495 4267
2943 376 1498 4270
2944 373 1501 4277
2945 381 1502 4279
2946 379 1506 4286
2947 378 1509 4291
2948 376 1510 4299
2949 377 1511 4305
2950 380 1511 4311
2951 386 1511 4316
2952 386 1513 4322
2953 389 1514 4328
2954 389 1516 4336
2955 383 1517 4343
2956 386 1519 4346
2957 376 1525 4356
2958 370 1527 4363
2959 375 1528 4366
2960 376 1528 4372
2961 381 1528 4375
2962 383 1528 4377
2963 388 1530 4382
2964 396 1531 4387
2965 398 1532 4392
2966 393 1532 4403
2967 392 1534 4405
2968 389 1535 4411
2969 396 1537 4415
2970 394 1538 4418
2971 399 1539 4420
2972 405 1540 4422
2973 404 1542 4429
2974 399 1543 4438
2975 399 1545 4443
2976 401 1545 4449
2977 404 1545 4455
2978 414 1546 4458
2979 410 1547 4470
2980 407 1548 4477
2981 407 1550 4485
2982 406 1552 4491
2983 406 1552 4496
2984 403 1556 4501
2985 403 1558 4511
2986 399 1565 4519
2987 398 1568 4525
2988 393 1570 4536
2989 390 1570 4545
2990 391 1571 4551
2991 388 1573 4556
2992 388 1576 4562
2993 393 1578 4565
2994 399 1581 4566
2995 399 1583 4569
2996 392 1586 4576
2997 385 1592 4584
2998 387 1592 4589
2999 390 1594 4594
3000 392 1597 4598
3001 392 1599 4602
3002 385 1605 4611
3003 388 1609 4611
3004 392 1610 4615
3005 391 1613 4621
3006 389 1615 4627
3007 386 1619 4632
3008 380 1621 4641
3009 379 1623 4649
3010 380 1623 4654
3011 374 1628 4662
3012 374 1630 4668
3013 379 1630 4673
3014 382 1633 4675
3015 381 1637 4680
3016 378 1638 4689
3017 374 1641 4698
3018 377 1642 4705
3019 376 1642 4711
3020 391 1644 4714
3021 392 1645 4719
3022 391 1648 4725
3023 397 1650 4728
3024 400 1652 4730
3025 398 1653 4742
3026 396 1655 4750
3027 391 1658 4761
3028 391 1660 4767
3029 398 1662 4771
3030 395 1664 4776
3031 394 1667 4780
3032 395 1673 4785
3033 390 1677 4794
3034 392 1680 4801
3035 390 1685 4806
3036 386 1688 4811
3037 389 1689 4817
3038 388 1692 4824
3039 390 1695 4829
3040 393 1700 4830
3041 394 1703 4833
3042 394 1703 4841
3043 390 1706 4848
3044 392 1708 4853
3045 394 1708 4860
3046 390 1709 4868
3047 400 1709 4871
3048 409 1710 4873
3049 406 1715 4878
3050 409 1717 4881
3051 410 1720 4891
3052 409 1725 4894
3053 413 1726 4901
3054 414 1728 4905
3055 416 1730 4911
3056 408 1736 4918
3057 411 1736 4924
3058 417 1736 4927
3059 420 1739 4932
3060 425 1739 4938
3061 424 1742 4945
3062 427 1745 4949
3063 419 1750 4961
3064 421 1752 4966
3065 419 1753 4976
3066 421 1756 4982
3067 425 1760 4984
3068 424 1761 4992
3069 422 1768 4999
3070 425 1771 5000
3071 430 1773 5006
3072 425 1778 5011
3073 421 1783 5016
3074 413 1787 5024
3075 417 1791 5031
3076 422 1793 5040
3077 423 1797 5044
3078 420 1801 5053
3079 419 1807 5058
3080 424 1810 5061
3081 419 1813 5073
3082 425 1816 5078
3083 424 1817 5083
3084 420 1820 5090
3085 421 1823 5098
3086 420 1825 5107
3087 410 1827 5118
3088 415 1828 5121
3089 416 1831 5128
3090 415 1832 5132
3091 415 1833 5136
3092 420 1834 5140
3093 419 1838 5147
3094 424 1840 5150
3095 420 1844 5154
3096 427 1844 5159
3097 431 1846 5163
3098 431 1848 5170
3099 425 1854 5179
3100 429 1856 5183
3101 440 1856 5189
3102 440 1859 5192
3103 439 1860 5199
3104 438 1862 5205
3105 444 1864 5214
3106 450 1864 5217
3107 447 1869 5228
3108 448 1870 5238
3109 455 1872 5241
3110 449 1878 5251
3111 453 1880 5261
3112 452 1883 5267
3113 452 1886 5273
3114 451 1887 5283
3115 448 1889 5293
3116 453 1890 5297
3117 455 1892 5306
3118 459 1895 5312
3119 457 1896 5325
3120 455 1901 5332
3121 449 1908 5340
3122 450 1908 5346
3123 450 1911 5350
3124 451 1913 5356
3125 460 1914 5359
3126 461 1914 5366
3127 455 1921 5370
3128 457 1927 5377
3129 452 1930 5386
3130 460 1931 5389
3131 463 1932 5397
3132 458 1939 5403
3133 456 1941 5409
3134 458 1942 5417
3135 461 1945 5420
3136 464 1948 5424
3137 472 1950 5427
3138 477 1951 5435
3139 479 1954 5444
3140 479 1955 5449
3141 477 1962 5455
3142 480 1966 5461
3143 480 1969 5470
3144 476 1976 5478
3145 472 1980 5485
3146 469 1986 5488
3147 470 1990 5494
3148 475 1992 5499
3149 481 1993 5506
3150 478 1996 5512
3151 485 1999 5516
3152 485 2002 5521
3153 489 2003 5530
3154 485 2006 5542
3155 478 2009 5557
3156 488 2010 5559
3157 492 2013 5562
3158 487 2019 5568
3159 488 2020 5577
3160 491 2024 5582
3161 490 2025 5587
3162 493 2026 5595
3163 486 2029 5603
3164 486 2032 5609
3165 486 2033 5619
3166 485 2040 5624
3167 489 2042 5633
3168 485 2044 5644
3169 491 2046 5649
3170 492 2048 5658
3171 490 2049 5666
3172 493 2051 5673
3173 495 2051 5681
3174 503 2051 5685
3175 510 2054 5691
3176 510 2058 5701
3177 497 2064 5715
3178 494 2067 5725
3179 495 2069 5733
3180 498 2071 5737
3181 492 2075 5747
3182 496 2078 5755
3183 494 2082 5763
3184 505 2084 5766
3185 516 2088 5771
3186 515 2091 5780
3187 518 2093 5790
3188 519 2097 5799
3189 514 2099 5808
3190 515 2101 5817
3191 510 2102 5828
3192 515 2103 5832
3193 513 2106 5846
3194 520 2107 5850
3195 521 2111 5856
3196 522 2114 5863
3197 522 2118 5871
3198 521 2119 5878
3199 515 2124 5889
3200 510 2127 5900
3201 508 2131 5907
3202 513 2135 5916
3203 511 2137 5922
3204 500 2141 5936
3205 498 2146 5942
3206 501 2148 5948
3207 497 2153 5952
3208 499 2156 5955
3209 500 2157 5964
3210 497 2160 5971
3211 505 2163 5977
3212 508 2167 5982
3213 510 2170 5987
3214 506 2175 5994
3215 509 2175 6000
3216 512 2179 6005
3217 512 2180 6014
3218 506 2181 6023
3219 504 2185 6032
3220 508 2187 6040
3221 507 2189 6049
3222 504 2194 6057
3223 510 2196 6063
3224 513 2198 6069
3225 515 2201 6076
3226 508 2205 6089
3227 509 2208 6091
3228 508 2212 6101
3229 511 2214 6109
3230 517 2216 6114
3231 521 2218 6119
3232 521 2221 6129
3233 523 2224 6135
3234 515 2231 6142
3235 524 2234 6146
3236 534 2236 6150
3237 540 2238 6158
3238 543 2242 6166
3239 543 2247 6172
3240 546 2252 6178
3241 548 2253 6189
3242 540 2258 6201
3243 549 2260 6208
3244 542 2265 6220
3245 542 2268 6230
3246 550 2270 6238
3247 554 2272 6244
3248 555 2276 6251
3249 563 2279 6259
3250 556 2282 6274
3251 561 2284 6284
3252 563 2288 6293
3253 559 2295 6302
3254 556 2297 6315
3255 554 2300 6321
3256 559 2303 6327
3257 564 2307 6334
3258 559 2311 6346
3259 554 2317 6358
3260 554 2322 6363
3261 562 2324 6367
3262 563 2328 6375
3263 558 2334 6382
3264 557 2335 6393
3265 565 2339 6399
3266 570 2342 6404
3267 570 2344 6409
3268 568 2348 6420
3269 573 2350 6426
3270 576 2352 6436
3271 578 2355 6444
3272 580 2360 6452
3273 581 2361 6458
3274 589 2362 6465
3275 589 2366 6473
3276 592 2370 6477
3277 593 2374 6486
3278 595 2375 6498
3279 592 2378 6505
3280 589 2380 6519
3281 592 2382 6531
3282 602 2384 6538
3283 600 2386 6550
3284 602 2388 6561
3285 599 2390 6569
3286 602 2394 6578
3287 595 2398 6591
3288 599 2402 6597
3289 592 2405 6607
3290 610 2407 6613
3291 608 2415 6620
3292 609 2417 6629
3293 605 2419 6640
3294 605 2421 6650
3295 606 2424 6658
3296 603 2428 6666
3297 603 2430 6679
3298 609 2433 6686
3299 612 2437 6694
3300 612 2442 6704
3301 619 2446 6712
3302 623 2450 6720
3303 617 2453 6730
3304 617 2457 6741
3305 625 2457 6748
3306 626 2459 6759
3307 632 2460 6769
3308 636 2462 6776
3309 632 2465 6790
3310 629 2469 6803
3311 629 2471 6813
3312 636 2475 6820
3313 627 2479 6834
3314 632 2482 6843
3315 634 2487 6846
3316 637 2491 6853
3317 634 2494 6866
3318 642 2497 6870
3319 636 2502 6883
3320 629 2507 6893
3321 626 2515 6902
3322 632 2517 6909
3323 627 2525 6917
3324 627 2530 6926
3325 625 2533 6938
3326 628 2536 6945
3327 633 2538 6952
3328 633 2543 6961
3329 639 2547 6969
3330 641 2550 6978
3331 640 2551 6988
3332 641 2554 6996
3333 638 2557 7013
3334 638 2559 7022
3335 642 2563 7029
3336 651 2565 7035
3337 649 2567 7052
3338 652 2567 7066
3339 648 2570 7081
3340 638 2576 7095
3341 638 2577 7110
3342 642 2580 7121
3343 641 2581 7131
3344 648 2584 7138
3345 647 2589 7148
3346 650 2594 7154
3347 659 2595 7161
3348 654 2599 7171
3349 649 2602 7186
3350 644 2607 7201
3351 639 2612 7213
3352 646 2613 7220
3353 649 2618 7230
3354 657 2621 7236
3355 662 2623 7248
3356 670 2625 7257
3357 666 2631 7268
3358 669 2634 7275
3359 667 2635 7282
3360 674 2640 7288
3361 683 2643 7294
3362 693 2644 7302
3363 697 2648 7313
3364 700 2653 7322
3365 701 2658 7334
3366 704 2662 7341
3367 708 2667 7348
3368 703 2671 7359
3369 710 2675 7366
3370 707 2678 7378
3371 709 2682 7389
3372 708 2684 7395
3373 703 2690 7408
3374 711 2695 7413
3375 720 2699 7421
3376 738 2702 7427
3377 745 2705 7437
3378 746 2708 7451
3379 758 2711 7459
3380 751 2715 7479
3381 757 2717 7490
3382 759 2722 7504
3383 757 2726 7515
3384 763 2731 7527
3385 760 2734 7542
3386 764 2738 7553
3387 768 2742 7563
3388 766 2747 7578
3389 774 2753 7586
3390 769 2757 7600
3391 773 2759 7610
3392 773 2761 7626
3393 770 2768 7637
3394 764 2774 7651
3395 770 2777 7662
3396 775 2778 7677
3397 781 2781 7684
3398 789 2786 7692
3399 794 2792 7702
3400 795 2795 7710
3401 789 2799 7727
3402 788 2801 7739
3403 786 2810 7752
3404 791 2814 7761
3405 801 2820 7771
3406 791 2827 7785
3407 792 2831 7797
3408 793 2837 7808
3409 795 2844 7822
3410 786 2852 7835
3411 787 2853 7849
3412 793 2857 7857
3413 796 2863 7869
3414 792 2871 7880
3415 792 2873 7888
3416 791 2877 7902
3417 783 2880 7922
3418 785 2886 7932
3419 808 2887 7935
3420 806 2890 7955
3421 809 2894 7970
3422 808 2897 7979
3423 816 2903 7989
3424 814 2909 8006
3425 810 2913 8023
3426 818 2917 8034
3427 815 2922 8051
3428 818 2926 8065
3429 824 2932 8078
3430 826 2938 8087
3431 828 2943 8094
3432 834 2945 8106
3433 837 2947 8120
3434 845 2950 8129
3435 842 2955 8143
3436 842 2962 8154
3437 853 2968 8165
3438 859 2972 8173
3439 869 2976 8183
3440 864 2979 8201
3441 868 2985 8212
3442 872 2989 8223
3443 876 2996 8237
3444 873 3006 8250
3445 875 3008 8263
3446 865 3014 8282
3447 858 3020 8298
3448 856 3024 8317
3449 858 3030 8327
3450 864 3035 8336
3451 862 3039 8347
3452 868 3042 8363
3453 869 3044 8377
3454 878 3048 8389
3455 887 3052 8399
3456 885 3056 8415
3457 888 3063 8429
3458 887 3064 8444
3459 894 3072 8453
3460 897 3077 8463
3461 908 3084 8471
3462 905 3093 8481
3463 904 3097 8497
3464 909 3102 8511
3465 912 3109 8523
3466 922 3116 8530
3467 925 3124 8542
3468 918 3134 8557
3469 918 3137 8572
3470 929 3139 8581
3471 929 3144 8598
3472 932 3149 8613
3473 928 3155 8625
3474 932 3159 8639
3475 941 3160 8656
3476 939 3166 8675
3477 935 3169 8689
3478 934 3176 8708
3479 939 3178 8723
3480 942 3187 8733
3481 944 3193 8746
3482 940 3199 8763
3483 945 3203 8776
3484 950 3208 8785
3485 953 3212 8797
3486 956 3218 8812
3487 961 3222 8827
3488 972 3228 8837
3489 970 3236 8852
3490 969 3240 8868
3491 979 3244 8883
3492 985 3249 8896
3493 981 3258 8915
3494 981 3264 8932
3495 981 3269 8946
3496 981 3269 8962
3497 977 3276 8984
3498 984 3280 8996
3499 985 3285 9010
3500 986 3290 9031
3501 993 3294 9047
3502 1005 3298 9054
3503 1008 3303 9067
3504 1008 3309 9080
3505 1006 3315 9097
3506 1011 3320 9112
3507 1010 3323 9128
3508 1012 3328 9142
3509 1012 3338 9157
3510 1006 3342 9177
3511 999 3351 9193
3512 1005 3354 9209
3513 1001 3360 9227
3514 989 3366 9251
3515 989 3368 9263
3516 1002 3372 9271
3517 994 3378 9286
3518 999 3381 9295
3519 994 3385 9315
3520 988 3391 9325
3521 996 3394 9340
3522 996 3402 9352
3523 998 3404 9367
3524 1000 3411 9386
3525 1001 3420 9403
3526 997 3429 9421
3527 995 3437 9436
3528 996 3447 9451
3529 988 3453 9468
3530 975 3462 9484
3531 980 3466 9501
3532 984 3472 9518
3533 994 3478 9528
3534 989 3485 9544
3535 993 3496 9555
3536 1007 3502 9569
3537 995 3506 9593
3538 996 3513 9605
3539 997 3517 9623
3540 997 3522 9639
3541 992 3528 9656
3542 995 3534 9669
3543 994 3542 9686
3544 995 3548 9702
3545 997 3552 9717
3546 1009 3556 9728
3547 1001 3562 9747
3548 1012 3564 9761
3549 1004 3568 9782
3550 1004 3574 9804
3551 1007 3576 9819
3552 1011 3579 9830
3553 1008 3584 9845
3554 999 3591 9862
3555 995 3598 9874
3556 989 3606 9889
3557 983 3609 9907
3558 979 3615 9924
3559 967 3622 9953
3560 975 3627 9964
3561 961 3630 9987
3562 969 3633 10004
3563 980 3638 10015
3564 978 3646 10031
3565 979 3654 10052
3566 994 3658 10062
3567 1000 3668 10080
3568 1002 3674 10093
3569 1004 3681 10105
3570 1019 3685 10119
3571 1023 3690 10135
3572 1038 3694 10143
3573 1040 3704 10154
3574 1050 3713 10164
3575 1045 3722 10186
3576 1046 3725 10201
3577 1036 3733 10221
3578 1047 3736 10232
3579 1048 3744 10243
3580 1048 3750 10256
3581 1044 3756 10273
3582 1045 3761 10290
3583 1048 3766 10306
3584 1051 3768 10321
3585 1050 3774 10334
3586 1044 3782 10351
3587 1037 3789 10369
3588 1038 3801 10382
3589 1041 3807 10396
3590 1043 3811 10413
3591 1039 3819 10428
3592 1038 3823 10450
3593 1053 3825 10462
3594 1051 3829 10480
3595 1053 3832 10491
3596 1067 3835 10504
3597 1083 3839 10515
3598 1083 3845 10539
3599 1081 3848 10561
3600 1085 3851 10576
3601 1104 3853 10591
3602 1101 3861 10613
3603 1102 3865 10632
3604 1106 3871 10650
3605 1098 3877 10675
3606 1108 3882 10684
3607 1112 3888 10702
3608 1110 3892 10725
3609 1091 3903 10753
3610 1097 3906 10767
3611 1092 3911 10786
3612 1093 3917 10803
3613 1080 3925 10827
3614 1077 3933 10842
3615 1081 3941 10859
3616 1076 3950 10877
3617 1083 3955 10888
3618 1097 3960 10901
3619 1107 3967 10914
3620 1106 3975 10923
3621 1113 3981 10936
3622 1109 3990 10955
3623 1105 3998 10973
3624 1100 4003 10996
3625 1107 4008 11009
3626 1109 4014 11020
3627 1124 4018 11036
3628 1132 4025 11051
3629 1130 4032 11073
3630 1140 4040 11086
3631 1127 4048 11105
3632 1122 4058 11124
3633 1124 4065 11139
3634 1124 4070 11154
3635 1117 4078 11172
3636 1118 4085 11182
3637 1119 4091 11202
3638 1121 4100 11217
3639 1129 4105 11234
3640 1127 4112 11254
3641 1126 4122 11272
3642 1119 4125 11296
3643 1100 4132 11324
3644 1098 4142 11339
3645 1105 4147 11350
3646 1101 4157 11365
3647 1092 4165 11384
3648 1093 4170 11402
3649 1089 4178 11427
3650 1095 4183 11446
3651 1087 4186 11464
3652 1086 4191 11485
3653 1101 4194 11493
3654 1092 4203 11516
3655 1092 4206 11534
3656 1087 4209 11554
3657 1090 4215 11572
3658 1103 4217 11589
3659 1104 4225 11604
3660 1091 4233 11634
3661 1102 4238 11649
3662 1100 4247 11672
3663 1106 4253 11689
3664 1108 4258 11709
3665 1109 4263 11719
3666 1105 4275 11739
3667 1109 4277 11759
3668 1124 4281 11773
3669 1133 4287 11789
3670 1134 4293 11799
3671 1137 4299 11812
3672 1126 4305 11829
3673 1117 4312 11855
3674 1124 4317 11873
3675 1136 4319 11886
3676 1145 4324 11897
3677 1139 4327 11919
3678 1139 4333 11940
3679 1136 4340 11961
3680 1148 4343 11973
3681 1159 4352 11986
3682 1167 4360 12004
3683 1174 4366 12018
3684 1173 4376 12034
3685 1180 4383 12047
3686 1176 4390 12066
3687 1187 4391 12085
3688 1190 4395 12103
3689 1192 4404 12125
3690 1188 4412 12145
3691 1187 4417 12163
3692 1193 4421 12182
3693 1196 4426 12199
3694 1203 4430 12224
3695 1210 4436 12240
3696 1209 4446 12256
3697 1207 4451 12278
3698 1214 4455 12290
3699 1221 4466 12300
3700 1207 4479 12323
3701 1215 4481 12342
3702 1222 4487 12360
3703 1234 4493 12370
3704 1234 4500 12389
3705 1240 4506 12407
3706 1255 4511 12421
3707 1255 4521 12439
3708 1245 4528 12460
3709 1239 4541 12484
3710 1239 4553 12507
3711 1239 4561 12522
3712 1245 4566 12543
3713 1249 4573 12562
3714 1252 4578 12576
3715 1241 4583 12601
3716 1251 4591 12620
3717 1251 4596 12636
3718 1251 4603 12653
3719 1268 4610 12667
3720 1259 4621 12688
3721 1257 4627 12710
3722 1265 4629 12726
3723 1266 4634 12744
3724 1264 4644 12762
3725 1257 4648 12784
3726 1257 4652 12805
3727 1248 4658 12827
3728 1251 4662 12841
3729 1262 4665 12852
3730 1260 4670 12873
3731 1274 4677 12885
3732 1271 4684 12908
3733 1279 4689 12927
3734 1285 4693 12947
3735 1298 4696 12967
3736 1303 4705 12983
3737 1295 4711 13003
3738 1282 4723 13023
3739 1293 4725 13041
3740 1304 4734 13055
3741 1307 4740 13075
3742 1312 4751 13090
3743 1315 4758 13103
3744 1319 4766 13119
3745 1320 4772 13146
3746 1331 4780 13160
3747 1327 4790 13186
3748 1324 4797 13208
3749 1326 4802 13226
3750 1320 4810 13249
3751 1329 4814 13268
3752 1338 4821 13287
3753 1347 4824 13303
3754 1356 4830 13322
3755 1352 4834 13342
3756 1352 4838 13358
3757 1349 4851 13375
3758 1355 4855 13391
3759 1368 4860 13405
3760 1363 4869 13432
3761 1360 4882 13448
3762 1355 4892 13471
3763 1348 4903 13489
3764 1350 4910 13514
3765 1362 4916 13528
3766 1362 4925 13549
3767 1372 4931 13572
3768 1368 4944 13595
3769 1385 4948 13613
3770 1384 4952 13632
3771 1394 4963 13646
3772 1397 4969 13669
3773 1408 4974 13688
3774 1430 4977 13713
3775 1430 4981 13733
3776 1420 4988 13759
3777 1437 4994 13776
3778 1444 5001 13802
3779 1458 5011 13822
3780 1459 5017 13842
3781 1444 5026 13873
3782 1442 5032 13896
3783 1444 5037 13917
3784 1448 5046 13937
3785 1444 5057 13958
3786 1433 5066 13981
3787 1446 5074 13999
3788 1451 5076 14027
3789 1443 5082 14053
3790 1446 5087 14077
3791 1450 5097 14092
3792 1456 5106 14112
3793 1444 5117 14137
3794 1436 5127 14162
3795 1442 5138 14178
3796 1450 5145 14195
3797 1455 5156 14211
3798 1468 5164 14232
3799 1467 5173 14251
3800 1467 5181 14270
3801 1467 5189 14292
3802 1468 5203 14311
3803 1467 5210 14335
3804 1481 5216 14351
3805 1494 5224 14369
3806 1494 5235 14389
3807 1501 5238 14410
3808 1496 5244 14440
3809 1502 5255 14462
3810 1503 5263 14488
3811 1502 5273 14506
3812 1506 5280 14524
3813 1514 5291 14543
3814 1511 5301 14563
3815 1505 5313 14589
3816 1514 5319 14606
3817 1526 5325 14631
3818 1538 5334 14650
3819 1553 5342 14670
3820 1566 5348 14685
3821 1577 5360 14700
3822 1571 5370 14731
3823 1556 5384 14762
3824 1558 5395 14788
3825 1568 5402 14815
3826 1569 5407 14843
3827 1548 5419 14878
3828 1550 5429 14903
3829 1541 5445 14925
3830 1552 5450 14945
3831 1568 5458 14962
3832 1564 5472 14976
3833 1553 5482 15009
3834 1573 5491 15028
3835 1582 5504 15044
3836 1585 5512 15064
3837 1598 5520 15078
3838 1597 5526 15106
3839 1588 5536 15141
3840 1600 5543 15166
3841 1608 5552 15188
3842 1597 5563 15218
3843 1610 5569 15240
3844 1628 5578 15252
3845 1631 5583 15274
3846 1631 5593 15296
3847 1632 5604 15313
3848 1635 5614 15335
3849 1615 5620 15372
3850 1625 5627 15394
3851 1616 5635 15426
3852 1617 5646 15452
3853 1613 5655 15483
3854 1618 5663 15514
3855 1614 5667 15542
3856 1631 5680 15558
3857 1629 5690 15583
3858 1649 5698 15607
3859 1659 5711 15623
3860 1644 5724 15652
3861 1660 5729 15672
3862 1657 5744 15698
3863 1661 5752 15722
3864 1663 5761 15742
3865 1663 5767 15768
3866 1674 5773 15796
3867 1670 5779 15826
3868 1667 5786 15858
3869 1689 5792 15885
3870 1697 5803 15908
3871 1697 5811 15936
3872 1703 5818 15955
3873 1702 5828 15985
3874 1704 5838 16004
3875 1696 5847 16040
3876 1695 5861 16075
3877 1709 5864 16090
3878 1714 5876 16114
3879 1720 5885 16138
3880 1733 5890 16165
3881 1741 5897 16192
3882 1741 5906 16219
3883 1763 5914 16232
3884 1767 5925 16256
3885 1776 5933 16273
3886 1768 5949 16301
3887 1774 5957 16332
3888 1786 5965 16363
3889 1789 5974 16389
3890 1785 5987 16418
3891 1781 5998 16444
3892 1774 6006 16475
3893 1783 6017 16500
3894 1779 6035 16533
3895 1779 6045 16561
3896 1766 6063 16595
3897 1765 6072 16629
3898 1766 6085 16659
3899 1785 6092 16680
3900 1785 6108 16710
3901 1793 6121 16737
3902 1788 6132 16766
3903 1791 6144 16791
3904 1782 6155 16818
3905 1777 6168 16847
3906 1774 6173 16881
3907 1784 6179 16902
3908 1793 6185 16926
3909 1790 6194 16958
3910 1797 6206 16981
3911 1808 6208 17002
3912 1816 6212 17033
3913 1834 6216 17049
3914 1841 6221 17078
3915 1848 6231 17099
3916 1857 6241 17130
3917 1865 6247 17155
3918 1871 6256 17180
3919 1888 6260 17206
3920 1885 6272 17233
3921 1893 6280 17254
3922 1885 6294 17282
3923 1875 6304 17316
3924 1889 6313 17349
3925 1902 6321 17372
3926 1901 6337 17392
3927 1906 6347 17417
3928 1894 6357 17453
3929 1884 6370 17486
3930 1878 6382 17511
3931 1880 6392 17537
3932 1877 6397 17572
3933 1876 6403 17602
3934 1886 6407 17634
3935 1889 6417 17664
3936 1882 6426 17699
3937 1880 6436 17731
3938 1888 6448 17762
3939 1909 6459 17785
3940 1910 6474 17811
3941 1908 6480 17842
3942 1904 6496 17869
3943 1904 6513 17897
3944 1901 6525 17930
3945 1888 6539 17961
3946 1878 6551 17984
3947 1864 6564 18022
3948 1886 6572 18046
3949 1882 6577 18078
3950 1877 6587 18104
3951 1891 6599 18128
3952 1884 6609 18154
3953 1876 6621 18186
3954 1875 6636 18212
3955 1882 6645 18245
3956 1872 6656 18282
3957 1866 6670 18313
3958 1862 6681 18338
3959 1863 6694 18368
3960 1879 6709 18391
3961 1874 6719 18421
3962 1874 6729 18448
3963 1873 6738 18475
3964 1875 6746 18499
3965 1870 6762 18527
3966 1888 6773 18546
3967 1888 6786 18583
3968 1907 6796 18617
3969 1931 6804 18640
3970 1933 6817 18672
3971 1942 6825 18697
3972 1955 6832 18719
3973 1962 6845 18740
3974 1985 6846 18768
3975 1990 6859 18796
3976 1999 6865 18830
3977 1984 6876 18867
3978 1980 6884 18904
3979 1995 6899 18928
3980 2006 6914 18958
3981 2017 6920 18987
3982 2017 6928 19017
3983 2013 6936 19046
3984 2004 6953 19073
3985 2004 6959 19111
3986 2006 6967 19150
3987 1993 6979 19186
3988 1996 6992 19216
3989 2013 7004 19244
3990 2021 7021 19278
3991 2020 7032 19314
3992 2033 7035 19345
3993 2037 7042 19384
3994 2043 7053 19416
3995 2023 7063 19456
3996 2032 7069 19488
3997 2035 7082 19524
3998 2020 7102 19559
3999 2029 7115 19590
4000 2030 7124 19624
4001 2019 7137 19657
4002 2028 7148 19682
4003 2027 7156 19712
4004 1997 7174 19756
4005 2010 7185 19785
4006 2010 7193 19822
4007 2004 7206 19859
4008 2022 7210 19887
4009 2025 7222 19916
4010 2043 7230 19940
4011 2046 7242 19974
4012 2051 7252 19998
4013 2068 7260 20023
4014 2071 7272 20049
4015 2086 7280 20079
4016 2088 7291 20113
4017 2095 7296 20149
4018 2094 7313 20179
4019 2105 7326 20206
4020 2124 7340 20220
4021 2118 7357 20257
4022 2132 7369 20284
4023 2142 7381 20311
4024 2136 7399 20347
4025 2158 7408 20369
4026 2169 7419 20401
4027 2168 7430 20438
4028 2175 7441 20465
4029 2167 7457 20504
4030 2162 7464 20545
4031 2161 7476 20582
4032 2156 7485 20616
4033 2169 7500 20640
4034 2168 7510 20674
4035 2176 7522 20700
4036 2167 7536 20747
4037 2167 7553 20779
4038 2167 7564 20806
4039 2172 7584 20833
4040 2172 7597 20869
4041 2181 7608 20892
4042 2182 7616 20927
4043 2169 7628 20971
4044 2178 7636 20995
4045 2182 7642 21025
4046 2200 7652 21050
4047 2192 7669 21084
4048 2182 7678 21130
4049 2180 7687 21173
4050 2190 7698 21197
4051 2187 7708 21233
4052 2196 7716 21261
4053 2189 7742 21295
4054 2190 7749 21328
4055 2174 7763 21367
4056 2192 7776 21400
4057 2199 7790 21431
4058 2213 7798 21458
4059 2226 7812 21484
4060 2227 7824 21520
4061 2229 7832 21554
4062 2248 7842 21588
4063 2246 7861 21624
4064 2242 7875 21665
4065 2239 7883 21702
4066 2219 7897 21741
4067 2214 7911 21776
4068 2221 7920 21807
4069 2217 7931 21844
4070 2235 7940 21869
4071 2224 7964 21902
4072 2218 7982 21945
4073 2241 7992 21965
4074 2232 8007 22002
4075 2232 8014 22040
4076 2242 8021 22071
4077 2257 8032 22103
4078 2237 8049 22141
4079 2229 8059 22178
4080 2227 8064 22215
4081 2233 8078 22245
4082 2215 8088 22285
4083 2226 8099 22320
4084 2208 8113 22365
4085 2209 8122 22399
4086 2211 8135 22444
4087 2221 8145 22474
4088 2234 8154 22505
4089 2229 8164 22540
4090 2246 8173 22565
4091 2245 8183 22614
4092 2250 8192 22649
4093 2261 8203 22683
4094 2284 8216 22705
4095 2283 8229 22740
4096 2287 8238 22772
4097 2299 8247 22802
4098 2292 8266 22827
4099 2288 8282 22860
4100 2302 8291 22887
4101 2298 8306 22922
4102 2275 8324 22967
4103 2275 8334 23006
4104 2267 8353 23042
4105 2258 8368 23078
4106 2248 8379 23128
4107 2267 8385 23159
4108 2263 8398 23195
4109 2251 8417 23233
4110 2261 8430 23273
4111 2256 8446 23306
4112 2271 8463 23342
4113 2275 8470 23375
4114 2272 8485 23408
4115 2277 8498 23443
4116 2266 8520 23479
4117 2252 8535 23517
4118 2238 8554 23541
4119 2252 8566 23572
4120 2272 8575 23602
4121 2271 8585 23644
4122 2288 8604 23672
4123 2306 8613 23695
4124 2319 8625 23727
4125 2308 8640 23762
4126 2292 8659 23797
4127 2297 8677 23825
4128 2298 8693 23856
4129 2295 8705 23900
4130 2313 8714 23935
4131 2307 8728 23979
4132 2315 8741 24014
4133 2321 8751 24055
4134 2342 8761 24088
4135 2342 8775 24121
4136 2357 8790 24154
4137 2366 8804 24188
4138 2354 8823 24225
4139 2355 8832 24262
4140 2365 8848 24294
4141 2371 8865 24326
4142 2389 8874 24359
4143 2391 8889 24387
4144 2406 8903 24425
4145 2407 8915 24460
4146 2428 8924 24490
4147 2431 8936 24521
4148 2417 8954 24564
4149 2428 8962 24608
4150 2433 8970 24646
4151 2445 8982 24678
4152 2465 8996 24711
4153 2460 9017 24748
4154 2445 9035 24798
4155 2451 9051 24838
4156 2453 9065 24872
4157 2463 9078 24911
4158 2465 9094 24953
4159 2464 9113 24986
4160 2479 9120 25019
4161 2480 9135 25053
4162 2484 9149 25091
4163 2516 9158 25118
4164 2515 9169 25162
4165 2497 9190 25203
4166 2493 9207 25246
4167 2502 9219 25291
4168 2492 9236 25327
4169 2504 9247 25366
4170 2514 9263 25401
4171 2519 9275 25435
4172 2525 9289 25465
4173 2543 9298 25495
4174 2554 9315 25532
4175 2557 9333 25573
4176 2564 9348 25609
4177 2565 9362 25658
4178 2571 9381 25689
4179 2583 9397 25715
4180 2598 9410 25745
4181 2589 9430 25793
4182 2589 9441 25831
4183 2595 9449 25878
4184 2602 9469 25905
4185 2612 9480 25944
4186 2604 9492 25987
4187 2597 9502 26024
4188 2600 9514 26068
4189 2600 9527 26103
4190 2603 9542 26145
4191 2617 9553 26172
4192 2631 9570 26203
4193 2632 9591 26238
4194 2624 9612 26280
4195 2639 9625 26325
4196 2643 9630 26370
4197 2628 9651 26419
4198 2615 9668 26459
4199 2623 9678 26496
4200 2621 9685 26536
4201 2618 9699 26582
4202 2624 9712 26625
4203 2635 9723 26659
4204 2631 9741 26701
4205 2648 9754 26740
4206 2651 9767 26777
4207 2648 9778 26815
4208 2650 9794 26851
4209 2676 9807 26882
4210 2676 9830 26922
4211 2691 9843 26964
4212 2684 9865 27010
4213 2670 9876 27068
4214 2686 9893 27104
4215 2688 9910 27141
4216 2695 9924 27182
4217 2695 9941 27217
4218 2702 9957 27255
4219 2695 9972 27306
4220 2730 9990 27332
4221 2737 10001 27379
4222 2738 10015 27421
4223 2733 10030 27463
4224 2734 10042 27501
4225 2726 10062 27543
4226 2736 10077 27583
4227 2727 10101 27620
4228 2743 10113 27662
4229 2742 10127 27706
4230 2751 10141 27747
4231 2746 10158 27785
4232 2761 10171 27823
4233 2757 10186 27869
4234 2761 10201 27907
4235 2759 10224 27948
4236 2770 10240 27992
4237 2778 10259 28030
4238 2769 10277 28078
4239 2772 10288 28124
4240 2782 10301 28163
4241 2790 10316 28207
4242 2801 10335 28245
4243 2800 10356 28295
4244 2810 10369 28339
4245 2794 10387 28389
4246 2802 10400 28432
4247 2789 10419 28481
4248 2802 10427 28531
4249 2784 10457 28581
4250 2795 10480 28626
4251 2793 10500 28663
4252 2801 10510 28705
4253 2802 10521 28744
4254 2806 10540 28787
4255 2825 10549 28835
4256 2826 10570 28877
4257 2833 10587 28923
4258 2831 10601 28971
4259 2817 10620 29015
4260 2817 10636 29060
4261 2794 10654 29113
4262 2819 10665 29163
4263 2821 10682 29215
4264 2824 10697 29258
4265 2839 10706 29296
4266 2858 10722 29336
4267 2864 10742 29373
4268 2889 10755 29403
4269 2906 10772 29437
4270 2905 10792 29484
4271 2907 10805 29538
4272 2914 10818 29584
4273 2909 10835 29634
4274 2896 10853 29687
4275 2909 10874 29724
4276 2917 10891 29774
4277 2917 10903 29828
4278 2916 10925 29874
4279 2906 10941 29914
4280 2900 10956 29965
4281 2885 10975 30023
4282 2885 10994 30070
4283 2894 11010 30117
4284 2904 11023 30156
4285 2909 11042 30197
4286 2901 11063 30254
4287 2916 11075 30293
4288 2924 11088 30334
4289 2919 11100 30374
4290 2926 11118 30405
4291 2943 11133 30452
4292 2930 11150 30500
4293 2957 11158 30543
4294 2945 11182 30597
4295 2941 11191 30645
4296 2945 11208 30690
4297 2936 11227 30733
4298 2955 11243 30765
4299 2969 11259 30801
4300 2947 11285 30856
4301 2930 11307 30914
4302 2956 11322 30960
4303 2955 11335 31010
4304 2959 11349 31052
4305 2975 11370 31090
4306 2961 11392 31137
4307 2969 11417 31181
4308 2992 11434 31211
4309 2974 11452 31260
4310 2983 11465 31305
4311 2969 11483 31353
4312 2976 11497 31394
4313 2978 11510 31434
4314 2986 11523 31479
4315 2977 11550 31519
4316 2971 11567 31572
4317 2953 11583 31621
4318 2973 11605 31659
4319 2987 11623 31693
4320 2963 11641 31746
4321 2960 11660 31798
4322 2970 11677 31837
4323 2993 11689 31882
4324 2989 11705 31926
4325 2991 11724 31977
4326 2998 11739 32019
4327 3012 11756 32066
4328 3030 11763 32103
4329 3037 11776 32146
4330 3064 11790 32185
4331 3048 11804 32241
4332 3040 11821 32292
4333 3043 11843 32339
4334 3020 11865 32393
4335 3017 11877 32437
4336 3036 11889 32473
4337 3052 11908 32517
4338 3048 11927 32577
4339 3049 11947 32620
4340 3082 11960 32651
4341 3107 11975 32692
4342 3110 11990 32741
4343 3124 12001 32792
4344 3127 12024 32837
4345 3148 12044 32877
4346 3140 12057 32939
4347 3129 12078 32991
4348 3140 12096 33039
4349 3132 12108 33087
4350 3121 12128 33133
4351 3136 12143 33179
4352 3144 12161 33222
4353 3142 12176 33276
4354 3134 12192 33325
4355 3127 12216 33369
4356 3118 12234 33421
4357 3149 12250 33451
4358 3152 12268 33500
4359 3144 12282 33556
4360 3161 12295 33600
4361 3188 12312 33637
4362 3202 12329 33678
4363 3210 12344 33735
4364 3228 12366 33776
4365 3240 12386 33830
4366 3246 12402 33886
4367 3259 12420 33928
4368 3279 12436 33972
4369 3292 12452 34022
4370 3302 12464 34076
4371 3293 12481 34135
4372 3311 12493 34184
4373 3327 12513 34219
4374 3334 12530 34263
4375 3348 12545 34303
4376 3365 12565 34344
4377 3346 12582 34411
4378 3352 12605 34461
4379 3358 12628 34505
4380 3372 12642 34553
4381 3397 12657 34599
4382 3402 12677 34651
4383 3403 12696 34701
4384 3422 12714 34740
4385 3425 12736 34794
4386 3412 12754 34856
4387 3433 12775 34900
4388 3428 12795 34948
4389 3452 12810 35000
4390 3476 12826 35048
4391 3488 12845 35086
4392 3478 12875 35139
4393 3479 12904 35187
4394 3483 12920 35239
4395 3496 12934 35290
4396 3497 12955 35339
4397 3522 12971 35388
4398 3520 12993 35437
4399 3530 13007 35488
4400 3532 13029 35535
4401 3531 13045 35600
4402 3541 13060 35652
4403 3542 13072 35705
4404 3543 13095 35761
4405 3556 13115 35805
4406 3549 13132 35850
4407 3563 13149 35897
4408 3561 13165 35957
4409 3564 13193 36003
4410 3567 13211 36062
4411 3573 13231 36105
4412 3577 13255 36154
4413 3594 13272 36200
4414 3613 13292 36244
4415 3627 13305 36303
4416 3640 13319 36360
4417 3663 13335 36411
4418 3671 13352 36471
4419 3668 13377 36520
4420 3689 13390 36568
4421 3705 13410 36610
4422 3705 13428 36675
4423 3716 13446 36738
4424 3729 13467 36788
4425 3733 13484 36843
4426 3731 13512 36903
4427 3748 13532 36951
4428 3736 13554 37014
4429 3738 13576 37072
4430 3744 13594 37122
4431 3772 13610 37166
4432 3782 13626 37230
4433 3779 13647 37285
4434 3786 13667 37339
4435 3816 13686 37389
4436 3817 13709 37442
4437 3812 13724 37508
4438 3801 13749 37574
4439 3799 13773 37617
4440 3807 13797 37664
4441 3793 13822 37716
4442 3811 13842 37771
4443 3831 13857 37825
4444 3845 13875 37877
4445 3855 13891 37933
4446 3871 13916 37982
4447 3862 13934 38049
4448 3858 13957 38115
4449 3861 13974 38169
4450 3842 13990 38236
4451 3839 14012 38298
4452 3855 14030 38357
4453 3861 14048 38413
4454 3857 14062 38482
4455 3869 14074 38536
4456 3884 14089 38598
4457 3866 14115 38670
4458 3878 14134 38728
4459 3907 14150 38771
4460 3918 14168 38831
4461 3916 14190 38899
4462 3923 14210 38960
4463 3937 14231 39012
4464 3936 14255 39072
4465 3943 14284 39123
4466 3966 14294 39178
4467 4002 14311 39229
4468 3975 14332 39308
4469 4003 14344 39356
4470 4013 14367 39415
4471 4025 14382 39488
4472 4057 14399 39534
4473 4074 14414 39597
4474 4079 14440 39665
4475 4107 14460 39722
4476 4094 14480 39801
4477 4075 14501 39866
4478 4077 14523 39919
4479 4095 14541 39977
4480 4081 14557 40053
4481 4071 14579 40116
4482 4078 14608 40182
4483 4060 14630 40246
4484 4067 14649 40310
4485 4064 14679 40375
4486 4104 14698 40436
4487 4105 14729 40485
4488 4124 14744 40539
4489 4145 14768 40597
4490 4147 14790 40654
4491 4136 14815 40720
4492 4142 14840 40780
4493 4153 14863 40837
4494 4153 14886 40895
4495 4154 14913 40960
4496 4174 14941 41012
4497 4170 14973 41073
4498 4180 14999 41126
4499 4194 15026 41190
4500 4180 15059 41258
4501 4161 15096 41328
4502 4180 15122 41380
4503 4170 15153 41444
4504 4180 15162 41518
4505 4194 15192 41562
4506 4190 15217 41628
4507 4190 15241 41692
4508 4192 15270 41749
4509 4181 15296 41819
4510 4195 15322 41871
4511 4218 15348 41935
4512 4220 15377 42005
4513 4228 15391 42077
4514 4221 15411 42151
4515 4228 15441 42208
4516 4243 15466 42275
4517 4253 15486 42342
4518 4248 15509 42406
4519 4270 15530 42470
4520 4284 15557 42528
4521 4276 15575 42587
4522 4293 15599 42643
4523 4280 15629 42707
4524 4289 15643 42786
4525 4315 15660 42846
4526 4319 15682 42918
4527 4313 15705 43000
4528 4315 15729 43065
4529 4324 15754 43128
4530 4361 15769 43184
4531 4356 15792 43246
4532 4350 15822 43300
4533 4363 15844 43361
4534 4373 15870 43429
4535 4382 15898 43489
4536 4400 15920 43552
4537 4401 15939 43617
4538 4410 15959 43684
4539 4413 15996 43741
4540 4435 16021 43803
4541 4435 16048 43879
4542 4433 16073 43950
4543 4455 16095 44008
4544 4465 16118 44071
4545 4473 16147 44128
4546 4495 16168 44181
4547 4496 16188 44250
4548 4494 16213 44315
4549 4482 16237 44389
4550 4490 16265 44456
4551 4485 16301 44518
4552 4492 16321 44591
4553 4488 16351 44661
4554 4474 16378 44732
4555 4473 16415 44802
4556 4518 16449 44864
4557 4530 16471 44926
4558 4541 16491 44993
4559 4542 16522 45062
4560 4534 16545 45147
4561 4528 16575 45221
4562 4527 16597 45301
4563 4518 16627 45387
4564 4494 16661 45451
4565 4524 16681 45510
4566 4541 16713 45570
4567 4554 16739 45639
4568 4566 16757 45706
4569 4566 16788 45771
4570 4566 16814 45838
4571 4572 16833 45915
4572 4572 16860 45984
4573 4589 16884 46040
4574 4583 16914 46106
4575 4606 16938 46168
4576 4606 16972 46236
4577 4601 16990 46320
4578 4618 17021 46372
4579 4635 17045 46448
4580 4657 17070 46515
4581 4664 17098 46579
4582 4655 17125 46655
4583 4680 17157 46717
4584 4682 17185 46789
4585 4698 17209 46862
4586 4684 17235 46959
4587 4681 17267 47038
4588 4670 17299 47101
4589 4668 17331 47173
4590 4667 17358 47249
4591 4694 17378 47318
4592 4700 17403 47387
4593 4691 17421 47474
4594 4678 17442 47564
4595 4684 17470 47641
4596 4708 17496 47702
4597 4717 17522 47761
4598 4727 17548 47834
4599 4710 17580 47910
4600 4703 17615 47986
4601 4697 17638 48057
4602 4702 17667 48132
4603 4727 17700 48190
4604 4722 17734 48276
4605 4761 17752 48341
4606 4792 17775 48395
4607 4812 17801 48461
4608 4818 17836 48527
4609 4825 17869 48586
4610 4833 17893 48660
4611 4846 17921 48731
4612 4866 17948 48800
4613 4882 17969 48853
4614 4904 17996 48919
4615 4921 18012 48984
4616 4941 18034 49059
4617 4946 18055 49140
4618 4950 18076 49221
4619 4972 18098 49292
4620 4986 18127 49367
4621 4997 18151 49443
4622 5015 18168 49533
