0 50 0 0
1 51 0 1
2 52 0 2
3 54 0 2
4 54 0 3
5 53 1 3
6 54 1 4
7 53 2 6
8 51 3 9
9 50 5 10
10 49 6 10
11 50 6 10
12 49 6 12
13 51 6 13
14 52 6 13
15 53 6 13
16 52 6 15
17 53 6 17
18 54 6 17
19 55 6 17
20 52 6 21
21 49 8 22
22 51 8 23
23 50 9 23
24 49 9 24
25 48 9 25
26 48 9 26
27 48 9 26
28 47 9 27
29 45 10 28
30 44 10 30
31 47 10 30
32 48 11 30
33 48 11 30
34 50 11 30
35 50 12 31
36 49 12 33
37 49 12 35
38 48 12 37
39 48 12 37
40 47 12 38
41 49 12 38
42 50 14 39
43 50 14 40
44 50 14 41
45 47 14 44
46 49 14 45
47 50 14 46
48 49 14 47
49 49 14 47
50 50 14 48
51 49 15 48
52 50 15 48
53 50 15 48
54 52 15 48
55 52 15 48
56 51 15 49
57 53 15 50
58 54 16 50
59 51 16 53
60 51 16 54
61 52 16 54
62 53 17 54
63 53 18 55
64 53 18 55
65 54 18 55
66 52 18 57
67 51 19 57
68 54 19 57
69 54 19 58
70 56 19 58
71 57 19 58
72 55 20 59
73 58 20 59
74 57 22 61
75 57 22 61
76 59 22 61
77 61 22 61
78 60 23 63
79 60 23 63
80 59 23 64
81 61 24 64
82 61 24 66
83 62 24 66
84 64 24 66
85 65 24 67
86 64 25 68
87 63 25 69
88 63 25 71
89 63 26 71
90 63 26 71
91 63 26 71
92 66 26 71
93 63 26 74
94 66 26 74
95 68 26 75
96 69 26 77
97 68 27 79
98 68 28 79
99 67 29 79
100 68 29 80
101 66 30 82
102 65 31 83
103 63 32 86
104 63 33 86
105 66 33 86
106 65 33 90
107 64 33 93
108 65 33 93
109 64 33 96
110 65 33 96
111 65 33 97
112 65 33 98
113 65 34 98
114 72 34 98
115 72 34 98
116 71 34 100
117 67 35 103
118 66 35 104
119 65 35 106
120 67 35 107
121 69 35 107
122 70 35 108
123 73 35 108
124 70 36 110
125 70 36 110
126 70 37 112
127 71 37 113
128 73 37 113
129 72 37 116
130 70 39 116
131 68 39 118
132 66 39 120
133 67 39 120
134 69 39 121
135 68 39 123
136 68 39 123
137 68 40 123
138 67 40 124
139 69 40 125
140 68 40 126
141 69 40 127
142 69 40 127
143 69 40 127
144 72 40 127
145 73 40 127
146 71 41 129
147 70 42 130
148 71 43 131
149 70 44 132
150 67 44 135
151 65 44 138
152 64 45 139
153 65 45 140
154 65 46 140
155 64 47 141
156 66 47 141
157 67 47 142
158 66 48 142
159 66 48 142
160 66 48 144
161 68 49 144
162 67 49 146
163 66 50 146
164 66 50 148
165 67 50 149
166 66 51 149
167 64 52 150
168 63 52 152
169 64 53 152
170 65 53 153
171 62 54 156
172 62 54 157
173 61 54 159
174 60 54 160
175 58 54 163
176 58 54 164
177 59 54 164
178 59 54 164
179 57 55 165
180 56 57 165
181 58 57 165
182 60 57 165
183 62 57 165
184 62 57 165
185 61 58 165
186 59 58 168
187 61 58 168
188 61 58 168
189 61 58 169
190 62 58 169
191 63 58 169
192 64 58 170
193 64 58 171
194 64 58 171
195 62 59 173
196 62 59 174
197 62 59 175
198 63 59 175
199 62 59 176
200 62 59 176
201 63 59 176
202 63 59 177
203 60 59 180
204 62 59 180
205 62 59 180
206 61 59 181
207 63 59 181
208 64 59 182
209 63 59 183
210 63 59 184
211 65 59 184
212 65 59 185
213 66 59 185
214 67 59 185
215 67 59 186
216 67 59 187
217 67 59 188
218 70 59 188
219 69 59 190
220 69 59 191
221 70 59 192
222 69 59 194
223 68 59 195
224 72 59 195
225 73 59 196
226 74 60 197
227 73 61 199
228 74 61 200
229 75 61 200
230 75 62 202
231 77 62 203
232 80 62 203
233 82 62 203
234 82 62 206
235 80 63 208
236 81 63 210
237 78 64 213
238 77 64 215
239 76 65 215
240 74 65 217
241 72 66 220
242 72 66 220
243 73 66 221
244 71 67 223
245 70 68 223
246 69 68 225
247 70 69 226
248 71 69 226
249 69 69 229
250 67 69 231
251 67 69 232
252 66 69 234
253 65 69 236
254 65 69 238
255 66 69 239
256 68 69 239
257 70 69 239
258 70 70 239
259 69 71 240
260 69 71 241
261 70 71 241
262 68 72 243
263 68 73 244
264 68 74 245
265 71 74 245
266 73 74 245
267 72 74 246
268 72 74 248
269 72 74 251
270 74 74 251
271 73 74 252
272 73 74 255
273 74 74 255
274 74 75 257
275 73 75 258
276 69 78 259
277 69 78 261
278 67 78 263
279 66 79 264
280 65 79 266
281 64 79 267
282 64 80 268
283 64 80 268
284 63 80 269
285 65 80 269
286 66 80 270
287 65 80 274
288 65 81 275
289 67 81 276
290 67 81 277
291 68 81 277
292 67 82 278
293 66 82 279
294 65 82 281
295 64 83 282
296 67 83 282
297 69 83 282
298 67 84 284
299 65 84 286
300 65 85 286
301 65 86 287
302 65 86 289
303 64 86 291
304 64 88 291
305 65 88 291
306 63 89 292
307 61 90 294
308 62 90 296
309 61 90 297
310 61 90 298
311 66 90 298
312 63 91 301
313 62 91 302
314 63 91 303
315 63 91 304
316 65 92 304
317 63 92 306
318 62 93 306
319 62 93 309
320 64 93 309
321 67 93 309
322 66 93 311
323 67 93 312
324 66 93 314
325 66 94 314
326 68 94 316
327 68 95 317
328 68 95 319
329 68 95 319
330 64 98 320
331 66 98 320
332 65 98 322
333 65 98 322
334 65 98 323
335 64 99 324
336 64 99 325
337 64 99 326
338 61 99 330
339 61 99 332
340 60 99 333
341 60 101 333
342 59 101 334
343 60 101 334
344 58 101 336
345 59 101 337
346 59 103 339
347 60 103 339
348 61 103 339
349 63 103 339
350 64 103 339
351 64 103 340
352 65 103 341
353 65 103 343
354 64 104 344
355 63 104 345
356 64 104 345
357 63 104 346
358 63 105 346
359 65 106 347
360 64 107 347
361 65 107 348
362 63 107 350
363 60 108 352
364 61 108 352
365 63 109 353
366 61 109 355
367 58 110 358
368 57 110 359
369 56 112 360
370 57 113 360
371 55 113 362
372 56 115 362
373 54 117 362
374 54 117 362
375 49 117 367
376 47 119 368
377 45 122 368
378 44 123 368
379 44 123 368
380 45 123 368
381 45 123 368
382 48 123 368
383 48 124 370
384 46 126 371
385 45 127 371
386 46 127 371
387 45 127 372
388 44 127 373
389 45 127 374
390 46 127 375
391 46 128 376
392 45 128 377
393 43 128 380
394 45 128 380
395 43 129 383
396 44 129 383
397 46 129 383
398 47 129 383
399 47 129 383
400 44 131 385
401 41 132 387
402 42 132 387
403 42 132 388
404 43 132 388
405 44 132 388
406 45 132 388
407 44 132 389
408 45 132 389
409 45 132 389
410 45 133 390
411 46 133 391
412 46 134 391
413 46 135 391
414 47 135 391
415 43 136 394
416 42 137 394
417 41 137 396
418 40 137 398
419 41 137 398
420 43 137 398
421 43 137 399
422 42 137 400
423 42 138 401
424 42 139 401
425 42 139 402
426 42 139 402
427 43 140 402
428 44 140 404
429 44 141 405
430 43 141 406
431 43 141 406
432 41 141 408
433 41 141 408
434 41 141 408
435 42 141 408
436 41 142 410
437 42 142 410
438 42 142 411
439 41 142 412
440 44 142 412
441 45 142 412
442 44 142 414
443 44 143 414
444 43 143 415
445 43 143 415
446 43 143 416
447 43 143 416
448 41 143 418
449 43 143 419
450 43 143 419
451 42 144 419
452 43 144 419
453 43 144 420
454 43 145 420
455 43 145 420
456 45 145 420
457 42 145 424
458 40 145 426
459 41 145 426
460 39 145 429
461 38 146 430
462 37 147 430
463 36 147 431
464 37 147 431
465 38 147 431
466 38 147 433
467 40 147 433
468 40 147 433
469 41 147 433
470 40 148 433
471 40 148 433
472 39 148 434
473 39 148 435
474 38 148 436
475 37 148 437
476 35 149 439
477 37 149 439
478 38 149 439
479 39 149 439
480 39 149 439
481 40 149 439
482 39 149 440
483 39 150 440
484 40 150 440
485 42 151 441
486 43 151 442
487 43 151 443
488 44 151 443
489 42 151 445
490 45 151 445
491 47 151 446
492 46 151 447
493 48 151 447
494 48 151 448
495 49 151 448
496 48 151 449
497 47 151 450
498 51 151 450
499 52 151 452
500 52 151 452
501 50 151 454
502 51 151 454
503 53 151 454
504 55 151 454
505 57 151 454
506 58 151 455
507 58 151 456
508 59 151 456
509 59 151 456
510 60 151 456
511 60 151 458
512 59 151 459
513 59 151 459
514 60 151 459
515 59 151 461
516 58 151 462
517 59 151 462
518 59 151 463
519 60 151 463
520 59 152 463
521 59 152 466
522 60 152 466
523 61 152 467
524 61 152 468
525 59 152 471
526 59 153 471
527 61 153 471
528 61 153 473
529 60 153 475
530 58 153 477
531 58 153 477
532 59 153 478
533 59 153 478
534 60 153 479
535 60 153 480
536 56 155 482
537 58 155 483
538 58 155 484
539 57 155 485
540 60 156 485
541 63 156 485
542 63 156 486
543 64 157 486
544 63 158 487
545 60 159 489
546 59 159 490
547 57 159 492
548 57 160 492
549 58 160 492
550 58 160 493
551 59 161 493
552 57 161 495
553 58 161 495
554 56 161 498
555 56 162 498
556 54 163 499
557 56 164 500
558 56 165 500
559 57 165 501
560 56 165 502
561 55 165 504
562 56 165 505
563 57 165 505
564 57 165 505
565 58 165 505
566 56 165 507
567 55 166 507
568 54 167 508
569 53 167 510
570 53 168 510
571 52 168 512
572 53 168 512
573 57 168 512
574 57 168 513
575 60 168 514
576 62 168 515
577 60 168 517
578 63 169 517
579 62 169 518
580 60 169 520
581 59 169 521
582 58 169 522
583 60 169 522
584 62 169 522
585 61 170 522
586 61 170 524
587 60 170 525
588 61 170 528
589 61 170 528
590 61 170 528
591 59 170 530
592 59 170 531
593 58 171 531
594 58 171 532
595 59 171 532
596 60 171 532
597 60 171 532
598 60 171 533
599 60 171 535
600 62 171 535
601 62 171 535
602 62 171 535
603 63 171 536
604 62 171 537
605 65 171 537
606 64 171 538
607 62 171 541
608 62 171 542
609 60 171 544
610 59 172 545
611 59 172 546
612 59 173 546
613 57 173 548
614 58 173 548
615 58 174 548
616 59 174 548
617 59 174 549
618 59 175 549
619 57 175 551
620 57 175 554
621 60 175 554
622 60 175 555
623 62 175 555
624 63 175 555
625 66 175 555
626 69 175 555
627 69 175 556
628 70 175 557
629 68 176 559
630 68 176 561
631 69 176 561
632 69 176 563
633 70 176 564
634 68 176 566
635 68 176 566
636 66 178 567
637 63 179 570
638 65 179 571
639 65 180 571
640 62 182 572
641 64 183 572
642 65 183 573
643 64 183 574
644 65 183 575
645 66 183 575
646 63 184 577
647 61 184 579
648 59 184 581
649 58 184 583
650 56 184 585
651 57 184 585
652 59 185 585
653 62 185 585
654 60 186 587
655 60 186 587
656 60 186 587
657 59 187 588
658 58 188 588
659 56 189 590
660 58 189 591
661 57 190 592
662 58 190 592
663 58 190 592
664 58 190 594
665 59 191 594
666 59 191 594
667 61 191 596
668 61 191 597
669 61 191 597
670 64 191 598
671 66 191 599
672 65 191 601
673 66 191 602
674 68 191 602
675 67 191 605
676 68 191 605
677 69 191 605
678 72 191 605
679 73 191 606
680 74 191 608
681 77 191 608
682 77 191 611
683 76 191 612
684 73 192 614
685 69 192 618
686 66 192 621
687 67 192 621
688 71 192 621
689 71 192 621
690 71 192 622
691 69 193 623
692 69 193 624
693 71 193 624
694 71 194 625
695 71 194 627
696 75 194 627
697 76 194 628
698 77 194 629
699 77 194 631
700 76 194 633
701 76 194 633
702 77 195 633
703 78 195 633
704 76 195 637
705 78 195 638
706 78 195 639
707 78 196 639
708 78 196 639
709 78 196 642
710 80 196 642
711 82 196 642
712 83 196 644
713 86 196 644
714 85 196 645
715 82 197 648
716 84 197 648
717 84 197 649
718 84 197 650
719 82 197 653
720 81 198 655
721 79 199 656
722 77 199 658
723 78 199 661
724 79 199 662
725 77 200 663
726 78 200 663
727 78 200 664
728 80 200 665
729 77 201 667
730 74 201 670
731 70 202 673
732 72 202 673
733 76 202 674
734 79 202 675
735 77 202 678
736 77 202 678
737 76 203 680
738 77 204 681
739 78 204 682
740 76 204 685
741 76 204 686
742 72 206 688
743 72 206 689
744 73 206 689
745 71 206 691
746 71 206 692
747 70 206 693
748 68 206 695
749 68 207 697
750 72 207 697
751 70 207 699
752 70 207 701
753 70 207 702
754 71 207 702
755 72 207 702
756 71 207 703
757 70 207 705
758 71 207 705
759 74 207 706
760 76 207 706
761 76 207 708
762 77 207 708
763 76 208 709
764 75 209 710
765 77 209 710
766 77 211 712
767 76 211 713
768 76 211 716
769 74 212 718
770 76 213 719
771 77 213 719
772 74 213 722
773 74 213 723
774 75 213 723
775 78 213 724
776 78 215 724
777 76 215 727
778 75 215 728
779 75 215 731
780 77 215 732
781 77 215 734
782 77 217 735
783 75 217 738
784 75 217 739
785 78 217 739
786 78 218 741
787 78 218 741
788 78 218 742
789 77 220 744
790 78 220 744
791 77 220 745
792 79 220 745
793 79 221 746
794 79 221 746
795 79 221 747
796 79 221 750
797 79 221 751
798 81 221 752
799 83 221 752
800 83 221 752
801 81 221 754
802 81 222 756
803 81 222 757
804 84 222 757
805 86 222 760
806 86 222 762
807 86 222 764
808 87 222 764
809 86 222 765
810 86 222 767
811 88 222 767
812 88 222 769
813 88 222 770
814 91 222 770
815 91 223 771
816 92 223 771
817 92 223 775
818 91 223 778
819 90 224 780
820 88 225 781
821 85 227 783
822 81 228 787
823 84 228 787
824 83 228 790
825 81 229 791
826 81 229 792
827 83 229 792
828 82 229 796
829 84 229 796
830 88 229 797
831 90 230 798
832 88 231 800
833 89 232 801
834 91 232 804
835 93 232 805
836 93 232 806
837 93 232 807
838 90 233 809
839 91 233 810
840 92 233 810
841 90 236 811
842 90 237 811
843 90 237 812
844 91 238 812
845 90 239 813
846 91 239 813
847 91 239 815
848 93 240 816
849 95 240 817
850 96 241 817
851 97 242 817
852 97 242 819
853 95 242 821
854 98 242 821
855 95 245 821
856 93 246 823
857 96 246 823
858 98 246 823
859 100 246 823
860 99 247 826
861 99 249 827
862 99 251 827
863 97 253 828
864 97 253 830
865 99 253 832
866 100 254 833
867 97 254 836
868 97 255 838
869 94 256 841
870 93 256 843
871 92 257 845
872 94 257 845
873 90 258 848
874 92 258 849
875 90 259 851
876 91 261 851
877 94 262 853
878 89 263 857
879 92 263 857
880 90 264 859
881 91 264 860
882 91 264 862
883 92 264 863
884 95 264 863
885 97 264 863
886 101 265 863
887 100 266 863
888 102 266 865
889 106 266 865
890 104 267 866
891 108 267 867
892 108 267 870
893 107 268 870
894 111 268 871
895 111 269 873
896 113 270 874
897 110 272 877
898 110 272 880
899 111 273 881
900 111 273 883
901 111 273 884
902 112 273 885
903 119 273 885
904 123 273 885
905 121 274 887
906 119 276 890
907 115 277 894
908 114 279 896
909 116 279 898
910 115 281 900
911 117 281 902
912 119 281 903
913 122 281 903
914 122 281 905
915 123 281 907
916 121 281 910
917 121 282 911
918 120 284 911
919 118 285 915
920 119 285 916
921 119 287 917
922 117 288 920
923 119 288 920
924 120 289 921
925 121 289 921
926 122 290 923
927 119 290 926
928 121 291 926
929 126 291 926
930 128 292 927
931 127 292 929
932 129 293 930
933 130 294 931
934 129 295 933
935 127 296 936
936 126 298 937
937 126 298 940
938 128 298 941
939 130 298 941
940 133 298 943
941 134 298 944
942 135 298 945
943 135 300 946
944 140 300 947
945 141 300 948
946 141 302 948
947 144 302 951
948 142 303 954
949 143 303 955
950 143 303 959
951 145 304 959
952 147 306 959
953 149 306 960
954 145 306 965
955 142 307 968
956 142 307 970
957 144 307 971
958 140 308 976
959 141 310 976
960 140 312 978
961 135 314 983
962 134 314 986
963 134 315 987
964 135 315 988
965 137 317 989
966 137 318 990
967 139 319 990
968 136 320 993
969 131 320 998
970 133 320 1001
971 130 321 1003
972 127 322 1008
973 132 322 1008
974 135 324 1008
975 133 325 1010
976 132 327 1012
977 129 328 1014
978 131 328 1014
979 133 329 1015
980 134 331 1017
981 133 332 1018
982 134 332 1021
983 135 332 1024
984 132 333 1026
985 132 334 1028
986 128 335 1031
987 128 337 1032
988 125 338 1035
989 125 338 1038
990 122 340 1041
991 120 340 1044
992 121 340 1045
993 121 341 1048
994 121 342 1049
995 122 342 1050
996 122 342 1051
997 121 343 1052
998 116 344 1057
999 113 345 1060
1000 118 345 1061
1001 117 347 1062
1002 120 347 1063
1003 118 347 1065
1004 114 348 1068
1005 116 348 1069
1006 113 350 1072
1007 112 351 1072
1008 111 353 1075
1009 112 354 1076
1010 111 354 1078
1011 107 355 1081
1012 103 357 1083
1013 104 358 1086
1014 104 359 1088
1015 104 359 1090
1016 106 359 1091
1017 107 361 1091
1018 103 361 1095
1019 106 361 1095
1020 106 361 1097
1021 109 362 1097
1022 107 364 1099
1023 105 365 1100
1024 107 366 1100
1025 107 366 1103
1026 109 366 1104
1027 107 366 1107
1028 109 366 1108
1029 108 366 1110
1030 105 367 1113
1031 103 369 1114
1032 103 369 1115
1033 98 370 1120
1034 98 370 1122
1035 101 370 1123
1036 101 370 1124
1037 100 370 1126
1038 101 370 1128
1039 98 373 1130
1040 96 374 1133
1041 94 375 1135
1042 92 375 1137
1043 91 376 1139
1044 91 376 1141
1045 92 376 1141
1046 91 377 1142
1047 91 377 1142
1048 92 378 1143
1049 92 378 1146
1050 90 380 1147
1051 88 380 1149
1052 88 380 1150
1053 90 382 1151
1054 91 382 1153
1055 90 382 1154
1056 92 382 1154
1057 97 382 1154
1058 98 382 1154
1059 97 382 1156
1060 99 382 1157
1061 98 382 1159
1062 98 382 1162
1063 101 382 1162
1064 99 385 1163
1065 99 386 1163
1066 95 386 1168
1067 96 386 1169
1068 99 386 1172
1069 101 386 1172
1070 100 387 1174
1071 102 387 1175
1072 102 388 1176
1073 106 389 1177
1074 104 390 1180
1075 105 392 1181
1076 105 393 1183
1077 104 394 1184
1078 103 394 1188
1079 106 395 1188
1080 107 395 1189
1081 109 395 1189
1082 107 397 1191
1083 107 398 1192
1084 107 398 1194
1085 109 398 1194
1086 111 399 1194
1087 114 400 1195
1088 112 400 1198
1089 111 400 1201
1090 109 401 1203
1091 111 401 1204
1092 110 401 1205
1093 107 403 1207
1094 105 405 1210
1095 108 406 1210
1096 112 406 1210
1097 110 407 1211
1098 115 407 1211
1099 113 407 1215
1100 113 409 1217
1101 116 409 1217
1102 114 410 1220
1103 113 411 1220
1104 113 412 1221
1105 115 413 1222
1106 114 414 1223
1107 113 415 1225
1108 115 415 1227
1109 117 415 1227
1110 114 416 1231
1111 115 416 1232
1112 113 416 1236
1113 111 417 1237
1114 110 417 1241
1115 111 418 1241
1116 109 420 1242
1117 109 421 1242
1118 111 421 1242
1119 113 422 1242
1120 113 423 1242
1121 112 423 1246
1122 117 423 1247
1123 120 425 1247
1124 125 425 1247
1125 125 426 1250
1126 127 426 1250
1127 126 427 1250
1128 128 427 1252
1129 130 428 1253
1130 133 428 1255
1131 131 429 1258
1132 130 430 1259
1133 130 430 1264
1134 127 431 1266
1135 131 431 1267
1136 130 432 1268
1137 127 432 1271
1138 130 432 1272
1139 134 433 1273
1140 134 433 1276
1141 132 435 1280
1142 135 435 1281
1143 137 436 1283
1144 136 436 1287
1145 138 437 1288
1146 137 437 1293
1147 135 438 1295
1148 137 438 1295
1149 137 438 1297
1150 135 439 1299
1151 137 440 1299
1152 139 440 1299
1153 136 441 1304
1154 137 441 1306
1155 139 442 1308
1156 138 443 1309
1157 139 443 1314
1158 141 444 1316
1159 135 444 1323
1160 138 444 1326
1161 139 444 1326
1162 142 444 1327
1163 146 444 1327
1164 146 446 1328
1165 147 446 1332
1166 148 446 1332
1167 150 447 1334
1168 153 447 1337
1169 153 448 1342
1170 151 448 1345
1171 153 449 1346
1172 155 449 1346
1173 155 449 1349
1174 153 449 1354
1175 153 450 1356
1176 153 451 1361
1177 152 452 1364
1178 154 453 1364
1179 154 455 1366
1180 150 456 1369
1181 151 457 1369
1182 151 458 1370
1183 154 458 1371
1184 154 460 1371
1185 150 462 1373
1186 153 463 1373
1187 154 463 1376
1188 157 464 1376
1189 158 465 1377
1190 158 467 1379
1191 160 467 1381
1192 159 467 1385
1193 151 467 1394
1194 151 467 1396
1195 155 467 1397
1196 157 467 1398
1197 158 467 1399
1198 160 467 1401
1199 164 467 1403
1200 160 467 1408
1201 161 468 1411
1202 161 470 1414
1203 161 470 1416
1204 162 470 1418
1205 167 470 1419
1206 164 470 1425
1207 165 470 1428
1208 166 470 1429
1209 164 472 1430
1210 166 473 1432
1211 166 474 1434
1212 168 474 1437
1213 169 475 1439
1214 173 476 1441
1215 174 477 1443
1216 170 478 1447
1217 166 478 1452
1218 167 478 1455
1219 164 479 1459
1220 162 479 1462
1221 157 482 1465
1222 157 482 1466
1223 151 484 1472
1224 149 485 1475
1225 150 485 1478
1226 152 486 1479
1227 155 486 1482
1228 155 486 1484
1229 152 486 1488
1230 149 488 1493
1231 152 489 1495
1232 150 489 1498
1233 148 491 1499
1234 149 492 1502
1235 149 494 1506
1236 150 494 1507
1237 146 497 1509
1238 147 498 1509
1239 148 499 1511
1240 146 500 1514
1241 144 500 1516
1242 144 501 1517
1243 144 501 1521
1244 142 501 1525
1245 143 501 1528
1246 141 501 1532
1247 142 501 1534
1248 140 502 1536
1249 139 503 1538
1250 138 503 1541
1251 136 504 1543
1252 135 506 1543
1253 132 507 1546
1254 133 507 1548
1255 135 510 1548
1256 134 511 1549
1257 133 512 1551
1258 130 513 1555
1259 131 515 1557
1260 133 515 1557
1261 130 516 1561
1262 128 516 1564
1263 127 516 1568
1264 125 517 1570
1265 127 520 1570
1266 125 523 1571
1267 129 523 1571
1268 127 523 1577
1269 125 524 1580
1270 124 524 1583
1271 124 524 1585
1272 121 526 1587
1273 117 527 1590
1274 115 528 1594
1275 117 529 1594
1276 114 531 1595
1277 115 532 1595
1278 116 532 1597
1279 114 532 1601
1280 117 532 1602
1281 119 532 1602
1282 119 533 1605
1283 117 534 1607
1284 120 534 1608
1285 118 534 1611
1286 120 535 1611
1287 119 537 1612
1288 119 538 1613
1289 120 538 1615
1290 118 539 1616
1291 118 539 1618
1292 118 539 1620
1293 124 540 1621
1294 124 540 1622
1295 124 540 1624
1296 125 540 1625
1297 124 543 1627
1298 126 543 1629
1299 127 544 1630
1300 128 544 1630
1301 126 546 1632
1302 126 546 1634
1303 126 546 1638
1304 126 548 1639
1305 127 548 1641
1306 127 549 1644
1307 131 549 1646
1308 131 550 1647
1309 130 550 1650
1310 129 551 1651
1311 124 552 1656
1312 125 552 1659
1313 125 553 1659
1314 123 555 1662
1315 126 555 1663
1316 128 555 1663
1317 128 556 1664
1318 127 556 1666
1319 130 557 1666
1320 129 557 1668
1321 127 558 1673
1322 125 560 1677
1323 126 562 1679
1324 126 562 1681
1325 124 563 1685
1326 125 566 1686
1327 124 566 1690
1328 122 567 1693
1329 120 568 1694
1330 117 568 1698
1331 118 569 1699
1332 119 569 1702
1333 118 569 1704
1334 114 570 1708
1335 112 570 1711
1336 110 570 1713
1337 109 570 1716
1338 113 570 1716
1339 114 570 1717
1340 115 570 1721
1341 113 571 1723
1342 114 571 1723
1343 120 572 1723
1344 120 572 1726
1345 123 573 1727
1346 123 574 1729
1347 125 574 1730
1348 123 575 1732
1349 123 577 1732
1350 124 577 1735
1351 123 577 1738
1352 121 578 1743
1353 121 578 1747
1354 120 579 1750
1355 121 579 1752
1356 125 581 1753
1357 124 581 1755
1358 126 581 1757
1359 124 581 1760
1360 125 581 1761
1361 129 581 1762
1362 130 581 1765
1363 134 582 1765
1364 135 582 1767
1365 140 582 1767
1366 141 582 1768
1367 137 583 1774
1368 134 587 1776
1369 133 589 1778
1370 133 589 1782
1371 133 590 1784
1372 137 590 1785
1373 137 591 1785
1374 137 591 1788
1375 140 592 1788
1376 141 593 1789
1377 137 593 1794
1378 137 593 1799
1379 137 595 1801
1380 138 595 1803
1381 139 597 1804
1382 144 597 1805
1383 150 598 1805
1384 151 598 1809
1385 155 598 1810
1386 155 599 1813
1387 157 600 1814
1388 155 601 1817
1389 157 601 1820
1390 155 603 1822
1391 153 605 1823
1392 150 606 1825
1393 149 606 1828
1394 153 607 1828
1395 150 610 1830
1396 152 610 1832
1397 146 612 1837
1398 145 612 1841
1399 146 612 1842
1400 146 613 1843
1401 146 615 1845
1402 145 615 1847
1403 145 617 1848
1404 144 617 1851
1405 142 617 1854
1406 142 617 1859
1407 143 618 1859
1408 144 618 1860
1409 145 618 1861
1410 144 618 1865
1411 145 618 1867
1412 149 618 1867
1413 148 618 1871
1414 149 618 1872
1415 151 618 1874
1416 154 618 1874
1417 156 619 1876
1418 156 620 1878
1419 158 620 1879
1420 163 620 1883
1421 157 620 1890
1422 161 620 1891
1423 164 620 1892
1424 170 620 1893
1425 172 621 1896
1426 175 621 1900
1427 179 623 1900
1428 181 624 1901
1429 181 624 1903
1430 188 624 1906
1431 190 625 1907
1432 190 625 1909
1433 191 625 1911
1434 191 625 1915
1435 192 626 1918
1436 192 627 1921
1437 192 628 1926
1438 195 628 1929
1439 196 628 1933
1440 197 629 1937
1441 197 630 1940
1442 198 630 1943
1443 201 630 1945
1444 200 631 1953
1445 201 631 1954
1446 207 631 1956
1447 213 631 1957
1448 213 632 1960
1449 212 635 1960
1450 213 637 1962
1451 215 637 1965
1452 214 638 1968
1453 220 638 1971
1454 221 639 1973
1455 221 642 1975
1456 219 645 1977
1457 219 648 1978
1458 216 650 1980
1459 216 652 1982
1460 215 655 1985
1461 221 655 1986
1462 227 657 1987
1463 225 658 1992
1464 223 660 1996
1465 222 661 1999
1466 219 663 2005
1467 224 663 2005
1468 227 667 2005
1469 232 667 2012
1470 233 667 2016
1471 236 668 2020
1472 238 669 2022
1473 240 670 2025
1474 242 671 2027
1475 245 672 2028
1476 248 673 2029
1477 247 673 2034
1478 246 674 2042
1479 246 674 2047
1480 244 676 2053
1481 245 676 2057
1482 249 677 2060
1483 251 677 2061
1484 252 678 2063
1485 249 680 2066
1486 249 680 2072
1487 253 681 2073
1488 252 682 2079
1489 249 683 2085
1490 249 685 2086
1491 247 685 2090
1492 242 687 2095
1493 244 688 2095
1494 240 691 2101
1495 245 693 2104
1496 244 694 2108
1497 243 695 2112
1498 244 695 2114
1499 243 696 2119
1500 241 698 2126
1501 244 699 2131
1502 247 701 2134
1503 246 703 2141
1504 247 704 2145
1505 247 704 2149
1506 245 705 2153
1507 244 706 2157
1508 245 708 2159
1509 246 708 2163
1510 250 710 2166
1511 247 713 2168
1512 244 714 2174
1513 245 715 2178
1514 243 715 2183
1515 248 715 2185
1516 248 718 2189
1517 246 719 2193
1518 245 723 2194
1519 245 724 2197
1520 241 724 2207
1521 238 725 2212
1522 239 725 2216
1523 246 725 2218
1524 244 726 2222
1525 249 727 2222
1526 248 728 2227
1527 252 728 2230
1528 251 729 2235
1529 244 732 2241
1530 240 733 2246
1531 242 734 2248
1532 245 734 2249
1533 244 735 2254
1534 246 736 2257
1535 241 738 2262
1536 243 740 2266
1537 246 740 2268
1538 245 740 2271
1539 246 740 2273
1540 243 741 2276
1541 245 743 2278
1542 243 744 2282
1543 246 745 2284
1544 245 748 2287
1545 251 748 2289
1546 246 748 2295
1547 250 749 2299
1548 250 751 2301
1549 240 755 2309
1550 243 756 2310
1551 245 756 2310
1552 248 756 2313
1553 250 756 2318
1554 253 756 2323
1555 251 756 2328
1556 250 758 2333
1557 253 760 2334
1558 251 762 2338
1559 254 763 2340
1560 249 769 2346
1561 245 772 2350
1562 245 774 2355
1563 248 775 2358
1564 248 775 2364
1565 248 777 2367
1566 244 779 2372
1567 246 779 2375
1568 244 779 2377
1569 245 781 2381
1570 246 783 2385
1571 246 786 2386
1572 249 787 2390
1573 252 789 2391
1574 250 790 2396
1575 258 791 2396
1576 256 791 2402
1577 261 792 2403
1578 257 794 2411
1579 259 796 2416
1580 257 797 2422
1581 255 798 2430
1582 258 801 2430
1583 258 802 2434
1584 250 804 2441
1585 250 804 2445
1586 251 806 2447
1587 254 808 2449
1588 256 810 2451
1589 255 811 2454
1590 256 811 2458
1591 258 813 2461
1592 259 814 2463
1593 263 814 2467
1594 261 814 2472
1595 266 814 2474
1596 266 815 2475
1597 268 817 2477
1598 269 818 2479
1599 273 818 2480
1600 276 819 2484
1601 272 821 2490
1602 273 821 2493
1603 271 822 2499
1604 273 823 2503
1605 272 827 2506
1606 270 829 2512
1607 269 830 2519
1608 266 830 2525
1609 269 831 2528
1610 273 833 2530
1611 273 833 2537
1612 270 835 2544
1613 272 837 2549
1614 272 837 2553
1615 267 838 2559
1616 266 840 2561
1617 262 845 2567
1618 265 846 2571
1619 265 848 2575
1620 267 850 2580
1621 267 852 2584
1622 264 852 2590
1623 267 853 2594
1624 262 854 2601
1625 263 856 2604
1626 261 859 2607
1627 263 861 2611
1628 269 861 2614
1629 264 864 2617
1630 262 865 2620
1631 264 867 2625
1632 265 867 2632
1633 262 871 2634
1634 257 874 2636
1635 251 876 2643
1636 254 876 2644
1637 265 876 2645
1638 266 879 2648
1639 271 880 2651
1640 268 881 2657
1641 266 882 2662
1642 273 884 2664
1643 267 888 2671
1644 274 889 2673
1645 274 891 2675
1646 277 893 2677
1647 281 893 2682
1648 278 897 2687
1649 280 897 2691
1650 287 897 2693
1651 292 900 2694
1652 288 902 2698
1653 282 907 2702
1654 282 909 2707
1655 282 911 2713
1656 289 912 2717
1657 293 914 2718
1658 289 916 2723
1659 287 917 2730
1660 290 921 2732
1661 283 925 2744
1662 279 928 2749
1663 281 930 2750
1664 284 932 2754
1665 283 933 2757
1666 279 937 2766
1667 277 938 2771
1668 278 938 2774
1669 278 940 2777
1670 285 940 2781
1671 284 943 2783
1672 276 948 2791
1673 277 949 2796
1674 277 952 2801
1675 274 954 2806
1676 273 954 2813
1677 272 956 2819
1678 273 957 2822
1679 274 959 2825
1680 281 960 2827
1681 288 960 2830
1682 290 963 2834
1683 288 964 2844
1684 284 965 2852
1685 283 965 2858
1686 275 969 2864
1687 273 971 2867
1688 278 972 2867
1689 270 975 2875
1690 271 976 2882
1691 269 980 2886
1692 271 981 2888
1693 270 981 2895
1694 268 983 2900
1695 267 987 2901
1696 267 988 2905
1697 265 992 2910
1698 262 997 2914
1699 265 998 2915
1700 260 998 2924
1701 261 1001 2926
1702 262 1003 2932
1703 264 1003 2936
1704 269 1004 2940
1705 269 1007 2944
1706 264 1010 2951
1707 265 1011 2956
1708 266 1011 2960
1709 269 1013 2960
1710 269 1014 2965
1711 262 1018 2972
1712 261 1021 2978
1713 265 1023 2985
1714 266 1023 2990
1715 265 1023 2997
1716 263 1024 3003
1717 264 1025 3007
1718 271 1025 3009
1719 271 1027 3011
1720 274 1029 3012
1721 267 1033 3016
1722 269 1034 3017
1723 262 1037 3026
1724 261 1041 3031
1725 258 1042 3038
1726 261 1045 3042
1727 260 1047 3044
1728 261 1047 3050
1729 263 1050 3053
1730 265 1050 3056
1731 265 1051 3059
1732 269 1052 3061
1733 272 1053 3063
1734 271 1055 3066
1735 267 1057 3071
1736 264 1060 3080
1737 265 1060 3083
1738 269 1061 3085
1739 269 1062 3089
1740 265 1064 3093
1741 266 1066 3098
1742 264 1069 3101
1743 259 1071 3107
1744 262 1071 3110
1745 267 1073 3112
1746 263 1075 3118
1747 265 1076 3124
1748 261 1078 3132
1749 264 1078 3135
1750 264 1078 3142
1751 264 1078 3147
1752 268 1078 3151
1753 269 1079 3153
1754 270 1079 3156
1755 270 1080 3160
1756 265 1085 3166
1757 267 1087 3168
1758 274 1090 3169
1759 278 1090 3171
1760 284 1091 3175
1761 287 1092 3179
1762 294 1092 3182
1763 301 1093 3185
1764 301 1094 3190
1765 300 1096 3196
1766 299 1099 3201
1767 302 1101 3205
1768 302 1103 3207
1769 303 1106 3211
1770 307 1107 3214
1771 300 1112 3222
1772 298 1117 3224
1773 301 1117 3229
1774 305 1118 3231
1775 301 1120 3236
1776 302 1121 3240
1777 293 1123 3248
1778 296 1125 3251
1779 298 1125 3256
1780 305 1125 3259
1781 307 1126 3263
1782 305 1129 3267
1783 307 1131 3270
1784 308 1134 3274
1785 307 1136 3281
1786 309 1136 3285
1787 313 1137 3288
1788 313 1138 3293
1789 314 1140 3295
1790 308 1141 3302
1791 305 1142 3308
1792 311 1142 3309
1793 307 1147 3312
1794 309 1150 3314
1795 307 1151 3317
1796 298 1154 3327
1797 300 1157 3332
1798 300 1158 3337
1799 299 1158 3342
1800 304 1159 3343
1801 307 1159 3351
1802 312 1159 3356
1803 311 1160 3363
1804 306 1162 3371
1805 304 1163 3378
1806 310 1165 3380
1807 309 1166 3385
1808 310 1167 3390
1809 313 1168 3391
1810 313 1169 3394
1811 311 1169 3400
1812 310 1171 3405
1813 311 1173 3410
1814 309 1174 3418
1815 311 1175 3424
1816 306 1179 3431
1817 305 1181 3436
1818 300 1184 3443
1819 308 1184 3444
1820 302 1188 3451
1821 301 1192 3456
1822 299 1193 3466
1823 295 1196 3471
1824 296 1198 3476
1825 295 1198 3480
1826 298 1199 3484
1827 290 1202 3493
1828 291 1202 3499
1829 290 1204 3505
1830 291 1207 3509
1831 294 1207 3514
1832 295 1207 3519
1833 290 1209 3527
1834 294 1210 3530
1835 297 1211 3532
1836 298 1213 3536
1837 299 1214 3538
1838 306 1217 3542
1839 308 1218 3544
1840 310 1219 3548
1841 312 1221 3551
1842 315 1222 3555
1843 311 1224 3562
1844 306 1226 3568
1845 299 1228 3576
1846 297 1229 3583
1847 302 1229 3587
1848 302 1231 3593
1849 298 1232 3600
1850 297 1234 3608
1851 300 1234 3614
1852 302 1235 3617
1853 308 1237 3617
1854 312 1239 3617
1855 317 1240 3620
1856 315 1243 3627
1857 312 1245 3633
1858 310 1247 3639
1859 312 1249 3644
1860 315 1249 3648
1861 317 1249 3656
1862 322 1251 3658
1863 319 1253 3663
1864 315 1257 3667
1865 311 1259 3674
1866 315 1261 3675
1867 313 1262 3678
1868 309 1264 3684
1869 305 1267 3690
1870 304 1267 3693
1871 304 1268 3698
1872 304 1270 3703
1873 297 1272 3710
1874 296 1272 3718
1875 289 1275 3726
1876 289 1276 3733
1877 281 1279 3743
1878 276 1281 3750
1879 270 1283 3758
1880 272 1284 3761
1881 272 1287 3765
1882 272 1289 3771
1883 272 1290 3775
1884 272 1290 3779
1885 274 1292 3781
1886 268 1297 3786
1887 269 1299 3786
1888 273 1299 3791
1889 274 1303 3794
1890 274 1303 3798
1891 273 1303 3802
1892 278 1304 3804
1893 278 1305 3809
1894 276 1305 3815
1895 272 1308 3820
1896 270 1310 3824
1897 267 1312 3827
1898 264 1313 3832
1899 264 1314 3836
1900 259 1314 3842
1901 269 1316 3846
1902 271 1318 3847
1903 275 1318 3851
1904 283 1318 3854
1905 284 1318 3860
1906 285 1318 3863
1907 287 1321 3867
1908 284 1322 3870
1909 277 1327 3874
1910 273 1330 3877
1911 278 1331 3879
1912 279 1332 3881
1913 277 1333 3886
1914 280 1335 3889
1915 279 1337 3892
1916 276 1337 3898
1917 279 1337 3900
1918 277 1341 3904
1919 275 1342 3911
1920 282 1343 3911
1921 288 1344 3912
1922 286 1345 3915
1923 286 1345 3921
1924 290 1345 3924
1925 291 1347 3927
1926 295 1348 3930
1927 296 1350 3935
1928 299 1350 3941
1929 293 1352 3948
1930 293 1352 3953
1931 293 1353 3956
1932 291 1354 3962
1933 289 1356 3966
1934 290 1358 3970
1935 288 1361 3976
1936 284 1361 3985
1937 282 1362 3991
1938 282 1363 3993
1939 279 1366 3997
1940 279 1367 4001
1941 274 1367 4008
1942 278 1368 4009
1943 278 1369 4011
1944 276 1372 4014
1945 276 1374 4018
1946 280 1376 4023
1947 281 1378 4025
1948 284 1379 4028
1949 285 1380 4031
1950 288 1383 4033
1951 288 1387 4038
1952 290 1387 4045
1953 290 1389 4048
1954 295 1389 4051
1955 293 1390 4056
1956 298 1391 4060
1957 301 1392 4065
1958 303 1392 4069
1959 306 1393 4072
1960 311 1393 4075
1961 309 1394 4084
1962 315 1394 4087
1963 318 1394 4091
1964 321 1397 4093
1965 316 1398 4101
1966 317 1398 4107
1967 322 1401 4110
1968 323 1402 4118
1969 320 1406 4126
1970 326 1407 4130
1971 326 1408 4134
1972 328 1409 4139
1973 325 1411 4144
1974 322 1413 4151
1975 321 1414 4157
1976 326 1415 4160
1977 329 1416 4161
1978 331 1418 4163
1979 335 1420 4164
1980 339 1423 4166
1981 341 1424 4172
1982 342 1424 4175
1983 339 1426 4184
1984 338 1426 4192
1985 336 1432 4196
1986 339 1434 4202
1987 339 1435 4208
1988 342 1436 4215
1989 339 1439 4220
1990 338 1444 4224
1991 333 1446 4232
1992 327 1447 4241
1993 327 1448 4246
1994 328 1448 4250
1995 327 1450 4259
1996 335 1450 4261
1997 334 1451 4267
1998 341 1451 4270
1999 340 1452 4273
2000 339 1455 4280
2001 344 1457 4281
2002 346 1457 4286
2003 350 1460 4289
2004 356 1461 4291
2005 359 1462 4295
2006 357 1464 4302
2007 361 1467 4305
2008 356 1468 4317
2009 356 1469 4325
2010 349 1471 4333
2011 351 1473 4336
2012 344 1479 4344
2013 349 1481 4348
2014 351 1481 4353
2015 350 1484 4357
2016 353 1486 4364
2017 349 1490 4369
2018 343 1492 4375
2019 340 1492 4382
2020 340 1495 4386
2021 339 1497 4388
2022 342 1498 4392
2023 347 1499 4397
2024 348 1501 4399
2025 346 1503 4406
2026 347 1504 4409
2027 347 1504 4414
2028 350 1506 4419
2029 345 1508 4429
2030 345 1511 4435
2031 347 1512 4439
2032 353 1514 4443
2033 356 1515 4446
2034 355 1517 4452
2035 359 1520 4456
2036 367 1522 4461
2037 371 1524 4463
2038 369 1527 4470
2039 371 1528 4475
2040 368 1530 4480
2041 365 1534 4487
2042 368 1534 4492
2043 369 1536 4494
2044 372 1540 4501
2045 370 1542 4507
2046 369 1543 4512
2047 371 1544 4518
2048 368 1547 4525
2049 365 1552 4532
2050 373 1555 4536
2051 370 1558 4543
2052 374 1561 4548
2053 374 1563 4553
2054 376 1566 4556
2055 374 1569 4561
2056 368 1571 4568
2057 367 1575 4571
2058 364 1578 4578
2059 362 1581 4582
2060 363 1583 4585
2061 359 1583 4593
2062 362 1583 4595
2063 363 1585 4603
2064 366 1588 4608
2065 361 1591 4612
2066 363 1594 4616
2067 364 1596 4623
2068 375 1597 4627
2069 379 1599 4633
2070 380 1604 4637
2071 387 1605 4641
2072 383 1609 4647
2073 382 1613 4651
2074 385 1618 4655
2075 386 1624 4657
2076 382 1626 4664
2077 385 1627 4666
2078 388 1627 4670
2079 388 1628 4681
2080 390 1630 4685
2081 389 1630 4690
2082 388 1633 4696
2083 390 1635 4701
2084 394 1637 4703
2085 392 1641 4710
2086 391 1644 4716
2087 390 1645 4723
2088 378 1649 4732
2089 385 1652 4734
2090 383 1655 4745
2091 382 1657 4753
2092 382 1660 4757
2093 391 1662 4759
2094 393 1664 4764
2095 393 1667 4770
2096 389 1669 4779
2097 394 1670 4786
2098 394 1672 4791
2099 393 1673 4797
2100 396 1676 4804
2101 391 1678 4810
2102 387 1678 4817
2103 389 1680 4823
2104 385 1684 4833
2105 382 1689 4839
2106 386 1690 4839
2107 388 1692 4847
2108 388 1695 4853
2109 400 1698 4859
2110 402 1700 4863
2111 403 1702 4867
2112 397 1705 4878
2113 393 1709 4886
2114 387 1714 4896
2115 392 1717 4900
2116 389 1721 4907
2117 387 1723 4911
2118 389 1726 4917
2119 393 1729 4922
2120 398 1731 4926
2121 395 1732 4934
2122 396 1734 4938
2123 396 1734 4945
2124 390 1736 4955
2125 393 1738 4963
2126 391 1740 4970
2127 393 1742 4978
2128 390 1743 4986
2129 388 1744 4997
2130 388 1745 5006
2131 388 1747 5016
2132 389 1749 5019
2133 385 1753 5024
2134 386 1756 5028
2135 388 1757 5032
2136 385 1760 5039
2137 385 1764 5044
2138 381 1769 5049
2139 378 1771 5054
2140 379 1771 5060
2141 381 1773 5066
2142 372 1778 5076
2143 374 1779 5079
2144 371 1781 5091
2145 371 1784 5100
2146 375 1784 5102
2147 372 1785 5108
2148 373 1787 5112
2149 374 1789 5116
2150 377 1789 5123
2151 373 1793 5129
2152 373 1796 5133
2153 379 1800 5139
2154 378 1802 5146
2155 379 1806 5150
2156 380 1806 5158
2157 384 1806 5165
2158 383 1806 5172
2159 379 1811 5178
2160 379 1814 5184
2161 376 1818 5189
2162 378 1821 5192
2163 379 1825 5196
2164 377 1827 5201
2165 381 1828 5205
2166 385 1828 5215
2167 386 1834 5217
2168 386 1838 5222
2169 381 1840 5230
2170 384 1841 5237
2171 388 1843 5238
2172 387 1843 5246
2173 380 1845 5254
2174 386 1845 5258
2175 388 1845 5265
2176 391 1845 5266
2177 389 1847 5271
2178 387 1850 5277
2179 387 1850 5284
2180 388 1854 5288
2181 399 1854 5291
2182 401 1856 5296
2183 402 1860 5299
2184 406 1862 5303
2185 405 1863 5307
2186 408 1864 5312
2187 413 1865 5315
2188 410 1869 5322
2189 405 1872 5327
2190 405 1875 5333
2191 413 1875 5339
2192 409 1877 5348
2193 412 1879 5349
2194 404 1884 5357
2195 396 1892 5361
2196 402 1892 5365
2197 403 1898 5370
2198 399 1901 5378
2199 398 1903 5385
2200 407 1906 5388
2201 416 1906 5391
2202 418 1909 5398
2203 421 1911 5401
2204 421 1916 5405
2205 428 1918 5406
2206 431 1921 5411
2207 421 1925 5418
2208 429 1926 5421
2209 428 1931 5425
2210 425 1933 5432
2211 430 1934 5438
2212 438 1934 5438
2213 441 1940 5445
2214 433 1948 5452
2215 436 1949 5460
2216 439 1950 5468
2217 440 1951 5476
2218 439 1953 5481
2219 438 1958 5492
2220 438 1963 5496
2221 441 1965 5503
2222 440 1966 5509
2223 440 1969 5517
2224 436 1971 5524
2225 438 1974 5529
2226 434 1976 5536
2227 434 1982 5539
2228 431 1983 5549
2229 432 1985 5557
2230 423 1991 5565
2231 419 1992 5571
2232 421 1993 5578
2233 420 1996 5583
2234 428 1997 5586
2235 433 1998 5592
2236 433 1998 5598
2237 433 2000 5605
2238 429 2001 5615
2239 423 2006 5621
2240 421 2008 5627
2241 418 2012 5634
2242 421 2015 5640
2243 421 2017 5645
2244 424 2020 5648
2245 423 2020 5656
2246 426 2021 5662
2247 422 2024 5671
2248 422 2027 5675
2249 427 2027 5681
2250 428 2028 5688
2251 432 2031 5693
2252 435 2032 5703
2253 439 2033 5707
2254 439 2036 5717
2255 444 2039 5725
2256 449 2041 5729
2257 449 2043 5735
2258 443 2046 5744
2259 451 2046 5753
2260 454 2049 5757
2261 448 2052 5774
2262 459 2052 5781
2263 456 2055 5791
2264 450 2059 5798
2265 441 2062 5812
2266 441 2066 5814
2267 443 2070 5817
2268 447 2071 5820
2269 450 2074 5822
2270 445 2080 5829
2271 453 2084 5831
2272 461 2084 5834
2273 456 2090 5842
2274 455 2091 5849
2275 465 2091 5850
2276 466 2094 5859
2277 461 2098 5868
2278 461 2100 5876
2279 456 2104 5884
2280 459 2105 5886
2281 460 2107 5895
2282 469 2108 5897
2283 478 2110 5901
2284 470 2111 5915
2285 469 2114 5919
2286 468 2117 5923
2287 470 2121 5930
2288 476 2123 5938
2289 485 2125 5941
2290 484 2130 5947
2291 478 2134 5956
2292 482 2137 5960
2293 487 2139 5967
2294 491 2142 5976
2295 496 2143 5979
2296 490 2144 5992
2297 492 2149 6001
2298 493 2150 6004
2299 490 2151 6013
2300 493 2152 6019
2301 491 2154 6026
2302 493 2157 6033
2303 487 2160 6047
2304 491 2160 6052
2305 500 2161 6061
2306 499 2164 6068
2307 494 2168 6077
2308 490 2172 6083
2309 488 2176 6091
2310 489 2181 6097
2311 493 2181 6105
2312 489 2181 6118
2313 491 2183 6125
2314 486 2186 6137
2315 496 2190 6137
2316 491 2194 6146
2317 496 2198 6152
2318 499 2205 6158
2319 496 2208 6163
2320 497 2211 6168
2321 493 2214 6181
2322 490 2217 6188
2323 494 2223 6189
2324 497 2224 6195
2325 498 2226 6201
2326 506 2226 6206
2327 503 2231 6214
2328 505 2235 6224
2329 503 2238 6239
2330 501 2241 6243
2331 503 2247 6248
2332 502 2251 6260
2333 500 2251 6271
2334 500 2255 6278
2335 497 2256 6288
2336 497 2262 6297
2337 488 2269 6306
2338 495 2273 6310
2339 489 2280 6321
2340 491 2282 6329
2341 492 2284 6337
2342 494 2288 6343
2343 489 2292 6350
2344 499 2294 6353
2345 494 2298 6360
2346 485 2301 6374
2347 482 2307 6380
2348 491 2308 6386
2349 490 2312 6394
2350 482 2315 6402
2351 487 2319 6408
2352 477 2323 6420
2353 480 2330 6427
2354 488 2333 6429
2355 490 2334 6437
2356 490 2336 6441
2357 480 2339 6453
2358 478 2341 6459
2359 476 2345 6463
2360 476 2349 6469
2361 475 2351 6480
2362 479 2355 6485
2363 480 2357 6491
2364 472 2358 6504
2365 477 2360 6509
2366 484 2363 6514
2367 488 2365 6519
2368 483 2371 6531
2369 476 2378 6538
2370 485 2378 6541
2371 490 2378 6548
2372 496 2381 6555
2373 503 2384 6559
2374 504 2387 6567
2375 498 2393 6580
2376 503 2396 6581
2377 496 2399 6592
2378 482 2405 6605
2379 481 2409 6616
2380 479 2409 6622
2381 476 2412 6629
2382 479 2416 6636
2383 487 2418 6639
2384 485 2422 6648
2385 480 2425 6658
2386 472 2429 6667
2387 474 2431 6672
2388 478 2432 6678
2389 482 2436 6683
2390 487 2440 6689
2391 484 2446 6694
2392 483 2449 6702
2393 486 2451 6713
2394 487 2452 6716
2395 481 2454 6727
2396 477 2456 6734
2397 474 2462 6743
2398 474 2467 6746
2399 475 2471 6753
2400 474 2473 6762
2401 487 2475 6767
2402 482 2478 6773
2403 483 2480 6779
2404 487 2482 6784
2405 482 2488 6790
2406 483 2490 6793
2407 483 2495 6796
2408 475 2499 6805
2409 477 2500 6813
2410 472 2504 6825
2411 474 2506 6830
2412 474 2508 6838
2413 473 2511 6846
2414 477 2513 6851
2415 485 2515 6853
2416 482 2516 6864
2417 490 2517 6869
2418 493 2519 6873
2419 490 2522 6881
2420 478 2528 6892
2421 480 2529 6900
2422 489 2530 6906
2423 477 2533 6920
2424 483 2536 6926
2425 476 2538 6938
2426 477 2539 6943
2427 488 2540 6947
2428 500 2541 6951
2429 502 2544 6959
2430 505 2546 6966
2431 511 2547 6973
2432 508 2551 6983
2433 515 2552 6991
2434 511 2556 6999
2435 515 2560 7004
2436 517 2566 7010
2437 525 2568 7010
2438 527 2570 7018
2439 521 2575 7025
2440 516 2578 7036
2441 516 2579 7047
2442 519 2583 7054
2443 517 2587 7061
2444 519 2590 7073
2445 520 2594 7085
2446 518 2601 7091
2447 517 2605 7098
2448 520 2608 7104
2449 532 2608 7109
2450 536 2610 7117
2451 540 2615 7122
2452 546 2616 7131
2453 557 2617 7142
2454 556 2621 7151
2455 556 2625 7163
2456 558 2627 7171
2457 553 2629 7186
2458 559 2633 7190
2459 552 2637 7205
2460 547 2638 7220
2461 550 2640 7229
2462 543 2647 7238
2463 546 2651 7242
2464 548 2652 7252
2465 544 2652 7268
2466 537 2656 7279
2467 540 2661 7288
2468 545 2665 7295
2469 555 2668 7303
2470 559 2670 7315
2471 556 2672 7323
2472 559 2675 7330
2473 561 2677 7337
2474 557 2682 7343
2475 558 2683 7355
2476 553 2684 7369
2477 550 2687 7377
2478 552 2690 7386
2479 563 2693 7393
2480 557 2695 7402
2481 551 2699 7413
2482 554 2701 7423
2483 556 2704 7430
2484 554 2705 7439
2485 557 2709 7447
2486 550 2716 7455
2487 552 2718 7464
2488 559 2719 7473
2489 561 2720 7483
2490 559 2723 7495
2491 557 2728 7504
2492 561 2730 7513
2493 561 2734 7518
2494 565 2735 7526
2495 566 2739 7532
2496 569 2744 7538
2497 570 2747 7546
2498 569 2748 7559
2499 573 2751 7570
2500 578 2753 7573
2501 583 2754 7583
2502 579 2758 7594
2503 578 2759 7606
2504 578 2761 7615
2505 585 2763 7623
2506 585 2765 7632
2507 582 2769 7642
2508 574 2774 7652
2509 579 2777 7659
2510 580 2784 7666
2511 584 2786 7674
2512 581 2790 7687
2513 590 2791 7692
2514 600 2791 7705
2515 600 2792 7714
2516 609 2793 7721
2517 616 2796 7725
2518 619 2799 7734
2519 619 2805 7741
2520 618 2807 7750
2521 621 2808 7757
2522 624 2810 7763
2523 629 2813 7771
2524 626 2817 7783
2525 628 2818 7795
2526 630 2823 7806
2527 644 2825 7818
2528 648 2826 7825
2529 658 2831 7831
2530 663 2833 7839
2531 663 2834 7851
2532 672 2835 7859
2533 674 2840 7867
2534 670 2843 7877
2535 673 2845 7888
2536 675 2850 7893
2537 675 2855 7903
2538 684 2855 7909
2539 688 2857 7918
2540 684 2859 7931
2541 689 2860 7937
2542 696 2863 7942
2543 694 2866 7954
2544 697 2870 7960
2545 696 2871 7971
2546 703 2872 7980
2547 711 2873 7992
2548 719 2882 7998
2549 725 2885 8006
2550 726 2889 8013
2551 729 2894 8028
2552 731 2895 8040
2553 736 2897 8048
2554 726 2904 8060
2555 729 2905 8067
2556 731 2911 8078
2557 727 2918 8088
2558 734 2921 8098
2559 729 2923 8115
2560 733 2930 8123
2561 726 2932 8135
2562 722 2935 8150
2563 721 2939 8166
2564 721 2942 8177
2565 719 2946 8188
2566 714 2950 8199
2567 712 2955 8209
2568 721 2957 8218
2569 725 2959 8234
2570 717 2966 8246
2571 723 2967 8255
2572 719 2971 8268
2573 710 2977 8280
2574 713 2981 8291
2575 715 2983 8303
2576 710 2984 8323
2577 705 2989 8336
2578 700 2992 8351
2579 704 2993 8362
2580 707 2994 8371
2581 698 2998 8388
2582 699 3003 8399
2583 702 3007 8416
2584 711 3007 8422
2585 717 3009 8433
2586 722 3011 8446
2587 725 3013 8461
2588 733 3019 8470
2589 732 3027 8477
2590 733 3031 8489
2591 728 3035 8501
2592 735 3037 8513
2593 734 3041 8528
2594 726 3046 8542
2595 741 3049 8549
2596 733 3054 8565
2597 732 3057 8575
2598 736 3061 8585
2599 734 3062 8600
2600 732 3065 8612
2601 741 3073 8622
2602 733 3080 8637
2603 737 3083 8648
2604 727 3088 8667
2605 721 3094 8683
2606 716 3096 8697
2607 724 3099 8703
2608 707 3102 8721
2609 707 3106 8732
2610 709 3110 8741
2611 710 3112 8748
2612 704 3115 8758
2613 709 3119 8766
2614 715 3122 8774
2615 720 3127 8783
2616 727 3127 8796
2617 724 3129 8807
2618 735 3132 8813
2619 752 3132 8822
2620 744 3138 8836
2621 757 3144 8845
2622 759 3151 8853
2623 760 3153 8870
2624 756 3155 8887
2625 758 3163 8893
2626 743 3173 8908
2627 741 3176 8923
2628 740 3180 8933
2629 736 3190 8947
2630 738 3195 8958
2631 733 3202 8971
2632 740 3204 8980
2633 728 3212 8998
2634 722 3217 9006
2635 722 3220 9018
2636 726 3221 9030
2637 729 3225 9034
2638 734 3229 9044
2639 735 3232 9056
2640 737 3236 9068
2641 737 3240 9078
2642 726 3246 9092
2643 721 3247 9103
2644 720 3251 9111
2645 725 3255 9121
2646 732 3258 9128
2647 734 3261 9136
2648 736 3264 9146
2649 733 3267 9155
2650 738 3271 9167
2651 737 3274 9180
2652 739 3275 9193
2653 735 3280 9206
2654 740 3286 9217
2655 743 3291 9224
2656 751 3291 9235
2657 756 3294 9241
2658 760 3298 9251
2659 757 3300 9265
2660 761 3303 9277
2661 763 3308 9284
2662 757 3316 9297
2663 759 3321 9307
2664 776 3321 9314
2665 774 3327 9324
2666 764 3332 9340
2667 760 3335 9354
2668 760 3339 9365
2669 758 3344 9375
2670 761 3345 9385
2671 762 3348 9398
2672 753 3354 9411
2673 748 3360 9420
2674 757 3364 9430
2675 752 3368 9441
2676 758 3369 9452
2677 756 3376 9459
2678 758 3381 9468
2679 754 3383 9488
2680 755 3386 9500
2681 758 3393 9514
2682 756 3396 9527
2683 746 3398 9545
2684 745 3402 9560
2685 755 3405 9567
2686 771 3409 9573
2687 780 3413 9582
2688 769 3420 9596
2689 768 3425 9607
2690 777 3427 9613
2691 790 3427 9621
2692 796 3432 9628
2693 801 3434 9637
2694 811 3439 9646
2695 807 3442 9659
2696 813 3444 9667
2697 815 3448 9683
2698 812 3455 9693
2699 821 3459 9700
2700 826 3466 9707
2701 820 3474 9721
2702 823 3481 9730
2703 832 3488 9735
2704 829 3497 9750
2705 825 3502 9763
2706 829 3507 9779
2707 823 3514 9794
2708 833 3520 9805
2709 838 3524 9817
2710 848 3525 9825
2711 861 3526 9833
2712 862 3528 9841
2713 865 3532 9856
2714 859 3536 9873
2715 855 3545 9884
2716 854 3552 9897
2717 850 3561 9912
2718 850 3566 9920
2719 849 3573 9938
2720 846 3582 9950
2721 851 3588 9958
2722 850 3589 9967
2723 842 3597 9978
2724 839 3602 9993
2725 840 3606 10000
2726 840 3609 10015
2727 844 3616 10025
2728 850 3621 10036
2729 848 3626 10051
2730 855 3628 10058
2731 856 3635 10073
2732 855 3642 10085
2733 850 3644 10107
2734 860 3647 10117
2735 862 3650 10133
2736 863 3655 10148
2737 861 3660 10164
2738 869 3664 10175
2739 860 3667 10191
2740 851 3673 10214
2741 853 3676 10229
2742 863 3679 10241
2743 868 3682 10250
2744 868 3687 10263
2745 868 3692 10276
2746 875 3700 10286
2747 880 3701 10299
2748 881 3707 10313
2749 883 3709 10321
2750 890 3715 10329
2751 887 3722 10345
2752 890 3728 10357
2753 898 3730 10369
2754 906 3734 10378
2755 924 3739 10386
2756 928 3745 10402
2757 928 3751 10416
2758 930 3753 10432
2759 937 3761 10442
2760 930 3766 10461
2761 934 3770 10473
2762 946 3774 10486
2763 947 3778 10504
2764 950 3787 10514
2765 951 3792 10530
2766 960 3796 10538
2767 949 3803 10557
2768 947 3804 10578
2769 953 3808 10590
2770 954 3815 10607
2771 952 3821 10620
2772 958 3829 10631
2773 958 3838 10645
2774 957 3844 10657
2775 959 3851 10676
2776 959 3863 10688
2777 962 3870 10699
2778 954 3880 10719
2779 948 3886 10734
2780 949 3892 10748
2781 940 3900 10768
2782 942 3904 10787
2783 943 3908 10795
2784 954 3911 10809
2785 971 3917 10821
2786 970 3920 10836
2787 975 3928 10848
2788 975 3933 10864
2789 987 3939 10878
2790 987 3948 10893
2791 971 3958 10910
2792 981 3963 10928
2793 993 3969 10939
2794 992 3974 10951
2795 993 3981 10970
2796 999 3988 10982
2797 986 4000 11005
2798 984 4005 11023
2799 976 4012 11042
2800 984 4015 11052
2801 981 4020 11076
2802 989 4026 11084
2803 982 4031 11105
2804 993 4042 11114
2805 987 4051 11133
2806 978 4059 11150
2807 980 4067 11164
2808 991 4073 11173
2809 982 4080 11186
2810 987 4087 11198
2811 993 4093 11216
2812 993 4104 11230
2813 1004 4109 11240
2814 1012 4117 11244
2815 1015 4121 11261
2816 1017 4127 11271
2817 1015 4137 11283
2818 1006 4147 11300
2819 1010 4156 11318
2820 1016 4162 11328
2821 1014 4166 11345
2822 1025 4170 11355
2823 1029 4176 11371
2824 1024 4180 11390
2825 1020 4186 11402
2826 1012 4190 11425
2827 1011 4194 11443
2828 1021 4202 11456
2829 1013 4209 11469
2830 1010 4217 11482
2831 998 4222 11501
2832 997 4233 11513
2833 1003 4239 11534
2834 992 4250 11555
2835 983 4259 11573
2836 991 4263 11590
2837 986 4268 11609
2838 1002 4273 11622
2839 992 4282 11643
2840 993 4290 11656
2841 995 4296 11667
2842 1002 4302 11679
2843 1006 4313 11693
2844 1008 4317 11705
2845 1012 4325 11720
2846 1018 4331 11734
2847 1011 4336 11751
2848 1016 4338 11770
2849 1027 4342 11785
2850 1021 4346 11799
2851 1020 4355 11813
2852 1017 4358 11829
2853 1018 4365 11845
2854 1016 4372 11864
2855 1012 4379 11880
2856 1004 4384 11903
2857 1001 4391 11917
2858 1005 4392 11927
2859 1013 4394 11943
2860 1013 4398 11964
2861 1016 4403 11975
2862 1021 4409 11991
2863 1023 4413 12004
2864 1018 4419 12023
2865 1014 4434 12037
2866 1013 4441 12050
2867 999 4451 12064
2868 1008 4457 12078
2869 1012 4464 12086
2870 1018 4468 12101
2871 1020 4473 12120
2872 1019 4477 12140
2873 1036 4481 12149
2874 1036 4487 12167
2875 1042 4495 12179
2876 1045 4501 12192
2877 1047 4507 12203
2878 1047 4514 12219
2879 1049 4520 12235
2880 1037 4527 12250
2881 1033 4537 12267
2882 1040 4542 12276
2883 1043 4548 12287
2884 1054 4552 12298
2885 1067 4562 12309
2886 1069 4570 12321
2887 1066 4574 12346
2888 1063 4579 12364
2889 1056 4588 12384
2890 1064 4595 12398
2891 1061 4597 12416
2892 1056 4607 12438
2893 1063 4611 12456
2894 1062 4614 12471
2895 1071 4618 12486
2896 1073 4621 12506
2897 1085 4626 12520
2898 1098 4633 12533
2899 1098 4640 12549
2900 1104 4643 12567
2901 1103 4648 12586
2902 1096 4656 12605
2903 1098 4658 12619
2904 1100 4659 12643
2905 1100 4666 12659
2906 1097 4674 12677
2907 1093 4678 12698
2908 1088 4686 12711
2909 1099 4688 12725
2910 1093 4693 12740
2911 1103 4699 12755
2912 1096 4704 12767
2913 1099 4709 12784
2914 1101 4715 12799
2915 1095 4718 12822
2916 1091 4720 12847
2917 1085 4732 12860
2918 1083 4740 12877
2919 1082 4747 12895
2920 1085 4754 12918
2921 1072 4761 12941
2922 1070 4767 12957
2923 1075 4776 12971
2924 1087 4778 12987
2925 1097 4783 13000
2926 1085 4790 13024
2927 1110 4797 13033
2928 1112 4800 13047
2929 1114 4807 13065
2930 1116 4813 13082
2931 1111 4821 13104
2932 1116 4824 13121
2933 1115 4833 13134
2934 1124 4838 13142
2935 1121 4842 13161
2936 1121 4849 13177
2937 1122 4858 13192
2938 1124 4868 13203
2939 1116 4877 13225
2940 1122 4881 13241
2941 1129 4886 13255
2942 1133 4894 13273
2943 1137 4897 13291
2944 1143 4901 13303
2945 1141 4904 13319
2946 1158 4912 13334
2947 1167 4915 13349
2948 1170 4923 13362
2949 1162 4933 13382
2950 1169 4936 13391
2951 1172 4940 13410
2952 1169 4945 13433
2953 1165 4951 13463
2954 1170 4959 13478
2955 1168 4970 13498
2956 1173 4976 13512
2957 1181 4982 13527
2958 1184 4987 13547
2959 1193 4990 13566
2960 1195 4999 13578
2961 1194 5005 13600
2962 1195 5011 13617
2963 1191 5017 13637
2964 1180 5026 13659
2965 1183 5031 13677
2966 1185 5037 13695
2967 1187 5042 13714
2968 1197 5048 13729
2969 1204 5052 13739
2970 1214 5056 13756
2971 1217 5060 13774
2972 1201 5069 13797
2973 1200 5079 13812
2974 1196 5087 13836
2975 1205 5093 13852
2976 1203 5099 13874
2977 1200 5104 13898
2978 1190 5109 13919
2979 1192 5117 13938
2980 1202 5123 13954
2981 1205 5130 13970
2982 1206 5136 13989
2983 1205 5148 14008
2984 1207 5154 14022
2985 1210 5158 14038
2986 1203 5167 14059
2987 1203 5175 14074
2988 1204 5182 14086
2989 1207 5184 14102
2990 1209 5190 14121
2991 1214 5197 14140
2992 1229 5204 14150
2993 1230 5210 14166
2994 1224 5213 14186
2995 1222 5217 14213
2996 1222 5220 14234
2997 1229 5225 14250
2998 1228 5233 14270
2999 1227 5235 14285
3000 1226 5242 14301
3001 1224 5247 14325
3002 1232 5252 14335
3003 1241 5255 14351
3004 1257 5258 14366
3005 1251 5262 14389
3006 1245 5268 14406
3007 1242 5278 14426
3008 1246 5284 14447
3009 1252 5288 14469
3010 1261 5294 14491
3011 1250 5299 14520
3012 1254 5305 14544
3013 1251 5311 14567
3014 1252 5315 14588
3015 1248 5320 14610
3016 1242 5327 14630
3017 1250 5335 14650
3018 1253 5339 14669
3019 1257 5345 14676
3020 1249 5350 14696
3021 1262 5352 14716
3022 1256 5363 14736
3023 1254 5369 14759
3024 1244 5378 14785
3025 1255 5383 14799
3026 1259 5386 14821
3027 1269 5395 14835
3028 1283 5402 14855
3029 1286 5406 14883
3030 1291 5411 14904
3031 1283 5421 14929
3032 1271 5426 14953
3033 1279 5432 14970
3034 1273 5446 14987
3035 1276 5453 15009
3036 1292 5455 15031
3037 1292 5460 15054
3038 1300 5462 15074
3039 1293 5470 15097
3040 1278 5480 15125
3041 1283 5490 15140
3042 1284 5498 15154
3043 1283 5504 15172
3044 1274 5516 15193
3045 1276 5524 15212
3046 1283 5527 15228
3047 1281 5540 15242
3048 1297 5542 15259
3049 1299 5551 15279
3050 1300 5561 15297
3051 1303 5575 15316
3052 1299 5589 15332
3053 1311 5591 15353
3054 1315 5598 15371
3055 1320 5607 15388
3056 1321 5620 15403
3057 1322 5625 15428
3058 1328 5636 15447
3059 1326 5640 15467
3060 1317 5647 15494
3061 1313 5657 15516
3062 1311 5665 15535
3063 1316 5671 15554
3064 1327 5678 15568
3065 1323 5685 15594
3066 1314 5699 15608
3067 1317 5707 15627
3068 1306 5716 15652
3069 1307 5721 15677
3070 1319 5725 15695
3071 1324 5728 15714
3072 1318 5735 15741
3073 1317 5743 15763
3074 1312 5754 15785
3075 1312 5764 15801
3076 1315 5772 15823
3077 1313 5781 15844
3078 1308 5789 15864
3079 1303 5801 15881
3080 1306 5811 15895
3081 1310 5817 15912
3082 1305 5825 15934
3083 1311 5827 15955
3084 1315 5834 15971
3085 1308 5848 15988
3086 1299 5859 16012
3087 1303 5867 16025
3088 1302 5875 16041
3089 1308 5884 16064
3090 1308 5895 16076
3091 1306 5901 16096
3092 1314 5910 16113
3093 1319 5915 16136
3094 1323 5926 16149
3095 1331 5937 16161
3096 1330 5939 16183
3097 1344 5944 16193
3098 1342 5950 16213
3099 1340 5960 16231
3100 1344 5969 16242
3101 1343 5980 16256
3102 1351 5986 16278
3103 1346 5995 16298
3104 1355 6001 16318
3105 1345 6011 16342
3106 1349 6017 16360
3107 1350 6024 16382
3108 1345 6032 16402
3109 1341 6041 16421
3110 1327 6056 16437
3111 1339 6061 16450
3112 1330 6070 16477
3113 1332 6081 16497
3114 1328 6093 16516
3115 1327 6098 16539
3116 1328 6102 16566
3117 1332 6106 16585
3118 1326 6116 16604
3119 1326 6126 16624
3120 1326 6129 16646
3121 1321 6142 16663
3122 1326 6148 16677
3123 1331 6154 16694
3124 1330 6162 16716
3125 1339 6171 16723
3126 1343 6180 16744
3127 1342 6190 16764
3128 1340 6197 16789
3129 1334 6204 16813
3130 1327 6210 16838
3131 1326 6216 16858
3132 1326 6224 16884
3133 1328 6231 16900
3134 1324 6244 16915
3135 1319 6252 16938
3136 1322 6260 16956
3137 1308 6268 16982
3138 1317 6272 16991
3139 1309 6283 17015
3140 1312 6290 17035
3141 1308 6296 17067
3142 1301 6306 17093
3143 1293 6316 17113
3144 1307 6324 17129
3145 1317 6331 17142
3146 1332 6336 17162
3147 1331 6344 17187
3148 1351 6347 17212
3149 1342 6353 17242
3150 1343 6358 17261
3151 1341 6366 17279
3152 1341 6376 17300
3153 1334 6388 17324
3154 1327 6398 17347
3155 1322 6406 17376
3156 1320 6411 17393
3157 1312 6423 17415
3158 1317 6435 17428
3159 1325 6444 17444
3160 1319 6452 17464
3161 1326 6460 17479
3162 1314 6474 17501
3163 1314 6481 17515
3164 1316 6492 17530
3165 1320 6496 17551
3166 1299 6507 17584
3167 1302 6510 17602
3168 1285 6519 17630
3169 1281 6524 17655
3170 1282 6528 17670
3171 1294 6531 17685
3172 1302 6533 17699
3173 1308 6540 17717
3174 1305 6545 17735
3175 1318 6552 17750
3176 1310 6559 17776
3177 1321 6564 17790
3178 1326 6568 17813
3179 1323 6574 17835
3180 1321 6581 17856
3181 1323 6587 17875
3182 1331 6598 17895
3183 1334 6607 17910
3184 1344 6619 17927
3185 1341 6629 17943
3186 1344 6636 17964
3187 1351 6641 17983
3188 1366 6647 17999
3189 1366 6656 18022
3190 1351 6662 18046
3191 1347 6671 18068
3192 1356 6676 18091
3193 1366 6682 18109
3194 1376 6689 18128
3195 1374 6695 18148
3196 1382 6699 18173
3197 1389 6707 18200
3198 1385 6715 18225
3199 1394 6718 18240
3200 1400 6722 18264
3201 1391 6732 18281
3202 1387 6740 18300
3203 1389 6747 18322
3204 1386 6756 18347
3205 1381 6762 18376
3206 1377 6779 18398
3207 1375 6787 18422
3208 1365 6793 18455
3209 1372 6802 18469
3210 1378 6806 18486
3211 1379 6812 18509
3212 1372 6822 18531
3213 1384 6829 18553
3214 1380 6837 18578
3215 1388 6849 18594
3216 1379 6859 18613
3217 1386 6868 18629
3218 1383 6875 18652
3219 1387 6884 18670
3220 1373 6895 18698
3221 1399 6902 18710
3222 1404 6908 18726
3223 1427 6912 18743
3224 1418 6928 18758
3225 1412 6938 18780
3226 1401 6948 18802
3227 1407 6953 18825
3228 1423 6958 18842
3229 1410 6971 18868
3230 1409 6983 18890
3231 1423 6989 18913
3232 1417 6997 18939
3233 1430 7003 18957
3234 1434 7010 18982
3235 1445 7020 19000
3236 1451 7031 19017
3237 1456 7041 19038
3238 1464 7048 19056
3239 1463 7058 19077
3240 1464 7064 19103
3241 1461 7072 19125
3242 1461 7082 19146
3243 1465 7090 19163
3244 1462 7100 19182
3245 1454 7107 19212
3246 1453 7117 19236
3247 1457 7125 19256
3248 1449 7133 19282
3249 1459 7137 19304
3250 1465 7145 19327
3251 1468 7155 19344
3252 1483 7161 19367
3253 1493 7168 19384
3254 1478 7171 19414
3255 1481 7180 19440
3256 1493 7185 19455
3257 1503 7191 19480
3258 1521 7200 19498
3259 1530 7208 19520
3260 1531 7217 19545
3261 1533 7226 19559
3262 1530 7241 19577
3263 1529 7249 19595
3264 1525 7261 19614
3265 1508 7274 19644
3266 1500 7286 19672
3267 1510 7292 19692
3268 1507 7307 19711
3269 1509 7314 19734
3270 1510 7322 19758
3271 1522 7330 19783
3272 1523 7337 19807
3273 1505 7353 19829
3274 1520 7359 19849
3275 1521 7368 19877
3276 1514 7376 19911
3277 1513 7390 19939
3278 1522 7399 19957
3279 1540 7402 19971
3280 1539 7413 20000
3281 1562 7420 20012
3282 1565 7426 20034
3283 1561 7433 20063
3284 1564 7442 20078
3285 1570 7452 20099
3286 1573 7462 20117
3287 1580 7471 20133
3288 1586 7475 20153
3289 1582 7484 20183
3290 1599 7485 20204
3291 1606 7493 20224
3292 1603 7506 20245
3293 1616 7517 20262
3294 1615 7528 20285
3295 1618 7540 20308
3296 1617 7552 20331
3297 1624 7559 20360
3298 1625 7570 20387
3299 1626 7583 20405
3300 1627 7591 20427
3301 1621 7600 20455
3302 1630 7610 20472
3303 1639 7621 20493
3304 1640 7627 20511
3305 1649 7632 20538
3306 1649 7636 20568
3307 1648 7642 20587
3308 1651 7653 20611
3309 1653 7659 20641
3310 1646 7669 20674
3311 1636 7677 20704
3312 1634 7682 20734
3313 1632 7689 20760
3314 1634 7696 20784
3315 1637 7701 20808
3316 1637 7707 20834
3317 1647 7712 20857
3318 1655 7725 20874
3319 1660 7738 20898
3320 1673 7745 20916
3321 1682 7759 20932
3322 1677 7774 20951
3323 1683 7782 20969
3324 1681 7795 20990
3325 1682 7802 21016
3326 1682 7815 21040
3327 1662 7830 21075
3328 1667 7842 21098
3329 1683 7850 21117
3330 1686 7858 21138
3331 1696 7863 21157
3332 1701 7874 21179
3333 1705 7882 21202
3334 1716 7894 21221
3335 1725 7903 21242
3336 1737 7913 21262
3337 1740 7922 21294
3338 1743 7928 21319
3339 1749 7936 21348
3340 1754 7945 21377
3341 1745 7955 21415
3342 1760 7959 21441
3343 1754 7965 21472
3344 1754 7970 21502
3345 1740 7978 21538
3346 1746 7987 21561
3347 1756 7996 21585
3348 1763 8002 21604
3349 1771 8008 21624
3350 1774 8017 21650
3351 1768 8023 21686
3352 1756 8032 21723
3353 1755 8041 21754
3354 1756 8054 21775
3355 1771 8057 21802
3356 1782 8065 21826
3357 1787 8078 21855
3358 1778 8093 21884
3359 1793 8100 21907
3360 1790 8110 21933
3361 1777 8122 21960
3362 1768 8140 21990
3363 1768 8151 22021
3364 1775 8161 22043
3365 1777 8166 22076
3366 1774 8173 22105
3367 1778 8184 22137
3368 1785 8193 22163
3369 1799 8198 22180
3370 1802 8206 22203
3371 1807 8216 22225
3372 1798 8228 22254
3373 1793 8240 22283
3374 1791 8251 22303
3375 1803 8254 22329
3376 1823 8263 22348
3377 1813 8271 22385
3378 1809 8282 22412
3379 1808 8292 22434
3380 1813 8305 22463
3381 1812 8317 22485
3382 1814 8326 22511
3383 1812 8341 22537
3384 1814 8353 22558
3385 1819 8363 22586
3386 1812 8371 22618
3387 1836 8379 22632
3388 1825 8388 22672
3389 1815 8401 22699
3390 1819 8408 22726
3391 1823 8415 22757
3392 1833 8420 22789
3393 1827 8427 22823
3394 1848 8437 22842
3395 1851 8447 22876
3396 1848 8462 22907
3397 1846 8478 22933
3398 1846 8485 22959
3399 1839 8493 22988
3400 1865 8495 23010
3401 1879 8499 23031
3402 1869 8512 23069
3403 1871 8526 23102
3404 1868 8539 23126
3405 1876 8546 23145
3406 1871 8559 23178
3407 1883 8568 23208
3408 1902 8578 23232
3409 1903 8589 23262
3410 1902 8599 23290
3411 1901 8607 23322
3412 1911 8620 23350
3413 1909 8630 23379
3414 1913 8642 23413
3415 1928 8653 23437
3416 1944 8663 23464
3417 1938 8674 23496
3418 1938 8684 23539
3419 1939 8692 23572
3420 1939 8706 23604
3421 1938 8715 23637
3422 1932 8725 23675
3423 1926 8736 23699
3424 1924 8754 23725
3425 1932 8764 23752
3426 1938 8773 23780
3427 1949 8784 23802
3428 1945 8792 23837
3429 1956 8802 23860
3430 1938 8806 23904
3431 1940 8814 23934
3432 1942 8823 23966
3433 1931 8833 23999
3434 1932 8845 24036
3435 1932 8855 24071
3436 1922 8865 24111
3437 1916 8877 24146
3438 1922 8885 24175
3439 1921 8898 24203
3440 1922 8913 24228
3441 1933 8926 24257
3442 1948 8939 24285
3443 1950 8950 24316
3444 1959 8962 24335
3445 1951 8972 24371
3446 1946 8989 24405
3447 1948 9001 24424
3448 1955 9013 24448
3449 1959 9022 24472
3450 1973 9029 24495
3451 1963 9045 24524
3452 1961 9054 24549
3453 1968 9065 24572
3454 1968 9076 24595
3455 1960 9089 24623
3456 1986 9097 24651
3457 1980 9108 24681
3458 1980 9124 24713
3459 1995 9130 24742
3460 1977 9141 24782
3461 1979 9154 24813
3462 1969 9166 24847
3463 1970 9177 24874
3464 1995 9184 24896
3465 1986 9202 24934
3466 1974 9213 24974
3467 1971 9229 25006
3468 1976 9235 25038
3469 1988 9243 25066
3470 1983 9259 25098
3471 1984 9270 25131
3472 1977 9286 25168
3473 1997 9292 25195
3474 1995 9305 25222
3475 1992 9316 25258
3476 1996 9327 25290
3477 2000 9333 25325
3478 1998 9346 25358
3479 1996 9358 25395
3480 1993 9367 25426
3481 1997 9378 25454
3482 1997 9395 25480
3483 1998 9413 25505
3484 1997 9427 25531
3485 1992 9441 25555
3486 2013 9454 25576
3487 2022 9466 25611
3488 2046 9476 25631
3489 2041 9482 25670
3490 2058 9490 25699
3491 2071 9503 25723
3492 2072 9513 25753
3493 2070 9523 25786
3494 2069 9538 25813
3495 2057 9551 25851
3496 2042 9566 25893
3497 2038 9577 25915
3498 2021 9590 25953
3499 2020 9604 25982
3500 2034 9620 26010
3501 2025 9638 26046
3502 2027 9653 26075
3503 2036 9662 26106
3504 2027 9677 26138
3505 2024 9693 26174
3506 2022 9701 26212
3507 2025 9713 26240
3508 2034 9720 26278
3509 2032 9727 26309
3510 2033 9739 26343
3511 2027 9750 26372
3512 2032 9767 26394
3513 2020 9778 26438
3514 2028 9789 26468
3515 2028 9800 26500
3516 2025 9814 26533
3517 2033 9827 26562
3518 2028 9840 26600
3519 2035 9852 26625
3520 2050 9865 26650
3521 2043 9877 26690
3522 2036 9892 26723
3523 2036 9909 26755
3524 2034 9919 26787
3525 2041 9930 26817
3526 2035 9941 26846
3527 2045 9950 26875
3528 2050 9966 26901
3529 2056 9977 26931
3530 2074 9981 26955
3531 2068 9990 26993
3532 2053 10005 27027
3533 2062 10016 27052
3534 2083 10025 27070
3535 2096 10037 27104
3536 2091 10048 27134
3537 2092 10055 27162
3538 2095 10065 27197
3539 2097 10075 27222
3540 2104 10081 27258
3541 2108 10089 27288
3542 2102 10099 27324
3543 2091 10112 27356
3544 2108 10123 27379
3545 2097 10130 27424
3546 2112 10142 27445
3547 2110 10160 27470
3548 2104 10174 27503
3549 2094 10183 27540
3550 2099 10189 27562
3551 2107 10202 27594
3552 2121 10215 27618
3553 2129 10225 27653
3554 2121 10236 27693
3555 2133 10248 27723
3556 2133 10260 27756
3557 2131 10270 27790
3558 2135 10283 27826
3559 2139 10297 27861
3560 2145 10310 27893
3561 2161 10316 27916
3562 2174 10325 27937
3563 2176 10334 27969
3564 2170 10344 28004
3565 2177 10354 28036
3566 2177 10363 28071
3567 2173 10376 28112
3568 2182 10389 28143
3569 2205 10400 28175
3570 2209 10412 28211
3571 2227 10418 28245
3572 2220 10431 28280
3573 2220 10447 28307
3574 2234 10454 28340
3575 2238 10470 28371
3576 2262 10481 28393
3577 2271 10493 28428
3578 2282 10503 28465
3579 2288 10518 28498
3580 2294 10535 28528
3581 2286 10556 28563
3582 2293 10565 28599
3583 2300 10574 28635
3584 2286 10596 28668
3585 2271 10613 28704
3586 2266 10622 28745
3587 2260 10637 28775
3588 2259 10647 28817
3589 2264 10656 28852
3590 2277 10664 28892
3591 2297 10681 28913
3592 2321 10697 28947
3593 2320 10708 28983
3594 2326 10722 29020
3595 2350 10731 29042
3596 2343 10745 29073
3597 2338 10763 29107
3598 2346 10776 29140
3599 2339 10791 29178
3600 2355 10796 29209
3601 2361 10807 29248
3602 2367 10818 29279
3603 2352 10840 29313
3604 2338 10856 29356
3605 2315 10870 29402
3606 2312 10881 29445
3607 2303 10895 29478
3608 2321 10903 29524
3609 2326 10922 29556
3610 2311 10938 29599
3611 2316 10958 29629
3612 2317 10975 29656
3613 2322 10983 29698
3614 2313 11000 29732
3615 2327 11011 29758
3616 2329 11021 29793
3617 2338 11034 29820
3618 2347 11048 29851
3619 2355 11063 29883
3620 2363 11083 29915
3621 2369 11093 29949
3622 2383 11104 29992
3623 2388 11123 30021
3624 2382 11138 30062
3625 2390 11156 30094
3626 2403 11169 30125
3627 2396 11175 30162
3628 2402 11184 30200
3629 2408 11198 30231
3630 2410 11215 30275
3631 2406 11229 30319
3632 2413 11246 30353
3633 2413 11259 30388
3634 2410 11269 30427
3635 2393 11286 30462
3636 2393 11295 30496
3637 2402 11305 30529
3638 2409 11318 30562
3639 2427 11329 30600
3640 2424 11343 30640
3641 2425 11353 30675
3642 2436 11367 30711
3643 2447 11383 30743
3644 2429 11403 30784
3645 2420 11418 30823
3646 2435 11427 30860
3647 2430 11442 30894
3648 2414 11453 30946
3649 2426 11465 30975
3650 2403 11483 31021
3651 2411 11495 31063
3652 2434 11503 31091
3653 2439 11513 31131
3654 2439 11523 31173
3655 2439 11534 31222
3656 2450 11549 31249
3657 2466 11559 31274
3658 2465 11570 31317
3659 2461 11581 31358
3660 2468 11591 31396
3661 2465 11614 31420
3662 2453 11632 31467
3663 2471 11642 31510
3664 2480 11654 31547
3665 2482 11669 31587
3666 2486 11677 31630
3667 2501 11685 31666
3668 2506 11692 31706
3669 2501 11705 31754
3670 2481 11721 31804
3671 2490 11737 31827
3672 2487 11752 31870
3673 2485 11765 31904
3674 2491 11785 31939
3675 2490 11802 31979
3676 2496 11814 32018
3677 2509 11832 32052
3678 2521 11841 32081
3679 2525 11853 32115
3680 2531 11866 32157
3681 2541 11885 32193
3682 2550 11893 32228
3683 2553 11903 32277
3684 2549 11918 32314
3685 2548 11931 32353
3686 2544 11946 32395
3687 2547 11962 32438
3688 2548 11979 32475
3689 2561 11992 32510
3690 2552 12016 32545
3691 2546 12033 32590
3692 2536 12045 32636
3693 2538 12061 32670
3694 2549 12076 32710
3695 2560 12090 32746
3696 2556 12105 32787
3697 2560 12119 32832
3698 2544 12132 32879
3699 2557 12147 32920
3700 2566 12158 32959
3701 2567 12182 32994
3702 2580 12203 33028
3703 2579 12219 33065
3704 2574 12239 33115
3705 2592 12251 33154
3706 2594 12272 33192
3707 2590 12283 33242
3708 2584 12303 33284
3709 2616 12314 33314
3710 2622 12328 33358
3711 2609 12342 33407
3712 2597 12362 33453
3713 2592 12379 33489
3714 2599 12397 33524
3715 2620 12408 33552
3716 2633 12421 33597
3717 2639 12439 33633
3718 2633 12451 33681
3719 2635 12466 33732
3720 2623 12481 33771
3721 2626 12500 33812
3722 2630 12514 33854
3723 2658 12523 33887
3724 2665 12543 33927
3725 2678 12557 33955
3726 2684 12572 33988
3727 2675 12584 34038
3728 2694 12601 34072
3729 2695 12612 34122
3730 2702 12630 34159
3731 2688 12644 34209
3732 2685 12656 34253
3733 2681 12669 34303
3734 2669 12688 34352
3735 2684 12700 34398
3736 2698 12708 34441
3737 2697 12731 34474
3738 2680 12748 34520
3739 2696 12759 34559
3740 2672 12780 34603
3741 2676 12790 34646
3742 2685 12805 34690
3743 2681 12821 34733
3744 2692 12841 34764
3745 2690 12855 34801
3746 2702 12869 34836
3747 2702 12892 34878
3748 2700 12911 34919
3749 2713 12923 34964
3750 2720 12941 34998
3751 2707 12960 35047
3752 2705 12976 35090
3753 2687 12993 35138
3754 2677 13015 35179
3755 2671 13025 35228
3756 2685 13032 35258
3757 2688 13046 35287
3758 2689 13062 35328
3759 2682 13080 35373
3760 2699 13100 35401
3761 2684 13116 35449
3762 2683 13134 35490
3763 2691 13151 35527
3764 2703 13160 35567
3765 2732 13170 35604
3766 2727 13196 35638
3767 2718 13210 35678
3768 2727 13221 35710
3769 2744 13229 35746
3770 2759 13239 35788
3771 2762 13249 35826
3772 2765 13261 35857
3773 2750 13278 35897
3774 2756 13290 35948
3775 2762 13304 35995
3776 2777 13316 36034
3777 2763 13337 36075
3778 2770 13349 36115
3779 2772 13366 36154
3780 2778 13384 36191
3781 2798 13397 36228
3782 2809 13412 36265
3783 2806 13427 36302
3784 2791 13443 36347
3785 2788 13461 36383
3786 2802 13475 36421
3787 2812 13491 36457
3788 2795 13505 36505
3789 2808 13525 36541
3790 2801 13546 36581
3791 2810 13556 36627
3792 2805 13572 36675
3793 2803 13589 36721
3794 2793 13606 36770
3795 2791 13619 36824
3796 2787 13635 36864
3797 2792 13653 36908
3798 2795 13669 36946
3799 2789 13682 36987
3800 2814 13694 37033
3801 2834 13709 37071
3802 2825 13726 37122
3803 2833 13740 37163
3804 2838 13757 37210
3805 2853 13769 37251
3806 2854 13776 37303
3807 2853 13792 37352
3808 2847 13812 37396
3809 2848 13829 37441
3810 2844 13850 37482
3811 2852 13867 37517
3812 2866 13886 37562
3813 2856 13904 37611
3814 2863 13919 37651
3815 2856 13932 37693
3816 2856 13950 37742
3817 2842 13964 37789
3818 2834 13977 37835
3819 2831 13989 37872
3820 2826 14004 37914
3821 2822 14021 37962
3822 2826 14038 38007
3823 2817 14048 38060
3824 2822 14062 38099
3825 2825 14078 38140
3826 2821 14099 38185
3827 2831 14111 38229
3828 2836 14121 38278
3829 2858 14136 38311
3830 2867 14151 38355
3831 2860 14172 38401
3832 2851 14183 38451
3833 2841 14197 38498
3834 2851 14209 38538
3835 2865 14227 38573
3836 2874 14253 38604
3837 2875 14265 38656
3838 2873 14282 38700
3839 2897 14301 38738
3840 2911 14313 38790
3841 2917 14336 38825
3842 2930 14354 38868
3843 2933 14372 38913
3844 2935 14392 38956
3845 2902 14412 39015
3846 2890 14428 39062
3847 2897 14450 39105
3848 2895 14469 39152
3849 2907 14483 39188
3850 2901 14501 39236
3851 2908 14522 39285
3852 2904 14542 39335
3853 2912 14557 39374
3854 2924 14572 39421
3855 2930 14592 39464
3856 2947 14604 39501
3857 2963 14619 39545
3858 2967 14628 39604
3859 2970 14639 39644
3860 2966 14654 39699
3861 2988 14667 39739
3862 2977 14685 39794
3863 2987 14703 39830
3864 2978 14726 39881
3865 2969 14743 39944
3866 2938 14763 40008
3867 2936 14780 40061
3868 2954 14794 40109
3869 2974 14812 40147
3870 2969 14827 40194
3871 2978 14843 40231
3872 2989 14861 40276
3873 2995 14880 40320
3874 2990 14895 40370
3875 2989 14906 40419
3876 2991 14927 40467
3877 2978 14947 40523
3878 2983 14964 40566
3879 2984 14978 40620
3880 2991 14994 40669
3881 2978 15012 40724
3882 2990 15026 40777
3883 2990 15043 40822
3884 2985 15066 40863
3885 3007 15085 40897
3886 3017 15099 40948
3887 3029 15116 40990
3888 3019 15131 41040
3889 3028 15148 41092
3890 3033 15164 41141
3891 3029 15176 41197
3892 3040 15198 41242
3893 3049 15216 41274
3894 3046 15231 41324
3895 3061 15246 41354
3896 3070 15257 41404
3897 3077 15285 41457
3898 3079 15303 41504
3899 3100 15317 41543
3900 3110 15337 41590
3901 3090 15354 41646
3902 3114 15369 41688
3903 3114 15386 41751
3904 3117 15397 41805
3905 3117 15409 41853
3906 3113 15427 41901
3907 3109 15441 41954
3908 3121 15457 42000
3909 3120 15474 42045
3910 3106 15495 42097
3911 3103 15507 42154
3912 3103 15522 42202
3913 3119 15532 42253
3914 3128 15557 42296
3915 3137 15577 42330
3916 3139 15594 42376
3917 3146 15623 42421
3918 3144 15643 42475
3919 3157 15660 42517
3920 3166 15681 42561
3921 3176 15703 42611
3922 3185 15717 42657
3923 3212 15733 42694
3924 3231 15753 42734
3925 3222 15773 42782
3926 3238 15792 42826
3927 3248 15814 42872
3928 3240 15836 42933
3929 3253 15853 42985
3930 3255 15864 43025
3931 3267 15880 43075
3932 3266 15900 43133
3933 3259 15915 43199
3934 3259 15947 43240
3935 3291 15961 43270
3936 3301 15983 43325
3937 3313 16000 43368
3938 3303 16024 43412
3939 3323 16038 43456
3940 3338 16050 43499
3941 3336 16065 43567
3942 3342 16086 43609
3943 3358 16101 43649
3944 3346 16118 43709
3945 3362 16135 43756
3946 3351 16154 43820
3947 3372 16169 43863
3948 3379 16188 43907
3949 3396 16198 43956
3950 3383 16220 44008
3951 3368 16239 44068
3952 3389 16253 44115
3953 3410 16261 44168
3954 3432 16274 44213
3955 3451 16286 44241
3956 3445 16300 44294
3957 3435 16332 44353
3958 3455 16343 44401
3959 3483 16359 44452
3960 3485 16374 44502
3961 3490 16388 44561
3962 3510 16408 44603
3963 3528 16426 44652
3964 3525 16445 44707
3965 3533 16465 44756
3966 3529 16483 44809
3967 3530 16502 44861
3968 3526 16529 44914
3969 3518 16550 44971
3970 3513 16563 45032
3971 3500 16582 45093
3972 3500 16605 45141
3973 3531 16620 45177
3974 3554 16639 45220
3975 3542 16657 45282
3976 3549 16676 45338
3977 3546 16698 45386
3978 3538 16724 45438
3979 3541 16747 45493
3980 3527 16768 45552
3981 3526 16785 45606
3982 3517 16807 45661
3983 3517 16821 45712
3984 3528 16836 45761
3985 3534 16857 45814
3986 3531 16881 45859
3987 3526 16900 45913
3988 3530 16916 45970
3989 3543 16932 46026
3990 3533 16949 46087
3991 3528 16975 46142
3992 3508 16998 46206
3993 3512 17018 46253
3994 3522 17035 46300
3995 3532 17053 46353
3996 3529 17069 46412
3997 3535 17081 46477
3998 3540 17103 46521
3999 3529 17120 46576
4000 3546 17136 46629
4001 3536 17155 46693
4002 3524 17174 46757
4003 3525 17196 46818
4004 3547 17213 46870
4005 3553 17233 46929
4006 3549 17257 46982
4007 3536 17276 47047
4008 3557 17292 47096
4009 3580 17307 47135
4010 3614 17320 47182
4011 3601 17349 47236
4012 3617 17366 47279
4013 3631 17381 47329
4014 3623 17405 47382
4015 3626 17430 47434
4016 3626 17448 47491
4017 3615 17474 47550
4018 3585 17504 47609
4019 3597 17529 47666
4020 3596 17554 47719
4021 3591 17572 47770
4022 3584 17591 47820
4023 3585 17612 47878
4024 3585 17632 47920
4025 3597 17650 47960
4026 3626 17664 48004
4027 3613 17682 48073
4028 3611 17702 48115
4029 3627 17716 48157
4030 3627 17734 48216
4031 3637 17754 48269
4032 3648 17773 48322
4033 3657 17792 48374
4034 3633 17818 48440
4035 3639 17837 48490
4036 3660 17851 48546
4037 3647 17872 48625
4038 3606 17905 48703
4039 3604 17919 48770
4040 3629 17930 48823
4041 3635 17945 48873
4042 3614 17960 48944
4043 3623 17982 48995
4044 3623 18007 49058
4045 3606 18030 49113
4046 3634 18047 49160
4047 3637 18060 49217
4048 3628 18081 49276
4049 3623 18108 49324
4050 3629 18129 49379
4051 3629 18152 49437
4052 3648 18169 49483
4053 3640 18190 49541
4054 3639 18224 49589
4055 3644 18242 49644
4056 3646 18257 49704
4057 3651 18280 49757
4058 3659 18296 49814
4059 3646 18320 49876
4060 3662 18346 49922
4061 3665 18370 49974
4062 3679 18389 50030
4063 3683 18410 50088
4064 3697 18437 50138
4065 3680 18461 50210
4066 3679 18482 50266
4067 3670 18501 50325
4068 3683 18521 50382
4069 3708 18542 50428
4070 3725 18561 50475
4071 3736 18577 50538
4072 3750 18602 50593
4073 3744 18622 50648
4074 3756 18642 50699
4075 3750 18660 50757
4076 3759 18677 50820
4077 3768 18705 50866
4078 3789 18719 50917
4079 3800 18744 50972
4080 3798 18765 51027
4081 3794 18790 51092
4082 3792 18817 51160
4083 3768 18846 51218
4084 3767 18864 51275
4085 3799 18884 51320
4086 3791 18908 51375
4087 3795 18935 51419
4088 3813 18959 51466
4089 3825 18978 51520
4090 3833 18998 51570
4091 3851 19013 51621
4092 3865 19033 51665
4093 3891 19048 51710
4094 3909 19067 51766
4095 3898 19097 51824
4096 3893 19127 51889
4097 3911 19144 51948
4098 3935 19160 51996
4099 3938 19177 52056
4100 3965 19194 52115
4101 3998 19212 52165
4102 4001 19233 52213
4103 4021 19259 52275
4104 4044 19284 52318
4105 4047 19304 52379
4106 4057 19326 52436
4107 4070 19346 52498
4108 4087 19370 52549
4109 4088 19394 52611
4110 4107 19416 52662
4111 4102 19438 52722
4112 4118 19465 52770
4113 4111 19494 52831
4114 4093 19521 52907
4115 4102 19544 52967
4116 4098 19564 53036
4117 4090 19585 53107
4118 4078 19610 53179
4119 4084 19628 53254
4120 4113 19646 53309
4121 4132 19666 53373
4122 4110 19685 53450
4123 4126 19707 53518
4124 4181 19729 53559
4125 4158 19747 53637
4126 4186 19759 53693
4127 4203 19783 53746
4128 4227 19808 53791
4129 4225 19829 53843
4130 4239 19853 53895
4131 4244 19875 53962
4132 4258 19898 54018
4133 4265 19915 54089
4134 4252 19945 54154
4135 4264 19967 54214
4136 4255 19987 54288
4137 4291 20009 54338
4138 4321 20030 54392
4139 4323 20056 54448
4140 4339 20083 54511
4141 4364 20104 54581
4142 4381 20126 54645
4143 4433 20144 54703
4144 4430 20174 54773
4145 4438 20195 54840
4146 4431 20223 54913
4147 4434 20237 54973
4148 4433 20255 55035
4149 4437 20276 55103
4150 4457 20296 55163
4151 4451 20328 55240
4152 4468 20355 55304
4153 4460 20372 55387
4154 4482 20390 55448
4155 4480 20413 55519
4156 4470 20443 55589
4157 4475 20469 55651
4158 4476 20493 55724
4159 4487 20515 55784
4160 4484 20541 55853
4161 4500 20568 55918
4162 4514 20594 55982
4163 4500 20620 56060
4164 4488 20646 56133
4165 4483 20676 56210
4166 4496 20698 56280
4167 4503 20717 56344
4168 4510 20741 56409
4169 4518 20765 56483
4170 4534 20789 56551
4171 4563 20811 56605
4172 4603 20832 56669
4173 4615 20859 56742
4174 4613 20881 56819
4175 4616 20906 56881
4176 4603 20937 56953
4177 4598 20963 57030
4178 4604 20986 57098
4179 4579 21007 57174
4180 4566 21049 57239
4181 4548 21083 57313
4182 4593 21105 57376
4183 4588 21138 57445
4184 4592 21153 57507
4185 4595 21180 57577
4186 4578 21211 57654
4187 4571 21232 57734
4188 4558 21258 57804
4189 4564 21278 57882
4190 4583 21300 57951
4191 4585 21333 58020
4192 4594 21359 58081
4193 4560 21395 58166
4194 4538 21419 58252
4195 4553 21443 58319
4196 4551 21475 58391
4197 4548 21503 58453
4198 4547 21540 58522
4199 4556 21564 58585
4200 4556 21593 58658
4201 4557 21614 58729
4202 4567 21643 58793
4203 4579 21666 58864
4204 4574 21689 58941
4205 4584 21712 59011
4206 4588 21742 59079
4207 4592 21759 59153
4208 4605 21789 59214
4209 4590 21822 59279
4210 4581 21849 59353
4211 4581 21874 59420
4212 4592 21893 59492
4213 4600 21911 59566
4214 4615 21933 59635
4215 4627 21962 59701
4216 4625 21983 59771
4217 4618 22006 59852
4218 4631 22032 59912
4219 4610 22064 59992
4220 4618 22092 60062
4221 4612 22114 60141
4222 4628 22136 60203
4223 4614 22165 60283
4224 4615 22184 60343
4225 4599 22209 60421
4226 4612 22232 60486
4227 4637 22252 60541
4228 4665 22274 60595
4229 4648 22308 60670
4230 4641 22335 60747
4231 4650 22360 60812
4232 4647 22388 60877
4233 4662 22415 60933
4234 4682 22447 61001
4235 4674 22475 61076
4236 4690 22492 61144
4237 4712 22516 61205
4238 4708 22540 61280
4239 4695 22576 61350
4240 4731 22599 61403
4241 4718 22628 61479
4242 4727 22654 61546
4243 4714 22682 61632
4244 4739 22703 61697
4245 4777 22732 61757
4246 4795 22758 61809
4247 4796 22779 61889
4248 4780 22809 61974
4249 4779 22836 62050
4250 4775 22876 62126
4251 4776 22909 62193
4252 4759 22942 62275
4253 4762 22961 62346
4254 4776 22977 62414
4255 4784 23007 62475
4256 4793 23035 62548
4257 4794 23056 62634
4258 4818 23092 62690
4259 4809 23123 62767
4260 4811 23154 62829
4261 4821 23182 62896
4262 4816 23212 62968
4263 4809 23243 63037
4264 4827 23268 63110
4265 4824 23296 63201
4266 4804 23329 63287
4267 4828 23356 63349
4268 4828 23381 63417
4269 4837 23407 63481
4270 4838 23432 63551
4271 4852 23452 63631
4272 4858 23485 63698
4273 4835 23518 63778
4274 4838 23557 63844
4275 4823 23587 63921
4276 4827 23614 64003
4277 4838 23642 64080
4278 4834 23672 64139
4279 4855 23701 64202
4280 4872 23725 64266
4281 4869 23747 64345
4282 4869 23771 64430
4283 4884 23800 64498
4284 4908 23826 64561
4285 4915 23850 64641
4286 4904 23878 64716
4287 4914 23901 64782
4288 4928 23927 64853
4289 4919 23958 64932
4290 4946 23978 64996
4291 4995 23998 65051
4292 4978 24030 65148
4293 4990 24071 65216
4294 5008 24091 65292
