0 50 0 0
1 49 2 1
2 49 2 2
3 51 2 3
4 51 4 3
5 53 4 4
6 56 4 4
7 57 4 6
8 57 5 6
9 58 6 6
10 58 6 6
11 57 7 6
12 58 8 6
13 58 9 7
14 59 9 7
15 60 9 7
16 63 9 7
17 64 9 9
18 65 9 10
19 63 10 11
20 62 11 11
21 61 11 12
22 59 12 14
23 59 12 15
24 60 12 15
25 60 12 16
26 59 13 18
27 59 13 19
28 58 13 22
29 57 13 24
30 58 13 24
31 59 13 26
32 57 14 29
33 56 14 31
34 57 14 31
35 57 14 32
36 57 14 33
37 59 14 33
38 61 14 33
39 57 14 37
40 56 15 38
41 56 15 38
42 59 15 38
43 58 15 40
44 56 16 41
45 57 16 41
46 56 16 42
47 56 17 42
48 57 17 43
49 57 17 44
50 55 18 46
51 54 18 48
52 55 18 48
53 55 18 48
54 55 18 48
55 55 18 50
56 56 18 50
57 55 18 51
58 55 18 52
59 56 18 52
60 57 18 52
61 57 18 52
62 58 18 53
63 58 18 54
64 58 19 55
65 58 19 55
66 56 21 56
67 57 21 56
68 57 21 58
69 58 21 59
70 55 21 62
71 57 21 63
72 56 21 66
73 58 21 66
74 56 23 67
75 57 23 68
76 58 23 69
77 57 23 70
78 59 23 71
79 63 23 71
80 66 23 71
81 65 23 73
82 64 23 75
83 65 23 77
84 66 23 78
85 69 23 79
86 69 23 80
87 73 23 80
88 73 23 81
89 74 23 81
90 75 23 82
91 73 23 85
92 75 23 85
93 76 23 86
94 74 23 88
95 76 23 89
96 75 23 90
97 75 23 91
98 75 24 91
99 74 25 92
100 74 26 92
101 77 26 94
102 77 26 94
103 78 26 95
104 80 26 95
105 81 26 97
106 82 26 99
107 84 26 99
108 83 27 100
109 85 27 102
110 83 27 105
111 84 27 107
112 86 28 107
113 86 29 108
114 86 30 108
115 86 30 108
116 85 30 110
117 88 30 111
118 88 30 111
119 86 30 114
120 85 30 115
121 86 30 116
122 87 31 116
123 88 31 116
124 88 31 119
125 90 31 120
126 91 31 122
127 88 32 124
128 91 32 125
129 93 32 126
130 91 33 127
131 88 34 129
132 89 34 130
133 90 34 130
134 91 34 131
135 94 34 132
136 95 34 133
137 97 34 133
138 97 35 133
139 98 35 133
140 98 37 133
141 100 38 134
142 102 39 136
143 105 39 137
144 106 39 138
145 107 39 140
146 107 40 142
147 109 40 143
148 110 41 145
149 109 42 148
150 109 43 150
151 110 43 152
152 111 43 153
153 112 43 156
154 113 43 157
155 109 43 164
156 107 43 168
157 108 43 169
158 106 43 173
159 103 44 176
160 105 44 177
161 103 44 180
162 105 44 181
163 107 44 182
164 110 44 183
165 109 45 184
166 107 45 187
167 110 45 187
168 114 45 188
169 116 45 190
170 117 46 191
171 117 47 192
172 118 47 192
173 116 49 193
174 120 49 195
175 124 50 196
176 124 52 196
177 126 53 196
178 126 54 198
179 125 54 202
180 126 55 204
181 127 55 205
182 127 56 206
183 127 56 208
184 126 58 210
185 124 58 212
186 125 58 214
187 122 58 218
188 116 60 224
189 119 60 226
190 118 61 227
191 112 63 231
192 113 63 231
193 112 63 233
194 110 64 239
195 109 64 241
196 112 64 241
197 116 64 242
198 115 64 244
199 117 65 245
200 117 65 249
201 119 65 250
202 120 67 251
203 121 67 253
204 122 67 254
205 123 67 256
206 119 68 260
207 118 69 261
208 116 70 264
209 116 70 265
210 111 74 267
211 109 75 270
212 108 76 272
213 106 76 274
214 108 76 275
215 109 77 276
216 107 78 279
217 107 79 280
218 102 80 285
219 105 80 285
220 104 80 288
221 103 81 289
222 104 81 289
223 103 81 290
224 101 82 291
225 102 83 291
226 102 83 293
227 101 83 295
228 102 84 296
229 102 84 296
230 106 84 296
231 109 85 297
232 108 85 299
233 108 85 300
234 106 85 303
235 105 88 305
236 106 89 305
237 109 89 306
238 106 93 307
239 108 93 308
240 109 95 309
241 107 95 313
242 108 95 314
243 108 95 316
244 103 97 320
245 103 97 323
246 104 97 324
247 103 97 326
248 102 97 328
249 104 97 328
250 103 97 329
251 100 98 333
252 98 98 336
253 97 98 340
254 97 98 342
255 98 99 342
256 99 99 342
257 100 101 342
258 99 102 344
259 99 102 347
260 98 102 349
261 98 102 353
262 96 104 354
263 97 104 354
264 100 105 355
265 101 106 355
266 102 107 356
267 100 107 359
268 96 109 361
269 97 110 362
270 99 110 363
271 102 110 364
272 100 110 366
273 98 110 370
274 97 111 372
275 94 111 375
276 95 111 378
277 95 111 379
278 97 111 379
279 100 112 380
280 104 112 380
281 106 113 382
282 106 113 383
283 105 114 384
284 109 114 386
285 106 115 390
286 111 115 390
287 109 116 393
288 110 116 395
289 110 116 396
290 111 116 396
291 110 117 398
292 111 117 401
293 112 120 401
294 113 121 401
295 111 122 404
296 110 123 404
297 109 124 407
298 110 125 408
299 110 125 411
300 112 126 412
301 112 126 414
302 110 127 416
303 109 128 417
304 111 128 418
305 109 129 420
306 110 129 423
307 110 129 424
308 113 129 424
309 110 132 427
310 111 132 428
311 105 133 435
312 103 134 437
313 105 135 437
314 103 136 441
315 105 136 441
316 101 136 445
317 103 137 447
318 105 137 449
319 104 138 450
320 103 138 451
321 103 139 452
322 104 139 453
323 108 141 455
324 109 142 455
325 110 142 457
326 107 142 461
327 107 144 463
328 108 144 465
329 104 148 466
330 107 148 466
331 110 148 466
332 110 148 466
333 109 148 468
334 112 150 468
335 115 151 468
336 116 151 469
337 116 152 471
338 116 152 472
339 118 152 475
340 116 153 478
341 117 154 479
342 122 154 479
343 118 156 481
344 116 157 484
345 119 157 484
346 122 157 484
347 122 158 485
348 123 158 486
349 125 158 487
350 125 158 488
351 119 159 493
352 121 159 493
353 119 159 496
354 122 160 496
355 125 160 498
356 123 161 500
357 125 161 501
358 126 161 503
359 128 161 504
360 126 162 508
361 125 163 510
362 128 164 511
363 125 165 513
364 126 166 515
365 122 166 519
366 123 167 520
367 122 168 522
368 119 170 524
369 121 171 526
370 121 171 527
371 119 171 530
372 115 173 536
373 113 174 538
374 112 175 540
375 113 175 540
376 115 175 540
377 114 176 542
378 119 176 542
379 120 177 542
380 119 178 544
381 123 178 546
382 121 179 548
383 122 179 551
384 124 179 552
385 126 180 553
386 128 180 557
387 130 180 559
388 133 181 560
389 134 182 560
390 135 183 562
391 134 185 564
392 135 185 565
393 135 185 567
394 135 188 567
395 135 188 570
396 132 188 573
397 137 188 573
398 138 188 574
399 138 188 575
400 139 189 575
401 145 189 575
402 150 190 576
403 150 190 578
404 151 191 578
405 149 192 579
406 150 193 582
407 146 197 587
408 147 198 589
409 146 199 594
410 149 199 594
411 151 200 594
412 152 200 595
413 153 200 598
414 148 200 606
415 150 200 607
416 145 200 612
417 144 200 613
418 145 200 614
419 143 202 617
420 142 203 621
421 143 203 623
422 143 204 625
423 144 205 626
424 144 206 627
425 146 206 628
426 146 208 631
427 148 208 632
428 146 209 635
429 146 209 637
430 149 209 637
431 146 209 640
432 141 213 643
433 141 213 645
434 138 214 648
435 138 214 650
436 140 215 651
437 136 215 655
438 139 215 655
439 135 217 659
440 137 217 663
441 137 217 665
442 140 217 667
443 141 218 667
444 142 218 669
445 142 218 672
446 142 219 674
447 142 219 677
448 140 219 681
449 141 220 683
450 140 221 687
451 140 222 689
452 140 223 693
453 141 225 694
454 141 225 697
455 147 225 698
456 149 226 698
457 147 226 701
458 146 227 702
459 149 228 703
460 153 228 707
461 151 230 709
462 153 230 713
463 152 232 714
464 153 233 718
465 153 234 720
466 160 235 721
467 158 237 724
468 160 239 727
469 158 240 729
470 157 240 733
471 161 240 734
472 166 240 734
473 168 240 734
474 166 242 737
475 165 243 740
476 166 243 742
477 167 244 742
478 166 244 746
479 169 245 747
480 172 246 750
481 173 246 752
482 173 248 755
483 176 248 759
484 180 248 761
485 178 249 765
486 174 250 769
487 174 251 771
488 173 253 773
489 171 255 776
490 173 255 779
491 171 256 782
492 172 256 783
493 179 256 784
494 179 257 788
495 181 257 790
496 184 257 792
497 186 260 795
498 190 260 796
499 192 260 798
500 191 261 802
501 190 261 806
502 190 261 807
503 189 264 809
504 193 265 812
505 195 266 814
506 197 266 816
507 203 266 816
508 202 268 819
509 197 270 823
510 202 271 826
511 208 271 829
512 206 272 833
513 207 272 836
514 206 274 840
515 208 274 843
516 207 274 847
517 209 274 848
518 209 275 850
519 211 275 854
520 213 275 856
521 213 275 859
522 217 276 861
523 220 277 863
524 221 277 864
525 218 278 870
526 219 280 874
527 216 282 877
528 215 283 881
529 219 284 883
530 221 284 885
531 224 286 888
532 225 288 889
533 226 290 894
534 221 292 899
535 218 293 904
536 219 293 907
537 222 294 909
538 223 295 912
539 225 296 914
540 230 298 917
541 233 298 920
542 237 301 922
543 235 301 926
544 236 302 931
545 234 303 937
546 238 303 942
547 235 303 947
548 230 304 953
549 233 304 956
550 231 306 959
551 231 307 961
552 228 308 967
553 233 308 968
554 236 308 973
555 239 309 978
556 241 309 980
557 240 309 983
558 237 313 986
559 239 313 987
560 245 313 988
561 249 313 994
562 253 314 997
563 251 316 1000
564 253 318 1001
565 252 319 1006
566 256 320 1007
567 258 320 1013
568 256 322 1016
569 258 324 1020
570 260 327 1022
571 260 327 1026
572 261 328 1030
573 258 332 1032
574 252 332 1044
575 257 333 1044
576 252 335 1049
577 256 336 1051
578 251 338 1057
579 250 341 1061
580 253 344 1064
581 255 347 1065
582 255 349 1069
583 257 349 1074
584 257 353 1079
585 255 354 1080
586 259 355 1084
587 263 358 1084
588 262 359 1088
589 256 363 1093
590 258 364 1096
591 256 364 1101
592 260 364 1106
593 258 368 1109
594 262 369 1111
595 258 374 1114
596 257 375 1121
597 260 377 1124
598 256 379 1130
599 251 382 1133
600 250 384 1137
601 252 384 1140
602 249 387 1145
603 250 387 1147
604 251 387 1151
605 253 388 1153
606 261 390 1154
607 262 390 1158
608 261 392 1162
609 260 393 1167
610 266 395 1170
611 269 397 1174
612 270 397 1177
613 268 401 1182
614 256 406 1189
615 257 409 1193
616 256 411 1196
617 247 415 1204
618 244 416 1212
619 245 417 1213
620 247 420 1214
621 244 420 1220
622 244 421 1223
623 251 421 1224
624 252 423 1227
625 249 426 1230
626 254 428 1233
627 253 431 1237
628 251 433 1240
629 252 433 1241
630 243 435 1249
631 245 437 1251
632 247 438 1254
633 257 438 1255
634 256 438 1261
635 251 441 1267
636 245 444 1271
637 244 445 1277
638 251 446 1279
639 252 448 1284
640 256 448 1289
641 259 449 1289
642 259 449 1295
643 259 450 1298
644 257 450 1305
645 260 451 1307
646 267 451 1309
647 268 452 1313
648 271 453 1314
649 277 453 1316
650 274 455 1320
651 275 456 1323
652 275 458 1327
653 275 460 1330
654 269 463 1334
655 270 465 1336
656 266 470 1341
657 271 470 1344
658 275 472 1347
659 272 473 1354
660 269 473 1361
661 265 474 1366
662 270 476 1367
663 269 476 1371
664 272 478 1375
665 269 482 1378
666 263 485 1384
667 265 487 1385
668 264 488 1391
669 267 491 1392
670 267 494 1397
671 268 494 1400
672 269 497 1402
673 273 500 1403
674 268 501 1412
675 271 501 1417
676 275 502 1421
677 277 503 1424
678 281 503 1428
679 281 504 1433
680 279 506 1439
681 280 511 1440
682 279 512 1443
683 278 513 1451
684 282 513 1455
685 284 514 1461
686 289 516 1465
687 288 517 1470
688 287 518 1474
689 292 518 1475
690 288 520 1480
691 287 520 1483
692 288 521 1486
693 288 522 1490
694 290 522 1494
695 293 522 1498
696 293 523 1503
697 298 524 1504
698 297 527 1509
699 301 528 1513
700 302 530 1516
701 300 534 1520
702 297 534 1528
703 296 535 1536
704 291 537 1545
705 291 538 1547
706 291 541 1552
707 285 545 1558
708 281 546 1569
709 279 550 1572
710 277 553 1576
711 278 556 1578
712 278 557 1583
713 270 561 1590
714 273 562 1595
715 275 565 1601
716 279 567 1603
717 284 568 1606
718 285 570 1610
719 286 572 1614
720 291 573 1617
721 295 573 1623
722 291 576 1627
723 291 576 1632
724 290 577 1635
725 295 578 1639
726 294 579 1646
727 295 581 1646
728 294 583 1653
729 297 584 1656
730 293 586 1664
731 299 587 1667
732 295 587 1671
733 292 588 1676
734 287 588 1687
735 285 590 1690
736 281 592 1696
737 279 593 1701
738 276 595 1706
739 279 596 1709
740 277 598 1713
741 276 598 1717
742 275 599 1722
743 279 601 1725
744 278 603 1729
745 278 603 1736
746 289 604 1739
747 291 605 1741
748 288 606 1747
749 286 608 1752
750 286 608 1758
751 282 609 1763
752 280 609 1768
753 280 609 1773
754 276 611 1777
755 276 611 1784
756 280 612 1786
757 279 613 1793
758 282 615 1796
759 283 616 1802
760 283 618 1806
761 282 619 1811
762 279 621 1817
763 281 624 1822
764 276 625 1827
765 278 626 1832
766 282 629 1832
767 281 631 1834
768 279 632 1836
769 284 633 1837
770 283 634 1841
771 280 636 1847
772 274 637 1856
773 276 639 1859
774 278 641 1863
775 278 641 1869
776 276 642 1876
777 278 644 1879
778 277 645 1884
779 276 647 1888
780 271 648 1895
781 271 650 1899
782 268 651 1901
783 269 651 1906
784 269 652 1911
785 278 654 1917
786 280 654 1921
787 279 657 1922
788 287 657 1926
789 283 659 1933
790 280 662 1939
791 278 666 1943
792 271 667 1953
793 271 669 1954
794 270 671 1959
795 271 671 1964
796 264 676 1968
797 262 680 1970
798 261 680 1974
799 264 681 1978
800 262 682 1981
801 265 684 1984
802 267 684 1989
803 265 685 1994
804 272 686 1994
805 271 686 1998
806 267 690 2006
807 262 695 2011
808 256 696 2020
809 257 698 2021
810 262 698 2023
811 265 698 2025
812 261 699 2031
813 263 700 2037
814 265 702 2039
815 265 704 2041
816 268 704 2042
817 270 706 2044
818 274 707 2046
819 276 707 2049
820 271 709 2056
821 273 710 2061
822 271 712 2065
823 272 713 2068
824 272 713 2073
825 271 714 2075
826 269 720 2078
827 263 724 2082
828 261 725 2088
829 253 726 2100
830 256 726 2105
831 258 726 2108
832 258 726 2114
833 257 728 2120
834 255 730 2123
835 252 732 2127
836 250 732 2131
837 250 735 2135
838 255 737 2136
839 260 739 2141
840 253 742 2148
841 244 744 2158
842 248 744 2162
843 247 745 2166
844 247 747 2167
845 243 747 2173
846 246 749 2176
847 250 753 2179
848 254 756 2180
849 253 756 2187
850 256 759 2187
851 255 764 2189
852 263 765 2192
853 258 768 2197
854 256 769 2201
855 258 771 2204
856 257 773 2207
857 255 775 2212
858 256 775 2214
859 259 775 2216
860 251 782 2222
861 248 786 2226
862 250 787 2229
863 249 790 2234
864 243 793 2241
865 243 795 2245
866 249 796 2250
867 253 796 2252
868 257 797 2256
869 259 800 2257
870 257 802 2262
871 256 805 2265
872 255 807 2268
873 262 808 2270
874 260 810 2275
875 260 811 2279
876 262 812 2282
877 264 813 2284
878 260 816 2288
879 262 816 2293
880 261 817 2298
881 261 818 2299
882 262 819 2301
883 260 819 2304
884 259 819 2311
885 263 821 2312
886 267 821 2314
887 266 823 2317
888 264 825 2323
889 266 827 2324
890 267 829 2330
891 271 829 2332
892 268 833 2336
893 270 836 2337
894 265 838 2345
895 259 840 2352
896 261 842 2355
897 259 847 2357
898 259 849 2360
899 254 852 2367
900 251 852 2373
901 252 853 2378
902 254 854 2380
903 251 855 2386
904 246 857 2393
905 250 857 2395
906 255 858 2398
907 258 858 2402
908 255 861 2406
909 254 861 2408
910 252 863 2413
911 252 864 2417
912 245 867 2423
913 240 868 2430
914 239 869 2434
915 240 870 2438
916 248 871 2441
917 252 872 2448
918 252 875 2451
919 254 875 2453
920 261 876 2455
921 258 878 2460
922 256 879 2463
923 257 880 2465
924 260 882 2466
925 259 883 2471
926 258 885 2476
927 260 886 2478
928 258 888 2483
929 257 888 2489
930 257 888 2493
931 253 890 2499
932 257 891 2502
933 264 892 2503
934 263 892 2506
935 268 894 2508
936 272 896 2509
937 270 898 2518
938 280 899 2522
939 280 900 2525
940 282 902 2530
941 282 904 2537
942 276 907 2545
943 275 908 2549
944 285 908 2550
945 285 908 2555
946 282 910 2559
947 280 910 2562
948 281 914 2566
949 280 916 2570
950 278 917 2575
951 275 922 2579
952 275 923 2582
953 273 925 2587
954 270 925 2595
955 267 929 2598
956 262 930 2605
957 262 934 2609
958 262 934 2615
959 260 936 2619
960 257 940 2623
961 255 942 2628
962 258 943 2632
963 257 943 2633
964 257 944 2637
965 254 947 2641
966 257 947 2644
967 260 948 2647
968 259 948 2652
969 258 949 2659
970 251 954 2665
971 244 957 2673
972 247 958 2676
973 246 959 2681
974 245 960 2685
975 240 962 2691
976 238 963 2699
977 241 965 2700
978 240 967 2704
979 244 967 2707
980 250 967 2708
981 251 967 2711
982 254 968 2713
983 258 969 2718
984 253 971 2724
985 250 974 2728
986 248 976 2734
987 246 978 2738
988 248 979 2741
989 252 981 2746
990 257 982 2747
991 261 983 2750
992 266 984 2753
993 268 986 2757
994 266 987 2762
995 265 988 2769
996 263 989 2774
997 259 990 2781
998 258 991 2783
999 258 992 2787
1000 262 995 2789
1001 263 1000 2791
1002 259 1003 2794
1003 256 1005 2800
1004 256 1006 2802
1005 261 1008 2804
1006 264 1009 2808
1007 261 1010 2814
1008 258 1013 2818
1009 254 1014 2826
1010 249 1015 2834
1011 254 1017 2836
1012 256 1019 2843
1013 254 1021 2847
1014 259 1021 2849
1015 258 1023 2852
1016 261 1024 2855
1017 263 1025 2859
1018 264 1027 2863
1019 269 1029 2866
1020 265 1030 2874
1021 268 1032 2876
1022 269 1033 2877
1023 269 1034 2882
1024 269 1035 2886
1025 269 1036 2889
1026 270 1036 2893
1027 272 1038 2898
1028 268 1039 2906
1029 270 1040 2910
1030 269 1042 2912
1031 269 1045 2916
1032 270 1048 2919
1033 270 1053 2921
1034 272 1054 2925
1035 271 1055 2930
1036 273 1055 2933
1037 272 1056 2936
1038 273 1056 2940
1039 269 1058 2945
1040 263 1058 2955
1041 267 1058 2958
1042 270 1059 2963
1043 274 1059 2965
1044 274 1060 2971
1045 272 1061 2976
1046 266 1062 2986
1047 267 1063 2990
1048 272 1063 2990
1049 273 1064 2993
1050 272 1066 2996
1051 267 1068 3003
1052 274 1068 3004
1053 269 1071 3009
1054 268 1073 3015
1055 264 1075 3021
1056 265 1076 3024
1057 263 1076 3029
1058 263 1078 3032
1059 264 1078 3035
1060 262 1082 3035
1061 264 1082 3038
1062 267 1083 3042
1063 271 1086 3045
1064 270 1091 3049
1065 263 1092 3057
1066 256 1092 3067
1067 257 1092 3072
1068 257 1095 3078
1069 260 1096 3080
1070 262 1097 3082
1071 261 1098 3088
1072 261 1100 3091
1073 262 1102 3095
1074 264 1104 3097
1075 263 1104 3103
1076 263 1105 3108
1077 261 1107 3111
1078 265 1108 3115
1079 267 1109 3119
1080 264 1112 3126
1081 268 1113 3130
1082 265 1115 3135
1083 270 1115 3137
1084 277 1115 3138
1085 277 1117 3142
1086 281 1118 3145
1087 285 1120 3149
1088 291 1121 3151
1089 298 1121 3152
1090 297 1124 3157
1091 303 1125 3158
1092 300 1130 3159
1093 303 1132 3162
1094 299 1136 3168
1095 301 1139 3171
1096 304 1140 3178
1097 302 1142 3185
1098 302 1142 3191
1099 301 1145 3196
1100 300 1148 3201
1101 303 1148 3203
1102 308 1148 3204
1103 307 1151 3212
1104 302 1153 3219
1105 299 1153 3224
1106 296 1158 3228
1107 298 1159 3232
1108 306 1160 3234
1109 310 1162 3235
1110 307 1165 3241
1111 305 1167 3246
1112 302 1167 3254
1113 300 1168 3260
1114 299 1170 3265
1115 295 1170 3272
1116 297 1172 3274
1117 303 1173 3277
1118 305 1174 3281
1119 305 1178 3286
1120 299 1179 3292
1121 302 1179 3295
1122 300 1180 3301
1123 303 1180 3305
1124 305 1181 3309
1125 306 1181 3314
1126 308 1181 3319
1127 309 1182 3325
1128 307 1184 3331
1129 304 1187 3336
1130 307 1188 3341
1131 304 1190 3346
1132 306 1190 3351
1133 308 1191 3353
1134 312 1193 3356
1135 317 1193 3360
1136 318 1193 3368
1137 318 1197 3371
1138 318 1202 3377
1139 322 1205 3380
1140 320 1207 3386
1141 330 1207 3386
1142 327 1209 3390
1143 327 1211 3396
1144 316 1215 3406
1145 314 1219 3412
1146 317 1221 3414
1147 312 1224 3422
1148 307 1225 3435
1149 306 1228 3439
1150 308 1230 3443
1151 310 1232 3446
1152 313 1237 3449
1153 315 1239 3454
1154 314 1240 3459
1155 314 1240 3464
1156 316 1240 3468
1157 321 1244 3471
1158 320 1246 3476
1159 319 1249 3479
1160 321 1249 3487
1161 320 1249 3493
1162 315 1251 3502
1163 314 1252 3506
1164 316 1252 3511
1165 316 1256 3515
1166 313 1260 3521
1167 313 1261 3524
1168 310 1263 3529
1169 315 1263 3530
1170 324 1263 3531
1171 325 1265 3535
1172 329 1267 3540
1173 328 1267 3549
1174 328 1269 3554
1175 332 1270 3557
1176 335 1271 3558
1177 335 1273 3560
1178 336 1274 3567
1179 335 1275 3572
1180 334 1279 3578
1181 336 1281 3583
1182 336 1283 3590
1183 341 1284 3592
1184 344 1285 3595
1185 341 1285 3605
1186 338 1288 3613
1187 348 1289 3614
1188 350 1291 3617
1189 354 1295 3618
1190 355 1296 3626
1191 353 1297 3631
1192 352 1303 3633
1193 348 1305 3643
1194 347 1307 3648
1195 342 1310 3656
1196 340 1314 3659
1197 344 1317 3663
1198 343 1317 3668
1199 346 1321 3673
1200 343 1323 3680
1201 340 1325 3685
1202 339 1327 3688
1203 336 1330 3693
1204 331 1336 3702
1205 332 1340 3710
1206 330 1342 3715
1207 331 1343 3720
1208 334 1346 3725
1209 342 1346 3730
1210 338 1348 3738
1211 339 1350 3742
1212 337 1353 3749
1213 332 1354 3756
1214 330 1357 3763
1215 326 1358 3771
1216 324 1362 3777
1217 328 1362 3781
1218 329 1364 3785
1219 329 1367 3792
1220 333 1372 3795
1221 337 1372 3799
1222 340 1375 3800
1223 344 1379 3803
1224 344 1380 3806
1225 348 1383 3810
1226 348 1384 3815
1227 345 1386 3820
1228 346 1388 3824
1229 345 1389 3827
1230 352 1389 3831
1231 361 1389 3834
1232 360 1392 3841
1233 356 1395 3850
1234 356 1399 3851
1235 354 1400 3855
1236 351 1403 3860
1237 353 1404 3864
1238 359 1406 3867
1239 365 1407 3872
1240 370 1409 3875
1241 363 1412 3884
1242 361 1416 3892
1243 359 1418 3898
1244 362 1419 3902
1245 363 1419 3905
1246 370 1420 3907
1247 376 1421 3911
1248 375 1423 3916
1249 380 1425 3920
1250 379 1428 3925
1251 378 1428 3932
1252 377 1429 3939
1253 383 1429 3946
1254 383 1430 3954
1255 391 1431 3961
1256 392 1432 3967
1257 392 1434 3976
1258 394 1435 3983
1259 399 1435 3989
1260 404 1436 3994
1261 401 1438 3999
1262 399 1442 4006
1263 398 1445 4013
1264 403 1445 4016
1265 399 1447 4027
1266 401 1450 4029
1267 409 1451 4034
1268 410 1453 4041
1269 408 1456 4047
1270 409 1458 4052
1271 406 1461 4058
1272 401 1463 4065
1273 406 1464 4073
1274 408 1465 4079
1275 409 1469 4085
1276 414 1470 4088
1277 416 1471 4095
1278 420 1473 4100
1279 418 1476 4105
1280 415 1479 4115
1281 415 1481 4121
1282 416 1487 4130
1283 412 1488 4139
1284 408 1493 4146
1285 414 1494 4152
1286 417 1496 4160
1287 412 1499 4170
1288 417 1500 4175
1289 415 1500 4186
1290 407 1503 4199
1291 403 1507 4208
1292 401 1509 4215
1293 402 1509 4221
1294 407 1509 4224
1295 404 1513 4231
1296 402 1514 4243
1297 397 1518 4253
1298 396 1520 4260
1299 395 1523 4266
1300 388 1529 4274
1301 384 1531 4279
1302 385 1533 4285
1303 393 1535 4288
1304 396 1536 4294
1305 398 1536 4303
1306 405 1536 4308
1307 407 1539 4317
1308 408 1540 4326
1309 406 1541 4335
1310 417 1541 4337
1311 415 1542 4345
1312 409 1546 4355
1313 402 1550 4364
1314 400 1552 4374
1315 407 1552 4378
1316 404 1555 4386
1317 408 1556 4392
1318 408 1559 4396
1319 414 1564 4403
1320 414 1569 4408
1321 408 1579 4413
1322 409 1581 4419
1323 408 1584 4425
1324 404 1587 4434
1325 404 1590 4438
1326 412 1592 4441
1327 415 1596 4448
1328 415 1596 4457
1329 416 1599 4462
1330 412 1605 4471
1331 413 1607 4476
1332 404 1612 4487
1333 404 1615 4494
1334 402 1616 4502
1335 408 1616 4509
1336 407 1617 4517
1337 411 1618 4522
1338 405 1622 4530
1339 405 1625 4534
1340 407 1625 4540
1341 416 1626 4546
1342 423 1627 4549
1343 422 1629 4557
1344 430 1629 4561
1345 425 1630 4569
1346 429 1634 4575
1347 434 1637 4578
1348 434 1638 4586
1349 438 1643 4589
1350 444 1645 4593
1351 440 1647 4603
1352 442 1648 4608
1353 444 1650 4616
1354 452 1653 4619
1355 454 1654 4629
1356 458 1657 4635
1357 462 1659 4641
1358 463 1661 4649
1359 465 1662 4654
1360 464 1667 4660
1361 462 1673 4665
1362 467 1673 4669
1363 473 1674 4672
1364 473 1674 4678
1365 472 1677 4683
1366 472 1680 4692
1367 476 1683 4699
1368 475 1685 4710
1369 476 1689 4719
1370 467 1696 4731
1371 464 1698 4739
1372 464 1702 4743
1373 461 1705 4750
1374 459 1708 4756
1375 468 1708 4760
1376 472 1711 4763
1377 465 1715 4773
1378 467 1716 4779
1379 467 1719 4785
1380 468 1722 4791
1381 474 1722 4797
1382 476 1726 4802
1383 485 1728 4808
1384 483 1734 4813
1385 478 1736 4823
1386 474 1738 4834
1387 478 1739 4838
1388 482 1742 4846
1389 485 1744 4858
1390 477 1746 4873
1391 474 1752 4880
1392 492 1752 4885
1393 493 1754 4893
1394 499 1755 4899
1395 500 1760 4905
1396 502 1762 4911
1397 497 1767 4919
1398 500 1770 4924
1399 492 1771 4940
1400 493 1774 4945
1401 495 1777 4949
1402 501 1781 4952
1403 499 1785 4959
1404 504 1787 4961
1405 505 1789 4964
1406 504 1793 4971
1407 503 1797 4977
1408 505 1799 4983
1409 504 1802 4991
1410 507 1805 4999
1411 510 1806 5008
1412 503 1811 5016
1413 497 1816 5026
1414 501 1818 5036
1415 505 1820 5040
1416 503 1824 5050
1417 508 1824 5060
1418 511 1826 5064
1419 514 1829 5070
1420 520 1831 5078
1421 517 1835 5084
1422 518 1838 5092
1423 512 1841 5104
1424 517 1841 5110
1425 510 1844 5122
1426 508 1848 5131
1427 506 1856 5138
1428 509 1858 5143
1429 501 1863 5153
1430 500 1866 5160
1431 511 1870 5165
1432 509 1874 5170
1433 515 1879 5176
1434 520 1882 5183
1435 509 1884 5197
1436 511 1886 5203
1437 512 1890 5207
1438 516 1892 5212
1439 520 1896 5217
1440 522 1900 5227
1441 522 1904 5240
1442 527 1908 5246
1443 531 1910 5253
1444 532 1916 5263
1445 527 1921 5270
1446 521 1923 5284
1447 516 1925 5293
1448 509 1929 5303
1449 508 1934 5311
1450 510 1936 5317
1451 513 1941 5324
1452 515 1945 5329
1453 512 1947 5339
1454 510 1952 5345
1455 517 1957 5351
1456 517 1963 5358
1457 521 1965 5365
1458 520 1969 5374
1459 523 1971 5380
1460 531 1974 5385
1461 522 1978 5401
1462 522 1982 5406
1463 524 1984 5415
1464 523 1985 5424
1465 522 1990 5430
1466 530 1991 5439
1467 532 1993 5445
1468 534 1996 5453
1469 532 2001 5461
1470 538 2002 5465
1471 534 2009 5472
1472 531 2013 5481
1473 530 2019 5487
1474 536 2021 5494
1475 536 2025 5499
1476 538 2026 5508
1477 537 2031 5516
1478 542 2034 5521
1479 547 2035 5527
1480 551 2040 5532
1481 554 2042 5543
1482 553 2047 5554
1483 557 2051 5558
1484 566 2053 5563
1485 561 2055 5574
1486 554 2059 5587
1487 560 2061 5594
1488 560 2062 5603
1489 561 2066 5612
1490 562 2068 5626
1491 562 2074 5633
1492 560 2075 5643
1493 565 2076 5647
1494 560 2080 5657
1495 553 2083 5670
1496 557 2085 5676
1497 554 2087 5685
1498 548 2092 5697
1499 546 2097 5708
1500 553 2099 5714
1501 554 2103 5722
1502 551 2107 5731
1503 544 2112 5743
1504 548 2113 5752
1505 541 2119 5763
1506 543 2123 5767
1507 538 2127 5776
1508 545 2129 5782
1509 545 2136 5788
1510 548 2139 5794
1511 554 2139 5800
1512 558 2141 5807
1513 558 2143 5815
1514 561 2147 5823
1515 563 2148 5834
1516 564 2155 5838
1517 566 2156 5843
1518 565 2160 5851
1519 564 2169 5859
1520 570 2171 5868
1521 575 2174 5875
1522 577 2176 5879
1523 579 2177 5887
1524 581 2180 5898
1525 581 2188 5908
1526 579 2191 5918
1527 584 2193 5927
1528 582 2197 5935
1529 574 2204 5946
1530 574 2207 5956
1531 577 2211 5966
1532 571 2214 5974
1533 578 2216 5979
1534 579 2219 5987
1535 579 2223 5996
1536 581 2223 6006
1537 583 2225 6012
1538 575 2228 6023
1539 581 2229 6029
1540 577 2233 6044
1541 580 2236 6054
1542 582 2239 6061
1543 586 2241 6066
1544 584 2248 6071
1545 593 2249 6080
1546 583 2252 6094
1547 582 2254 6104
1548 581 2257 6110
1549 585 2258 6119
1550 589 2258 6126
1551 585 2259 6141
1552 582 2264 6152
1553 585 2265 6158
1554 585 2268 6167
1555 592 2270 6172
1556 589 2275 6183
1557 590 2278 6190
1558 596 2283 6196
1559 595 2285 6205
1560 590 2288 6218
1561 591 2293 6225
1562 600 2294 6232
1563 601 2297 6239
1564 603 2298 6245
1565 607 2302 6252
1566 606 2305 6260
1567 614 2307 6266
1568 616 2309 6274
1569 614 2314 6286
1570 616 2317 6293
1571 619 2321 6304
1572 619 2325 6315
1573 623 2328 6327
1574 621 2335 6337
1575 625 2338 6344
1576 619 2344 6355
1577 622 2348 6361
1578 623 2350 6373
1579 614 2352 6386
1580 620 2355 6394
1581 629 2359 6399
1582 629 2362 6409
1583 631 2368 6416
1584 638 2371 6419
1585 639 2372 6429
1586 636 2376 6441
1587 634 2380 6450
1588 644 2385 6455
1589 643 2388 6461
1590 640 2394 6473
1591 635 2397 6486
1592 638 2399 6496
1593 636 2401 6507
1594 641 2403 6514
1595 636 2408 6523
1596 647 2410 6531
1597 645 2414 6545
1598 639 2416 6560
1599 640 2419 6569
1600 634 2423 6584
1601 633 2428 6593
1602 631 2433 6598
1603 630 2437 6607
1604 619 2444 6623
1605 619 2448 6629
1606 622 2451 6639
1607 628 2455 6647
1608 627 2458 6657
1609 625 2465 6666
1610 619 2469 6680
1611 620 2471 6694
1612 621 2472 6704
1613 624 2473 6715
1614 630 2476 6723
1615 630 2482 6733
1616 624 2487 6742
1617 621 2489 6753
1618 620 2489 6764
1619 626 2492 6767
1620 621 2501 6777
1621 631 2507 6783
1622 629 2512 6789
1623 637 2515 6794
1624 637 2519 6804
1625 639 2521 6815
1626 639 2527 6821
1627 642 2529 6830
1628 642 2536 6840
1629 646 2538 6849
1630 646 2540 6858
1631 649 2541 6868
1632 646 2545 6880
1633 645 2548 6893
1634 653 2550 6899
1635 646 2555 6914
1636 639 2561 6928
1637 640 2566 6933
1638 648 2569 6939
1639 652 2570 6950
1640 655 2573 6964
1641 658 2575 6974
1642 665 2577 6982
1643 665 2584 6992
1644 667 2586 7002
1645 668 2589 7014
1646 675 2592 7021
1647 686 2593 7028
1648 685 2598 7035
1649 674 2601 7054
1650 681 2603 7062
1651 686 2605 7074
1652 691 2612 7082
1653 693 2616 7090
1654 693 2618 7098
1655 697 2619 7107
1656 703 2623 7111
1657 708 2626 7121
1658 710 2632 7132
1659 710 2634 7144
1660 709 2640 7155
1661 709 2642 7165
1662 710 2647 7174
1663 718 2650 7183
1664 718 2653 7195
1665 721 2656 7208
1666 716 2661 7217
1667 711 2664 7235
1668 712 2667 7249
1669 718 2667 7257
1670 722 2672 7270
1671 723 2673 7280
1672 716 2676 7299
1673 717 2678 7313
1674 720 2681 7323
1675 724 2684 7331
1676 722 2688 7348
1677 722 2692 7357
1678 713 2700 7376
1679 714 2702 7384
1680 720 2707 7393
1681 716 2709 7409
1682 719 2710 7421
1683 709 2712 7434
1684 703 2716 7449
1685 703 2721 7457
1686 698 2724 7469
1687 698 2728 7479
1688 701 2731 7491
1689 701 2733 7502
1690 711 2736 7508
1691 714 2738 7518
1692 713 2744 7530
1693 719 2747 7543
1694 721 2748 7558
1695 717 2754 7569
1696 721 2757 7580
1697 722 2763 7590
1698 712 2768 7606
1699 713 2773 7615
1700 720 2777 7624
1701 730 2780 7628
1702 734 2781 7644
1703 735 2781 7654
1704 735 2783 7665
1705 733 2788 7673
1706 730 2791 7690
1707 730 2794 7698
1708 737 2798 7710
1709 748 2805 7718
1710 742 2806 7730
1711 745 2807 7742
1712 755 2811 7748
1713 758 2813 7760
1714 754 2817 7777
1715 755 2820 7789
1716 760 2822 7794
1717 761 2824 7805
1718 767 2830 7812
1719 768 2836 7822
1720 773 2841 7832
1721 772 2845 7845
1722 768 2850 7858
1723 757 2857 7874
1724 762 2863 7884
1725 765 2866 7896
1726 766 2872 7903
1727 765 2876 7911
1728 761 2882 7921
1729 766 2885 7930
1730 762 2894 7947
1731 758 2902 7962
1732 757 2910 7979
1733 755 2911 7994
1734 765 2915 8000
1735 762 2919 8011
1736 760 2923 8022
1737 755 2930 8034
1738 758 2935 8045
1739 756 2938 8059
1740 753 2941 8069
1741 756 2949 8074
1742 743 2956 8091
1743 745 2962 8099
1744 744 2969 8109
1745 744 2973 8120
1746 744 2979 8131
1747 745 2982 8145
1748 739 2983 8162
1749 739 2990 8170
1750 742 2993 8182
1751 739 3000 8190
1752 749 3006 8198
1753 752 3009 8207
1754 753 3011 8222
1755 752 3017 8236
1756 755 3022 8245
1757 751 3025 8254
1758 748 3030 8266
1759 744 3037 8278
1760 743 3043 8290
1761 741 3046 8303
1762 740 3051 8317
1763 743 3058 8323
1764 752 3063 8328
1765 754 3065 8340
1766 758 3068 8349
1767 757 3077 8363
1768 762 3079 8371
1769 760 3084 8384
1770 761 3090 8392
1771 766 3094 8404
1772 756 3101 8422
1773 763 3105 8430
1774 761 3107 8449
1775 767 3109 8462
1776 764 3114 8476
1777 770 3119 8485
1778 776 3127 8494
1779 773 3135 8505
1780 773 3140 8518
1781 768 3147 8534
1782 766 3151 8549
1783 770 3155 8561
1784 768 3162 8575
1785 771 3166 8585
1786 774 3168 8598
1787 775 3172 8606
1788 784 3174 8616
1789 781 3179 8628
1790 777 3184 8641
1791 779 3187 8651
1792 792 3188 8657
1793 787 3192 8668
1794 788 3198 8679
1795 784 3203 8692
1796 777 3208 8704
1797 790 3210 8711
1798 788 3211 8724
1799 790 3214 8734
1800 798 3217 8744
1801 803 3222 8753
1802 802 3225 8764
1803 816 3227 8772
1804 813 3232 8786
1805 822 3236 8799
1806 823 3240 8814
1807 824 3244 8826
1808 824 3250 8839
1809 823 3252 8852
1810 821 3257 8867
1811 828 3258 8877
1812 819 3266 8892
1813 819 3270 8907
1814 818 3270 8918
1815 819 3272 8931
1816 821 3279 8942
1817 831 3281 8953
1818 833 3288 8963
1819 829 3297 8978
1820 838 3297 8987
1821 834 3304 9000
1822 836 3311 9014
1823 843 3314 9025
1824 838 3322 9036
1825 843 3329 9050
1826 851 3334 9061
1827 842 3346 9074
1828 848 3349 9087
1829 839 3355 9100
1830 841 3357 9115
1831 837 3362 9133
1832 839 3364 9151
1833 842 3368 9165
1834 831 3375 9182
1835 830 3379 9199
1836 831 3382 9215
1837 824 3387 9230
1838 826 3391 9242
1839 830 3394 9251
1840 836 3396 9262
1841 843 3401 9269
1842 856 3405 9278
1843 844 3407 9301
1844 838 3412 9317
1845 843 3418 9332
1846 848 3422 9346
1847 861 3425 9357
1848 860 3432 9372
1849 865 3434 9385
1850 867 3438 9397
1851 869 3441 9409
1852 875 3447 9424
1853 876 3451 9437
1854 881 3453 9449
1855 883 3461 9463
1856 889 3465 9477
1857 887 3476 9489
1858 880 3485 9505
1859 880 3494 9518
1860 882 3497 9532
1861 879 3507 9545
1862 876 3512 9565
1863 870 3520 9577
1864 863 3522 9595
1865 860 3528 9606
1866 870 3531 9616
1867 868 3535 9633
1868 874 3537 9646
1869 882 3541 9658
1870 891 3547 9673
1871 887 3554 9685
1872 888 3561 9695
1873 888 3567 9707
1874 902 3573 9716
1875 898 3578 9734
1876 904 3582 9745
1877 900 3585 9763
1878 905 3588 9774
1879 893 3594 9795
1880 896 3595 9813
1881 903 3602 9828
1882 909 3608 9835
1883 907 3612 9848
1884 903 3622 9861
1885 907 3624 9870
1886 906 3630 9878
1887 904 3637 9889
1888 907 3640 9904
1889 902 3645 9924
1890 906 3649 9935
1891 907 3657 9946
1892 905 3665 9960
1893 900 3669 9973
1894 900 3673 9986
1895 904 3675 9995
1896 906 3679 10009
1897 908 3682 10023
1898 907 3686 10041
1899 903 3689 10059
1900 894 3697 10073
1901 894 3702 10092
1902 897 3709 10107
1903 892 3712 10123
1904 899 3720 10133
1905 897 3727 10151
1906 899 3732 10162
1907 905 3736 10178
1908 900 3743 10193
1909 884 3750 10214
1910 875 3754 10230
1911 883 3757 10241
1912 884 3761 10253
1913 892 3768 10263
1914 901 3770 10276
1915 907 3774 10288
1916 905 3776 10304
1917 903 3780 10318
1918 908 3785 10332
1919 899 3791 10348
1920 894 3797 10368
1921 893 3805 10386
1922 890 3809 10400
1923 893 3811 10413
1924 888 3817 10427
1925 901 3820 10436
1926 903 3825 10452
1927 900 3832 10466
1928 899 3834 10483
1929 900 3841 10498
1930 912 3845 10504
1931 905 3854 10516
1932 905 3860 10528
1933 903 3865 10543
1934 904 3871 10562
1935 897 3881 10578
1936 911 3886 10587
1937 913 3892 10598
1938 915 3893 10615
1939 917 3895 10633
1940 916 3902 10645
1941 925 3906 10657
1942 922 3910 10673
1943 923 3917 10686
1944 931 3922 10702
1945 937 3924 10713
1946 931 3931 10726
1947 936 3940 10740
1948 936 3947 10758
1949 934 3955 10775
1950 927 3962 10790
1951 928 3966 10805
1952 930 3969 10819
1953 931 3973 10839
1954 928 3982 10850
1955 937 3985 10861
1956 940 3987 10877
1957 930 3993 10893
1958 941 3997 10904
1959 937 4000 10918
1960 939 4006 10932
1961 933 4013 10945
1962 943 4017 10960
1963 949 4026 10973
1964 955 4033 10987
1965 956 4040 11000
1966 960 4045 11015
1967 969 4048 11026
1968 972 4052 11042
1969 971 4057 11059
1970 981 4065 11071
1971 976 4070 11083
1972 976 4075 11099
1973 986 4083 11112
1974 991 4089 11128
1975 996 4092 11145
1976 992 4100 11164
1977 1000 4104 11175
1978 1002 4107 11188
1979 1005 4110 11204
1980 1004 4117 11218
1981 996 4121 11237
1982 1002 4127 11248
1983 1018 4133 11262
1984 1017 4138 11273
1985 1011 4142 11290
1986 1007 4149 11308
1987 1021 4155 11321
1988 1030 4160 11331
1989 1026 4167 11347
1990 1035 4170 11364
1991 1037 4177 11382
1992 1041 4185 11396
1993 1034 4194 11415
1994 1027 4201 11431
1995 1030 4206 11443
1996 1039 4212 11457
1997 1035 4217 11477
1998 1024 4220 11502
1999 1028 4225 11512
2000 1032 4229 11532
2001 1044 4234 11544
2002 1042 4240 11558
2003 1046 4246 11576
2004 1054 4253 11584
2005 1065 4256 11604
2006 1060 4260 11628
2007 1065 4266 11643
2008 1071 4271 11656
2009 1074 4275 11676
2010 1080 4278 11692
2011 1079 4285 11707
2012 1090 4287 11721
2013 1084 4297 11742
2014 1092 4300 11753
2015 1103 4304 11769
2016 1115 4307 11785
2017 1104 4315 11805
2018 1106 4319 11824
2019 1104 4321 11839
2020 1099 4328 11856
2021 1099 4333 11873
2022 1095 4337 11886
2023 1106 4342 11901
2024 1103 4349 11923
2025 1110 4356 11934
2026 1112 4361 11948
2027 1105 4370 11969
2028 1101 4377 11988
2029 1108 4383 12003
2030 1116 4388 12019
2031 1121 4395 12037
2032 1114 4402 12056
2033 1106 4408 12077
2034 1113 4410 12091
2035 1122 4416 12101
2036 1128 4421 12118
2037 1125 4423 12138
2038 1133 4432 12148
2039 1137 4440 12161
2040 1135 4446 12183
2041 1130 4454 12202
2042 1141 4460 12216
2043 1140 4462 12232
2044 1144 4465 12244
2045 1154 4473 12256
2046 1143 4478 12282
2047 1145 4482 12298
2048 1143 4487 12320
2049 1144 4491 12336
2050 1151 4494 12352
2051 1147 4498 12372
2052 1147 4503 12390
2053 1157 4511 12405
2054 1163 4516 12417
2055 1163 4526 12442
2056 1162 4533 12459
2057 1159 4541 12480
2058 1168 4551 12494
2059 1147 4567 12521
2060 1144 4571 12534
2061 1135 4578 12555
2062 1125 4584 12575
2063 1131 4592 12587
2064 1134 4600 12599
2065 1128 4608 12616
2066 1118 4614 12641
2067 1118 4622 12662
2068 1119 4633 12673
2069 1131 4639 12685
2070 1132 4646 12701
2071 1131 4650 12716
2072 1126 4654 12735
2073 1146 4656 12745
2074 1151 4659 12759
2075 1149 4661 12778
2076 1138 4673 12801
2077 1146 4677 12816
2078 1151 4679 12836
2079 1153 4686 12847
2080 1159 4693 12858
2081 1148 4703 12881
2082 1147 4710 12901
2083 1154 4718 12914
2084 1156 4722 12933
2085 1170 4728 12944
2086 1167 4737 12959
2087 1156 4740 12981
2088 1157 4746 13000
2089 1166 4753 13018
2090 1164 4761 13029
2091 1159 4770 13047
2092 1165 4779 13059
2093 1151 4788 13085
2094 1142 4798 13107
2095 1140 4803 13125
2096 1142 4810 13137
2097 1161 4817 13146
2098 1160 4822 13166
2099 1165 4830 13185
2100 1164 4835 13202
2101 1162 4840 13219
2102 1157 4847 13240
2103 1139 4858 13264
2104 1137 4869 13286
2105 1146 4874 13300
2106 1162 4878 13311
2107 1156 4882 13333
2108 1164 4887 13347
2109 1157 4901 13365
2110 1159 4907 13381
2111 1167 4915 13394
2112 1178 4922 13401
2113 1176 4932 13421
2114 1169 4943 13439
2115 1176 4950 13453
2116 1178 4959 13473
2117 1174 4971 13491
2118 1167 4978 13509
2119 1162 4985 13525
2120 1179 4990 13540
2121 1173 5001 13556
2122 1175 5005 13569
2123 1180 5011 13588
2124 1193 5013 13602
2125 1184 5020 13621
2126 1184 5033 13630
2127 1192 5039 13647
2128 1184 5050 13662
2129 1192 5059 13678
2130 1184 5068 13694
2131 1188 5075 13708
2132 1184 5081 13727
2133 1177 5089 13747
2134 1165 5097 13769
2135 1176 5107 13783
2136 1174 5121 13800
2137 1175 5128 13817
2138 1174 5135 13833
2139 1177 5140 13854
2140 1184 5145 13867
2141 1173 5154 13893
2142 1182 5161 13904
2143 1192 5167 13919
2144 1192 5178 13933
2145 1211 5184 13947
2146 1205 5188 13970
2147 1192 5195 13996
2148 1197 5196 14015
2149 1188 5207 14029
2150 1192 5211 14053
2151 1189 5217 14074
2152 1191 5225 14094
2153 1187 5236 14111
2154 1184 5248 14123
2155 1187 5251 14139
2156 1186 5259 14154
2157 1191 5264 14175
2158 1184 5274 14199
2159 1186 5282 14220
2160 1180 5290 14248
2161 1177 5296 14268
2162 1169 5306 14290
2163 1169 5315 14299
2164 1175 5318 14318
2165 1174 5330 14336
2166 1166 5337 14357
2167 1174 5343 14379
2168 1182 5347 14396
2169 1185 5352 14414
2170 1186 5358 14437
2171 1182 5364 14458
2172 1177 5372 14475
2173 1176 5381 14486
2174 1173 5390 14504
2175 1177 5397 14517
2176 1185 5403 14526
2177 1178 5413 14543
2178 1171 5418 14567
2179 1172 5420 14588
2180 1176 5427 14606
2181 1186 5431 14619
2182 1187 5438 14645
2183 1182 5449 14660
2184 1177 5457 14676
2185 1183 5459 14693
2186 1176 5466 14713
2187 1186 5469 14731
2188 1183 5474 14755
2189 1187 5487 14769
2190 1189 5494 14787
2191 1190 5504 14806
2192 1197 5510 14822
2193 1207 5517 14838
2194 1218 5522 14857
2195 1218 5530 14876
2196 1214 5538 14896
2197 1193 5549 14922
2198 1195 5559 14941
2199 1196 5566 14958
2200 1195 5574 14982
2201 1194 5581 15001
2202 1199 5587 15018
2203 1200 5596 15032
2204 1195 5602 15053
2205 1198 5607 15070
2206 1199 5614 15092
2207 1198 5626 15104
2208 1194 5633 15126
2209 1189 5639 15141
2210 1186 5647 15165
2211 1179 5656 15185
2212 1182 5662 15206
2213 1170 5669 15231
2214 1186 5675 15249
2215 1185 5683 15266
2216 1193 5688 15282
2217 1197 5695 15300
2218 1196 5702 15317
2219 1196 5708 15333
2220 1195 5719 15351
2221 1201 5722 15372
2222 1215 5725 15386
2223 1224 5730 15396
2224 1223 5738 15414
2225 1238 5742 15426
2226 1234 5753 15444
2227 1227 5770 15463
2228 1228 5779 15481
2229 1232 5784 15503
2230 1231 5788 15525
2231 1224 5798 15543
2232 1220 5802 15572
2233 1223 5804 15592
2234 1226 5809 15613
2235 1225 5810 15631
2236 1224 5816 15645
2237 1219 5825 15663
2238 1222 5830 15678
2239 1228 5839 15696
2240 1232 5846 15716
2241 1249 5850 15729
2242 1238 5862 15753
2243 1248 5863 15769
2244 1251 5869 15788
2245 1247 5876 15812
2246 1251 5882 15833
2247 1255 5886 15852
2248 1259 5894 15875
2249 1271 5897 15892
2250 1261 5906 15916
2251 1265 5917 15933
2252 1259 5928 15953
2253 1270 5937 15971
2254 1270 5946 15987
2255 1270 5954 16009
2256 1265 5960 16028
2257 1277 5968 16044
2258 1286 5970 16065
2259 1298 5974 16082
2260 1300 5983 16107
2261 1306 5985 16130
2262 1303 5990 16156
2263 1303 5999 16180
2264 1313 6006 16195
2265 1321 6010 16217
2266 1311 6016 16244
2267 1315 6022 16260
2268 1321 6032 16270
2269 1317 6042 16286
2270 1317 6046 16308
2271 1314 6054 16328
2272 1310 6066 16347
2273 1306 6071 16374
2274 1309 6075 16396
2275 1321 6080 16420
2276 1338 6086 16438
2277 1352 6091 16452
2278 1346 6101 16476
2279 1347 6109 16496
2280 1350 6116 16521
2281 1352 6122 16537
2282 1371 6131 16549
2283 1378 6133 16569
2284 1371 6146 16590
2285 1374 6152 16607
2286 1382 6159 16628
2287 1386 6171 16647
2288 1385 6178 16667
2289 1395 6180 16684
2290 1403 6187 16702
2291 1410 6191 16728
2292 1399 6200 16752
2293 1411 6201 16767
2294 1408 6208 16787
2295 1416 6217 16799
2296 1422 6225 16823
2297 1413 6241 16848
2298 1414 6249 16864
2299 1413 6258 16884
2300 1411 6264 16911
2301 1410 6276 16932
2302 1404 6286 16956
2303 1403 6296 16976
2304 1391 6307 16997
2305 1389 6315 17019
2306 1395 6324 17040
2307 1397 6341 17053
2308 1396 6352 17075
2309 1396 6363 17101
2310 1393 6370 17124
2311 1395 6383 17146
2312 1386 6393 17168
2313 1373 6403 17197
2314 1371 6413 17215
2315 1374 6420 17240
2316 1379 6427 17268
2317 1386 6432 17296
2318 1387 6443 17320
2319 1392 6452 17339
2320 1400 6460 17359
2321 1400 6466 17375
2322 1420 6473 17389
2323 1423 6477 17409
2324 1423 6484 17429
2325 1431 6494 17441
2326 1435 6505 17462
2327 1430 6518 17482
2328 1409 6532 17511
2329 1410 6543 17532
2330 1402 6554 17555
2331 1400 6566 17574
2332 1389 6578 17600
2333 1401 6588 17613
2334 1392 6599 17637
2335 1393 6607 17659
2336 1399 6612 17681
2337 1413 6615 17691
2338 1413 6627 17715
2339 1423 6633 17736
2340 1432 6640 17752
2341 1443 6650 17767
2342 1445 6659 17794
2343 1431 6668 17820
2344 1433 6680 17844
2345 1431 6690 17868
2346 1424 6699 17890
2347 1417 6708 17912
2348 1418 6716 17929
2349 1406 6727 17954
2350 1414 6733 17978
2351 1412 6741 18008
2352 1418 6750 18020
2353 1420 6757 18045
2354 1403 6767 18074
2355 1405 6773 18098
2356 1405 6780 18126
2357 1420 6788 18138
2358 1415 6795 18161
2359 1411 6801 18191
2360 1418 6806 18210
2361 1425 6808 18233
2362 1428 6817 18257
2363 1443 6822 18268
2364 1434 6826 18298
2365 1431 6829 18324
2366 1434 6838 18347
2367 1433 6840 18374
2368 1438 6849 18390
2369 1443 6858 18410
2370 1443 6869 18430
2371 1448 6880 18449
2372 1459 6885 18467
2373 1457 6895 18491
2374 1467 6903 18510
2375 1469 6914 18530
2376 1469 6924 18556
2377 1471 6933 18581
2378 1474 6937 18603
2379 1479 6947 18622
2380 1471 6961 18644
2381 1492 6965 18668
2382 1495 6971 18692
2383 1488 6981 18718
2384 1493 6986 18748
2385 1491 6994 18779
2386 1500 7003 18796
2387 1503 7012 18811
2388 1500 7018 18841
2389 1495 7031 18867
2390 1487 7044 18894
2391 1476 7060 18914
2392 1471 7070 18931
2393 1468 7078 18954
2394 1466 7089 18972
2395 1476 7096 18986
2396 1474 7104 19005
2397 1460 7116 19033
2398 1461 7123 19049
2399 1452 7138 19075
2400 1441 7152 19103
2401 1437 7161 19131
2402 1441 7169 19148
2403 1429 7179 19176
2404 1425 7188 19198
2405 1431 7197 19218
2406 1440 7211 19230
2407 1450 7217 19248
2408 1447 7221 19271
2409 1439 7233 19300
2410 1442 7243 19320
2411 1444 7248 19342
2412 1443 7261 19364
2413 1434 7271 19390
2414 1445 7278 19411
2415 1451 7285 19432
2416 1470 7293 19442
2417 1464 7303 19468
2418 1460 7318 19489
2419 1465 7326 19506
2420 1460 7337 19527
2421 1453 7349 19550
2422 1464 7355 19570
2423 1461 7361 19588
2424 1459 7368 19612
2425 1453 7375 19636
2426 1442 7382 19664
2427 1438 7387 19691
2428 1444 7396 19713
2429 1448 7401 19735
2430 1467 7409 19752
2431 1471 7421 19768
2432 1491 7427 19780
2433 1493 7436 19803
2434 1499 7442 19824
2435 1481 7459 19851
2436 1486 7465 19871
2437 1492 7475 19894
2438 1486 7485 19913
2439 1482 7496 19936
2440 1478 7502 19961
2441 1497 7511 19974
2442 1499 7516 19998
2443 1503 7524 20016
2444 1511 7532 20040
2445 1523 7540 20062
2446 1527 7547 20085
2447 1548 7553 20104
2448 1563 7558 20129
2449 1573 7564 20146
2450 1582 7566 20171
2451 1595 7572 20193
2452 1603 7579 20210
2453 1604 7587 20232
2454 1626 7592 20246
2455 1633 7596 20275
2456 1632 7603 20294
2457 1636 7610 20322
2458 1648 7618 20344
2459 1657 7624 20362
2460 1659 7629 20384
2461 1660 7633 20417
2462 1663 7644 20439
2463 1647 7654 20475
2464 1651 7660 20498
2465 1652 7667 20521
2466 1669 7672 20546
2467 1661 7687 20572
2468 1664 7699 20603
2469 1658 7711 20633
2470 1672 7716 20650
2471 1666 7726 20680
2472 1661 7732 20708
2473 1642 7742 20742
2474 1640 7756 20762
2475 1654 7762 20780
2476 1666 7768 20801
2477 1663 7782 20825
2478 1689 7789 20837
2479 1691 7797 20863
2480 1681 7811 20892
2481 1695 7820 20914
2482 1714 7825 20933
2483 1725 7834 20964
2484 1736 7845 20989
2485 1743 7852 21012
2486 1745 7862 21037
2487 1743 7872 21066
2488 1737 7885 21093
2489 1743 7892 21116
2490 1753 7897 21139
2491 1753 7910 21162
2492 1763 7916 21188
2493 1770 7923 21211
2494 1783 7931 21233
2495 1812 7934 21256
2496 1808 7944 21286
2497 1805 7948 21322
2498 1802 7956 21354
2499 1802 7969 21380
2500 1815 7980 21401
2501 1822 7992 21427
2502 1839 7998 21449
2503 1858 8006 21470
2504 1849 8019 21499
2505 1848 8032 21520
2506 1859 8047 21542
2507 1866 8057 21564
2508 1864 8072 21591
2509 1860 8085 21621
2510 1846 8101 21652
2511 1845 8108 21686
2512 1846 8121 21716
2513 1833 8133 21750
2514 1832 8144 21777
2515 1816 8159 21809
2516 1803 8174 21840
2517 1793 8188 21871
2518 1779 8198 21905
2519 1774 8210 21936
2520 1777 8221 21961
2521 1777 8232 21989
2522 1781 8242 22015
2523 1782 8255 22042
2524 1772 8273 22067
2525 1772 8289 22092
2526 1781 8297 22115
2527 1780 8309 22141
2528 1782 8322 22159
2529 1784 8332 22181
2530 1786 8340 22208
2531 1781 8353 22232
2532 1766 8368 22260
2533 1756 8374 22300
2534 1755 8386 22328
2535 1754 8395 22356
2536 1758 8409 22382
2537 1743 8426 22411
2538 1741 8437 22432
2539 1750 8448 22450
2540 1742 8459 22477
2541 1737 8471 22505
2542 1760 8477 22524
2543 1768 8485 22543
2544 1774 8495 22563
2545 1778 8504 22591
2546 1773 8511 22624
2547 1780 8520 22650
2548 1777 8532 22671
2549 1772 8548 22694
2550 1772 8559 22721
2551 1790 8563 22749
2552 1793 8572 22775
2553 1820 8576 22791
2554 1827 8586 22819
2555 1843 8596 22842
2556 1852 8610 22866
2557 1865 8618 22895
2558 1864 8627 22918
2559 1882 8637 22942
2560 1889 8645 22970
2561 1890 8655 23001
2562 1904 8660 23029
2563 1905 8668 23057
2564 1902 8683 23080
2565 1918 8691 23103
2566 1913 8699 23142
2567 1906 8716 23175
2568 1912 8720 23205
2569 1911 8728 23236
2570 1918 8738 23262
2571 1912 8746 23305
2572 1917 8759 23334
2573 1932 8768 23361
2574 1948 8778 23387
2575 1958 8786 23408
2576 1957 8793 23443
2577 1966 8798 23467
2578 1986 8802 23491
2579 1991 8814 23523
2580 2001 8824 23551
2581 1994 8834 23588
2582 2011 8844 23615
2583 2007 8857 23650
2584 1996 8869 23683
2585 1999 8886 23706
2586 1993 8903 23734
2587 1980 8917 23769
2588 1995 8923 23796
2589 2002 8935 23827
2590 2001 8942 23855
2591 1996 8956 23885
2592 1998 8964 23916
2593 2019 8975 23942
2594 1998 8988 23979
2595 1994 9000 24004
2596 2011 9013 24030
2597 2004 9023 24064
2598 2003 9033 24095
2599 2002 9046 24128
2600 1998 9058 24159
2601 1991 9071 24190
2602 1989 9081 24222
2603 2008 9087 24248
2604 2014 9095 24278
2605 2022 9106 24309
2606 2012 9121 24344
2607 2017 9130 24378
2608 2003 9142 24407
2609 2008 9151 24431
2610 1997 9162 24464
2611 1994 9168 24497
2612 1998 9178 24529
2613 2000 9192 24566
2614 2011 9203 24591
2615 2007 9217 24623
2616 1992 9235 24660
2617 2002 9241 24689
2618 2004 9246 24727
2619 2002 9258 24761
2620 2014 9266 24784
2621 2022 9277 24805
2622 2033 9288 24824
2623 2054 9300 24856
2624 2056 9312 24886
2625 2042 9324 24922
2626 2026 9339 24953
2627 2038 9351 24977
2628 2042 9366 24999
2629 2056 9376 25026
2630 2051 9392 25057
2631 2059 9405 25084
2632 2068 9414 25113
2633 2078 9426 25145
2634 2089 9433 25171
2635 2084 9441 25205
2636 2086 9447 25235
2637 2091 9457 25271
2638 2105 9467 25304
2639 2111 9476 25341
2640 2103 9489 25373
2641 2088 9503 25410
2642 2080 9517 25444
2643 2086 9529 25475
2644 2085 9545 25510
2645 2074 9559 25550
2646 2078 9572 25575
2647 2086 9579 25609
2648 2075 9594 25646
2649 2077 9609 25673
2650 2080 9618 25709
2651 2096 9631 25739
2652 2090 9647 25775
2653 2084 9661 25809
2654 2088 9672 25849
2655 2081 9686 25881
2656 2078 9709 25908
2657 2070 9724 25942
2658 2064 9733 25966
2659 2064 9740 26001
2660 2064 9751 26034
2661 2074 9762 26068
2662 2086 9767 26098
2663 2119 9777 26117
2664 2140 9784 26138
2665 2125 9799 26176
2666 2144 9809 26197
2667 2149 9826 26222
2668 2146 9837 26256
2669 2167 9845 26284
2670 2167 9858 26314
2671 2160 9872 26347
2672 2146 9879 26393
2673 2155 9886 26424
2674 2144 9904 26456
2675 2139 9914 26497
2676 2136 9927 26529
2677 2129 9942 26567
2678 2126 9951 26598
2679 2123 9959 26640
2680 2122 9971 26674
2681 2135 9985 26705
2682 2148 9998 26726
2683 2149 10011 26755
2684 2136 10025 26788
2685 2136 10040 26819
2686 2151 10053 26850
2687 2160 10063 26879
2688 2158 10074 26910
2689 2175 10080 26943
2690 2177 10094 26979
2691 2187 10101 27011
2692 2189 10114 27046
2693 2192 10128 27075
2694 2180 10139 27105
2695 2183 10149 27135
2696 2172 10160 27170
2697 2171 10172 27202
2698 2161 10185 27235
2699 2149 10195 27275
2700 2154 10207 27301
2701 2152 10214 27332
2702 2141 10221 27376
2703 2139 10235 27406
2704 2145 10246 27428
2705 2154 10256 27454
2706 2147 10271 27490
2707 2143 10283 27519
2708 2150 10289 27555
2709 2144 10300 27593
2710 2163 10307 27624
2711 2161 10318 27656
2712 2167 10326 27687
2713 2170 10334 27712
2714 2179 10342 27742
2715 2171 10358 27778
2716 2187 10370 27803
2717 2177 10382 27839
2718 2207 10392 27861
2719 2199 10407 27898
2720 2183 10420 27933
2721 2188 10438 27960
2722 2197 10450 27996
2723 2204 10466 28029
2724 2212 10476 28062
2725 2211 10489 28095
2726 2207 10494 28145
2727 2205 10506 28181
2728 2218 10518 28210
2729 2232 10528 28236
2730 2230 10547 28266
2731 2235 10559 28300
2732 2232 10577 28333
2733 2236 10589 28365
2734 2243 10600 28395
2735 2234 10620 28435
2736 2246 10633 28462
2737 2257 10643 28497
2738 2266 10662 28530
2739 2282 10675 28563
2740 2274 10685 28600
2741 2285 10695 28626
2742 2277 10714 28662
2743 2281 10729 28695
2744 2279 10739 28732
2745 2271 10753 28774
2746 2270 10770 28808
2747 2275 10784 28835
2748 2248 10797 28887
2749 2253 10813 28921
2750 2250 10827 28950
2751 2272 10840 28976
2752 2278 10856 29007
2753 2283 10874 29034
2754 2284 10888 29070
2755 2291 10899 29107
2756 2292 10917 29136
2757 2296 10928 29172
2758 2296 10942 29213
2759 2294 10953 29251
2760 2301 10964 29278
2761 2298 10977 29313
2762 2293 10991 29351
2763 2293 11000 29387
2764 2300 11006 29421
2765 2293 11020 29460
2766 2289 11036 29496
2767 2297 11045 29532
2768 2302 11054 29558
2769 2297 11072 29603
2770 2285 11086 29646
2771 2295 11094 29673
2772 2306 11105 29705
2773 2315 11121 29733
2774 2323 11133 29763
2775 2318 11147 29799
2776 2315 11161 29842
2777 2318 11173 29875
2778 2317 11182 29907
2779 2320 11196 29944
2780 2347 11207 29973
2781 2348 11225 30005
2782 2348 11237 30033
2783 2343 11248 30065
2784 2360 11261 30099
2785 2364 11268 30145
2786 2376 11277 30182
2787 2376 11291 30222
2788 2383 11306 30252
2789 2372 11325 30287
2790 2391 11334 30311
2791 2400 11345 30348
2792 2404 11356 30388
2793 2413 11373 30413
2794 2405 11389 30449
2795 2408 11401 30481
2796 2410 11413 30521
2797 2408 11431 30556
2798 2419 11442 30595
2799 2412 11453 30637
2800 2426 11464 30662
2801 2436 11476 30692
2802 2432 11486 30739
2803 2430 11499 30785
2804 2426 11517 30823
2805 2439 11534 30850
2806 2453 11547 30888
2807 2453 11558 30924
2808 2455 11570 30969
2809 2454 11587 31010
2810 2462 11595 31046
2811 2459 11609 31092
2812 2462 11624 31137
2813 2471 11634 31176
2814 2472 11651 31206
2815 2466 11671 31237
2816 2488 11681 31257
2817 2510 11694 31294
2818 2503 11707 31336
2819 2507 11720 31372
2820 2513 11730 31401
2821 2521 11741 31435
2822 2514 11751 31477
2823 2516 11763 31516
2824 2515 11784 31542
2825 2512 11799 31583
2826 2523 11819 31610
2827 2504 11828 31666
2828 2499 11845 31708
2829 2522 11855 31743
2830 2528 11865 31785
2831 2536 11876 31820
2832 2543 11887 31857
2833 2537 11902 31908
2834 2533 11915 31956
2835 2537 11929 31991
2836 2532 11946 32028
2837 2555 11955 32069
2838 2556 11965 32109
2839 2576 11980 32139
2840 2590 11995 32173
2841 2596 12017 32214
2842 2582 12039 32255
2843 2577 12053 32300
2844 2569 12071 32349
2845 2567 12085 32388
2846 2544 12102 32441
2847 2545 12117 32483
2848 2548 12133 32521
2849 2549 12148 32553
2850 2558 12159 32590
2851 2571 12174 32620
2852 2598 12184 32654
2853 2600 12199 32691
2854 2603 12219 32730
2855 2599 12238 32772
2856 2583 12248 32824
2857 2580 12267 32860
2858 2574 12278 32904
2859 2565 12295 32950
2860 2552 12309 32991
2861 2555 12324 33028
2862 2556 12336 33074
2863 2553 12348 33125
2864 2572 12362 33157
2865 2571 12383 33191
2866 2567 12403 33232
2867 2568 12421 33271
2868 2565 12445 33310
2869 2546 12464 33356
2870 2558 12476 33392
2871 2554 12498 33429
2872 2574 12513 33459
2873 2592 12532 33489
2874 2598 12541 33527
2875 2601 12556 33569
2876 2610 12566 33608
2877 2624 12580 33642
2878 2617 12593 33685
2879 2620 12609 33735
2880 2625 12625 33772
2881 2645 12642 33807
2882 2635 12656 33857
2883 2637 12667 33897
2884 2645 12681 33931
2885 2662 12700 33961
2886 2663 12720 34001
2887 2666 12740 34042
2888 2670 12752 34084
2889 2673 12766 34118
2890 2661 12782 34165
2891 2640 12803 34211
2892 2623 12823 34251
2893 2615 12838 34296
2894 2623 12850 34339
2895 2620 12869 34380
2896 2644 12880 34412
2897 2644 12896 34449
2898 2662 12913 34484
2899 2658 12933 34525
2900 2683 12943 34554
2901 2677 12960 34603
2902 2688 12974 34646
2903 2692 12988 34693
2904 2669 13006 34736
2905 2672 13020 34770
2906 2675 13042 34803
2907 2667 13058 34848
2908 2671 13069 34894
2909 2672 13080 34932
2910 2693 13091 34977
2911 2706 13098 35013
2912 2704 13120 35055
2913 2718 13131 35093
2914 2718 13147 35125
2915 2724 13159 35166
2916 2705 13178 35214
2917 2700 13195 35259
2918 2694 13209 35300
2919 2709 13222 35336
2920 2725 13232 35371
2921 2721 13248 35416
2922 2728 13269 35449
2923 2735 13287 35482
2924 2753 13296 35522
2925 2755 13310 35555
2926 2770 13327 35591
2927 2750 13345 35644
2928 2766 13352 35683
2929 2773 13367 35716
2930 2775 13381 35763
2931 2781 13390 35801
2932 2779 13408 35846
2933 2793 13421 35892
2934 2800 13437 35942
2935 2795 13461 35984
2936 2820 13471 36013
2937 2815 13496 36050
2938 2825 13516 36091
2939 2821 13543 36135
2940 2835 13555 36170
2941 2843 13572 36211
2942 2852 13586 36242
2943 2857 13605 36280
2944 2834 13625 36331
2945 2824 13639 36374
2946 2834 13657 36411
2947 2839 13670 36458
2948 2839 13690 36504
2949 2853 13705 36544
2950 2859 13717 36587
2951 2871 13728 36635
2952 2886 13741 36684
2953 2893 13757 36722
2954 2874 13779 36770
2955 2887 13791 36813
2956 2884 13812 36860
2957 2892 13826 36906
2958 2890 13837 36963
2959 2903 13855 36995
2960 2922 13869 37033
2961 2944 13891 37070
2962 2938 13904 37118
2963 2952 13922 37167
2964 2972 13933 37210
2965 2976 13951 37259
2966 2976 13970 37300
2967 2979 13984 37355
2968 2982 13997 37405
2969 2981 14017 37461
2970 2985 14032 37504
2971 2988 14053 37549
2972 3015 14067 37583
2973 3015 14084 37621
2974 3027 14106 37664
2975 3036 14116 37711
2976 3040 14136 37756
2977 3035 14159 37811
2978 3044 14173 37859
2979 3053 14190 37896
2980 3037 14209 37958
2981 3059 14224 38006
2982 3055 14249 38054
2983 3085 14257 38095
2984 3097 14275 38143
2985 3090 14288 38200
2986 3096 14305 38242
2987 3082 14328 38296
2988 3069 14355 38337
2989 3073 14371 38378
2990 3057 14394 38439
2991 3050 14409 38490
2992 3062 14423 38531
2993 3073 14437 38581
2994 3071 14453 38627
2995 3062 14476 38671
2996 3060 14492 38720
2997 3046 14513 38773
2998 3057 14527 38817
2999 3023 14555 38870
3000 3033 14571 38904
3001 3037 14591 38948
3002 3045 14607 38988
3003 3039 14631 39040
3004 3045 14643 39090
3005 3035 14665 39135
3006 3042 14684 39180
3007 3039 14705 39229
3008 3039 14720 39276
3009 3060 14734 39310
3010 3066 14751 39355
3011 3083 14765 39395
3012 3087 14786 39442
3013 3089 14807 39501
3014 3072 14827 39559
3015 3085 14841 39595
3016 3085 14859 39641
3017 3088 14873 39688
3018 3072 14895 39741
3019 3093 14907 39775
3020 3107 14922 39814
3021 3087 14944 39869
3022 3092 14965 39923
3023 3096 14981 39968
3024 3098 14993 40016
3025 3104 15007 40059
3026 3105 15020 40104
3027 3116 15031 40148
3028 3124 15049 40201
3029 3132 15064 40253
3030 3147 15082 40289
3031 3165 15095 40325
3032 3160 15116 40377
3033 3169 15133 40427
3034 3171 15146 40479
3035 3181 15159 40529
3036 3180 15174 40581
3037 3203 15184 40621
3038 3199 15202 40677
3039 3203 15214 40724
3040 3199 15237 40764
3041 3203 15251 40801
3042 3198 15272 40843
3043 3226 15287 40885
3044 3221 15306 40931
3045 3229 15325 40979
3046 3215 15343 41028
3047 3213 15359 41075
3048 3222 15369 41126
3049 3212 15390 41178
3050 3201 15402 41234
3051 3194 15420 41280
3052 3203 15429 41334
3053 3202 15450 41384
3054 3195 15474 41432
3055 3201 15494 41479
3056 3201 15516 41527
3057 3196 15535 41584
3058 3199 15551 41646
3059 3187 15579 41699
3060 3187 15605 41743
3061 3185 15627 41788
3062 3192 15652 41837
3063 3204 15670 41884
3064 3215 15680 41929
3065 3201 15704 41969
3066 3206 15720 42019
3067 3214 15736 42068
3068 3212 15751 42119
3069 3216 15770 42170
3070 3215 15792 42221
3071 3236 15810 42259
3072 3256 15826 42299
3073 3273 15847 42342
3074 3270 15865 42397
3075 3280 15884 42442
3076 3303 15902 42486
3077 3316 15924 42535
3078 3330 15935 42581
3079 3317 15963 42631
3080 3313 15983 42683
3081 3296 15998 42736
3082 3308 16015 42778
3083 3317 16038 42832
3084 3304 16060 42887
3085 3307 16081 42936
3086 3299 16097 42992
3087 3314 16117 43040
3088 3328 16142 43073
3089 3341 16166 43115
3090 3344 16187 43165
3091 3342 16209 43213
3092 3345 16230 43265
3093 3350 16247 43321
3094 3377 16263 43358
3095 3389 16286 43390
3096 3419 16296 43429
3097 3418 16313 43475
3098 3436 16331 43530
3099 3428 16355 43584
3100 3431 16373 43640
3101 3444 16389 43695
3102 3421 16416 43746
3103 3425 16434 43801
3104 3424 16458 43858
3105 3430 16488 43900
3106 3438 16503 43954
3107 3440 16521 44005
3108 3425 16549 44059
3109 3419 16560 44112
3110 3440 16580 44153
3111 3448 16599 44206
3112 3434 16611 44272
3113 3442 16625 44330
3114 3446 16651 44372
3115 3451 16676 44417
3116 3439 16698 44473
3117 3412 16730 44528
3118 3389 16754 44595
3119 3372 16776 44649
3120 3383 16803 44691
3121 3388 16822 44741
3122 3412 16834 44779
3123 3424 16852 44823
3124 3432 16868 44880
3125 3447 16887 44931
3126 3438 16911 44985
3127 3453 16927 45034
3128 3425 16950 45108
3129 3422 16980 45152
3130 3422 16997 45203
3131 3434 17020 45249
3132 3429 17040 45306
3133 3436 17058 45347
3134 3468 17075 45383
3135 3487 17094 45422
3136 3490 17112 45481
3137 3484 17130 45527
3138 3472 17149 45584
3139 3477 17167 45637
3140 3491 17182 45689
3141 3489 17204 45752
3142 3496 17228 45804
3143 3510 17246 45856
3144 3513 17273 45914
3145 3532 17294 45954
3146 3541 17314 46001
3147 3531 17336 46052
3148 3538 17355 46116
3149 3544 17373 46166
3150 3562 17388 46209
3151 3572 17408 46254
3152 3575 17425 46299
3153 3594 17443 46352
3154 3600 17461 46406
3155 3609 17480 46451
3156 3622 17500 46500
3157 3636 17522 46558
3158 3651 17546 46605
3159 3677 17563 46657
3160 3688 17576 46700
3161 3702 17600 46757
3162 3691 17623 46818
3163 3701 17640 46865
3164 3709 17667 46917
3165 3717 17691 46970
3166 3716 17713 47027
3167 3713 17733 47085
3168 3704 17759 47129
3169 3709 17785 47187
3170 3726 17809 47240
3171 3700 17829 47316
3172 3699 17845 47373
3173 3696 17866 47430
3174 3695 17884 47483
3175 3690 17909 47541
3176 3702 17931 47593
3177 3700 17957 47652
3178 3709 17968 47726
3179 3712 17982 47797
3180 3720 18005 47842
3181 3737 18018 47895
3182 3767 18030 47945
3183 3768 18047 47998
3184 3780 18070 48054
3185 3793 18085 48120
3186 3793 18104 48181
3187 3796 18120 48248
3188 3810 18135 48301
3189 3824 18159 48351
3190 3824 18177 48421
3191 3836 18196 48469
3192 3835 18217 48532
3193 3829 18245 48588
3194 3848 18261 48650
3195 3857 18280 48707
3196 3862 18302 48765
3197 3857 18320 48818
3198 3846 18342 48888
3199 3847 18366 48949
3200 3876 18384 48998
3201 3864 18411 49055
3202 3881 18439 49104
3203 3889 18455 49154
3204 3892 18474 49212
3205 3908 18491 49271
3206 3910 18519 49324
3207 3913 18547 49376
3208 3926 18569 49429
3209 3919 18591 49496
3210 3918 18622 49558
3211 3934 18642 49605
3212 3931 18662 49671
3213 3919 18684 49733
3214 3936 18705 49786
3215 3931 18718 49852
3216 3934 18743 49910
3217 3931 18776 49968
3218 3916 18795 50039
3219 3923 18819 50094
3220 3931 18842 50159
3221 3944 18861 50210
3222 3931 18891 50271
3223 3933 18908 50333
3224 3924 18935 50401
3225 3942 18958 50455
3226 3938 18984 50514
3227 3960 19001 50566
3228 3970 19032 50626
3229 3957 19057 50700
3230 3952 19069 50769
3231 3967 19098 50814
3232 3993 19117 50857
3233 4004 19136 50917
3234 4016 19165 50976
3235 4014 19193 51032
3236 4025 19213 51087
3237 4056 19232 51133
3238 4059 19253 51198
3239 4050 19277 51265
3240 4056 19306 51333
3241 4058 19325 51404
3242 4049 19349 51477
3243 4053 19367 51539
3244 4064 19382 51604
3245 4043 19412 51678
3246 4054 19441 51736
3247 4067 19470 51800
3248 4081 19494 51856
3249 4094 19514 51919
3250 4095 19535 51982
3251 4094 19561 52043
3252 4086 19584 52120
3253 4086 19600 52193
3254 4092 19635 52242
3255 4086 19666 52297
3256 4093 19686 52361
3257 4091 19720 52419
3258 4071 19739 52499
3259 4066 19766 52559
3260 4070 19796 52625
3261 4058 19824 52697
3262 4038 19847 52768
3263 4046 19872 52816
3264 4056 19899 52872
3265 4064 19914 52932
3266 4085 19931 53000
3267 4099 19953 53061
3268 4137 19970 53113
3269 4156 19991 53173
3270 4158 20013 53240
3271 4145 20035 53302
3272 4155 20064 53353
3273 4169 20083 53408
3274 4172 20104 53465
3275 4174 20128 53540
3276 4179 20147 53606
3277 4179 20175 53685
3278 4180 20191 53746
3279 4184 20211 53810
3280 4173 20235 53876
3281 4202 20256 53939
3282 4196 20282 54002
3283 4204 20305 54069
3284 4214 20331 54126
3285 4207 20354 54194
3286 4220 20374 54256
3287 4219 20397 54321
3288 4224 20433 54378
3289 4230 20456 54439
3290 4245 20474 54501
3291 4261 20493 54562
3292 4240 20530 54626
3293 4237 20564 54690
3294 4252 20585 54749
3295 4252 20612 54814
3296 4248 20636 54876
3297 4276 20653 54932
3298 4293 20675 54979
3299 4310 20696 55051
3300 4302 20719 55125
3301 4334 20747 55187
3302 4348 20770 55259
3303 4349 20793 55328
3304 4342 20825 55384
3305 4339 20850 55458
3306 4344 20881 55520
3307 4343 20909 55590
3308 4355 20933 55651
3309 4365 20953 55732
3310 4363 20974 55803
3311 4351 21000 55878
3312 4331 21033 55952
3313 4318 21059 56018
3314 4315 21078 56087
3315 4326 21105 56149
3316 4308 21122 56236
3317 4289 21147 56322
3318 4310 21165 56386
3319 4298 21191 56467
3320 4286 21216 56553
3321 4276 21255 56618
3322 4259 21283 56675
3323 4291 21302 56724
3324 4301 21333 56786
3325 4311 21357 56853
3326 4311 21373 56933
3327 4316 21395 56997
3328 4333 21425 57047
3329 4364 21451 57100
3330 4365 21479 57161
3331 4346 21502 57235
3332 4343 21527 57317
3333 4349 21550 57387
3334 4361 21573 57460
3335 4352 21606 57527
3336 4347 21627 57597
3337 4366 21654 57646
3338 4348 21684 57715
3339 4364 21703 57779
3340 4372 21733 57830
3341 4391 21757 57893
3342 4395 21787 57963
3343 4395 21811 58024
3344 4410 21833 58087
3345 4412 21859 58150
3346 4422 21886 58220
3347 4417 21912 58282
3348 4423 21936 58348
3349 4420 21966 58405
3350 4404 21994 58496
3351 4401 22023 58559
3352 4389 22056 58629
3353 4398 22079 58701
3354 4421 22101 58766
3355 4447 22117 58825
3356 4451 22135 58902
3357 4446 22162 58969
3358 4459 22186 59032
3359 4460 22212 59095
3360 4459 22242 59169
3361 4459 22263 59235
3362 4465 22287 59298
3363 4470 22308 59373
3364 4494 22335 59430
3365 4500 22362 59499
3366 4522 22382 59564
3367 4544 22404 59621
3368 4522 22429 59712
3369 4539 22446 59776
3370 4550 22476 59842
3371 4569 22495 59914
3372 4575 22515 59991
3373 4585 22539 60051
3374 4585 22564 60126
3375 4590 22588 60212
3376 4586 22616 60288
3377 4580 22655 60354
3378 4575 22684 60422
3379 4575 22704 60496
3380 4578 22734 60568
3381 4599 22762 60626
3382 4601 22796 60684
3383 4625 22821 60754
3384 4642 22849 60816
3385 4655 22871 60888
3386 4644 22896 60971
3387 4658 22928 61046
3388 4665 22960 61099
3389 4653 22990 61171
3390 4655 23012 61245
3391 4677 23028 61315
3392 4684 23063 61387
3393 4701 23088 61455
3394 4712 23110 61526
3395 4692 23135 61620
3396 4697 23162 61682
3397 4704 23184 61754
3398 4738 23215 61808
3399 4743 23238 61884
3400 4752 23263 61953
3401 4751 23290 62029
3402 4760 23315 62098
3403 4773 23346 62165
3404 4779 23368 62241
3405 4788 23390 62312
3406 4777 23422 62391
3407 4773 23447 62473
3408 4780 23481 62536
3409 4796 23505 62600
3410 4796 23534 62670
3411 4785 23562 62753
3412 4788 23598 62818
3413 4797 23616 62889
3414 4815 23636 62961
3415 4816 23668 63038
3416 4821 23694 63112
3417 4857 23718 63185
3418 4884 23742 63253
3419 4918 23764 63322
3420 4957 23781 63385
3421 4967 23800 63465
3422 4970 23840 63542
3423 4979 23880 63608
3424 5001 23902 63682
