0 50 0 0
1 49 1 2
2 48 1 3
3 44 3 5
4 44 3 6
5 44 3 6
6 46 3 7
7 46 3 7
8 46 3 7
9 45 4 8
10 46 4 8
11 48 4 8
12 49 4 8
13 49 4 8
14 51 4 8
15 52 4 8
16 49 5 10
17 49 7 11
18 49 8 11
19 49 8 12
20 51 8 12
21 50 9 12
22 48 10 13
23 45 10 17
24 44 11 17
25 44 11 17
26 43 11 18
27 43 12 18
28 44 12 18
29 45 12 18
30 43 12 20
31 43 12 20
32 43 12 20
33 44 12 21
34 45 12 22
35 46 12 22
36 47 12 22
37 48 12 22
38 47 12 24
39 47 12 24
40 49 12 24
41 52 12 24
42 49 13 26
43 49 13 28
44 47 14 30
45 45 15 32
46 46 15 34
47 47 15 34
48 45 15 36
49 44 15 37
50 44 15 37
51 42 15 39
52 42 15 39
53 41 15 40
54 41 15 40
55 41 16 40
56 41 16 40
57 41 16 40
58 42 16 40
59 42 16 40
60 42 16 40
61 42 16 40
62 42 16 40
63 43 16 40
64 42 16 41
65 43 16 43
66 43 16 44
67 43 17 46
68 41 17 48
69 41 17 48
70 40 18 49
71 39 18 50
72 39 18 50
73 39 18 50
74 38 19 50
75 37 19 51
76 36 20 51
77 35 20 52
78 35 20 52
79 34 20 54
80 38 20 54
81 39 20 54
82 40 20 54
83 40 20 55
84 41 20 56
85 41 20 57
86 41 20 59
87 42 20 60
88 44 20 60
89 43 20 61
90 47 20 61
91 47 21 61
92 47 21 62
93 47 22 63
94 46 22 65
95 46 22 65
96 47 22 66
97 48 22 67
98 48 22 67
99 49 22 67
100 50 22 67
101 48 22 69
102 50 22 69
103 49 22 70
104 49 22 70
105 50 23 70
106 51 24 70
107 49 25 71
108 48 25 72
109 48 25 72
110 48 25 73
111 48 25 73
112 49 25 73
113 50 25 73
114 49 26 73
115 50 27 73
116 48 27 75
117 48 27 76
118 46 29 76
119 48 29 76
120 46 30 77
121 46 31 78
122 46 31 81
123 47 31 82
124 47 32 83
125 48 32 83
126 50 33 83
127 51 33 84
128 52 33 84
129 53 33 84
130 51 34 86
131 52 34 86
132 53 34 86
133 53 34 87
134 53 34 88
135 52 36 90
136 52 37 90
137 52 37 92
138 50 38 93
139 52 38 93
140 52 39 93
141 51 39 94
142 52 40 94
143 53 40 94
144 54 40 95
145 55 41 95
146 52 43 96
147 52 44 96
148 51 45 98
149 53 45 99
150 53 45 100
151 53 45 101
152 52 45 103
153 51 45 104
154 53 45 104
155 53 45 105
156 52 45 107
157 53 45 107
158 53 46 107
159 54 46 107
160 54 46 107
161 54 46 109
162 53 47 111
163 51 49 111
164 53 49 111
165 54 50 111
166 54 51 112
167 55 51 113
168 56 52 113
169 56 52 114
170 54 52 116
171 53 52 119
172 54 52 120
173 54 53 120
174 56 53 120
175 56 53 120
176 58 53 120
177 57 54 121
178 55 56 122
179 55 56 122
180 58 56 122
181 59 56 123
182 59 56 123
183 59 56 123
184 62 56 123
185 59 58 124
186 60 58 125
187 60 58 127
188 58 58 130
189 58 58 131
190 58 60 132
191 55 62 134
192 57 62 134
193 56 63 135
194 57 63 136
195 58 63 137
196 53 64 141
197 52 65 141
198 51 66 142
199 52 66 142
200 53 67 142
201 55 68 142
202 58 69 142
203 59 70 142
204 57 70 144
205 58 70 145
206 57 71 145
207 59 71 146
208 58 71 147
209 58 71 147
210 57 72 148
211 55 72 150
212 54 73 151
213 54 73 152
214 54 73 152
215 54 73 153
216 50 73 157
217 50 74 157
218 51 74 158
219 51 74 159
220 51 74 160
221 50 74 161
222 51 74 161
223 51 74 162
224 53 74 162
225 54 74 162
226 56 74 162
227 53 76 163
228 50 77 165
229 49 77 166
230 45 78 169
231 45 79 170
232 45 79 171
233 47 79 171
234 46 80 171
235 46 80 171
236 46 80 171
237 47 80 171
238 48 80 171
239 46 80 173
240 48 80 173
241 48 80 174
242 47 80 176
243 47 81 176
244 46 81 177
245 46 82 177
246 47 82 177
247 49 82 177
248 49 82 177
249 52 82 177
250 54 83 178
251 52 84 179
252 52 84 180
253 52 85 180
254 52 86 180
255 52 86 181
256 51 86 182
257 51 86 182
258 52 86 182
259 52 86 184
260 53 86 184
261 52 86 186
262 51 86 188
263 54 86 188
264 57 86 188
265 58 86 188
266 61 86 188
267 62 86 189
268 63 86 189
269 63 86 190
270 65 86 190
271 66 86 190
272 67 86 191
273 68 86 192
274 71 86 192
275 71 87 193
276 72 87 193
277 75 88 194
278 75 89 195
279 75 89 196
280 77 89 197
281 77 89 197
282 80 89 197
283 82 90 197
284 82 90 199
285 83 90 199
286 82 90 201
287 82 91 203
288 86 91 204
289 86 91 205
290 85 91 207
291 87 91 208
292 86 93 209
293 85 95 210
294 86 95 211
295 89 95 211
296 94 95 211
297 94 95 212
298 93 95 214
299 95 96 214
300 96 97 215
301 96 97 216
302 98 97 217
303 99 97 218
304 102 97 220
305 102 98 222
306 104 98 223
307 108 98 223
308 112 98 223
309 114 98 223
310 117 98 223
311 114 99 226
312 110 102 228
313 107 104 231
314 105 106 233
315 104 107 233
316 99 108 238
317 98 110 241
318 93 111 246
319 95 111 246
320 96 111 247
321 96 113 248
322 92 114 255
323 92 114 258
324 91 115 259
325 90 116 260
326 94 116 261
327 93 117 261
328 97 118 262
329 95 119 263
330 96 121 263
331 96 123 264
332 96 123 266
333 96 125 266
334 98 125 266
335 99 125 266
336 98 127 267
337 98 128 267
338 95 131 268
339 96 132 269
340 96 132 271
341 95 132 272
342 93 133 274
343 93 134 274
344 93 136 275
345 94 136 277
346 94 136 277
347 93 137 279
348 93 137 281
349 94 137 282
350 95 138 283
351 98 138 284
352 101 138 284
353 102 139 284
354 105 139 285
355 100 141 288
356 99 141 291
357 100 142 293
358 103 142 295
359 103 142 297
360 101 142 301
361 101 142 303
362 100 143 304
363 101 143 305
364 101 143 306
365 100 143 310
366 98 143 312
367 98 143 315
368 100 143 317
369 99 143 321
370 98 146 322
371 98 147 323
372 98 148 323
373 99 149 325
374 100 150 328
375 99 151 330
376 98 151 333
377 97 153 334
378 97 155 334
379 94 155 337
380 94 157 337
381 95 158 338
382 98 159 338
383 95 160 340
384 95 161 340
385 93 162 343
386 93 162 344
387 92 162 346
388 93 162 346
389 92 164 347
390 91 165 347
391 91 165 349
392 92 166 350
393 91 168 351
394 93 168 351
395 94 168 353
396 92 170 355
397 92 170 357
398 90 171 359
399 90 171 359
400 90 171 361
401 89 172 363
402 89 173 364
403 92 173 364
404 93 174 365
405 94 174 367
406 92 177 370
407 91 177 371
408 94 177 373
409 93 177 375
410 92 178 377
411 92 178 378
412 92 178 378
413 89 180 379
414 89 181 379
415 89 181 381
416 91 182 381
417 87 184 386
418 87 185 386
419 85 186 387
420 84 187 388
421 87 187 388
422 85 187 391
423 87 187 391
424 82 190 393
425 80 191 394
426 79 192 396
427 77 193 400
428 76 194 400
429 73 196 401
430 71 199 401
431 73 200 401
432 74 200 403
433 73 203 403
434 74 204 404
435 76 205 404
436 77 205 405
437 80 205 405
438 77 206 407
439 78 206 409
440 75 206 412
441 74 206 414
442 69 207 419
443 67 209 420
444 69 209 420
445 70 210 420
446 68 210 422
447 66 212 424
448 67 212 426
449 65 212 429
450 65 214 429
451 66 214 431
452 66 214 431
453 66 214 432
454 68 214 432
455 68 214 434
456 68 215 434
457 68 215 434
458 69 215 435
459 68 216 436
460 65 217 438
461 65 217 439
462 60 219 442
463 60 219 443
464 59 219 445
465 56 220 448
466 57 220 448
467 58 220 448
468 60 220 448
469 59 220 449
470 61 220 450
471 62 220 450
472 64 220 450
473 64 222 451
474 64 222 451
475 65 222 452
476 66 222 453
477 69 223 453
478 73 223 453
479 74 223 455
480 73 224 456
481 74 224 456
482 75 224 458
483 76 224 458
484 77 224 460
485 74 224 464
486 74 224 465
487 74 224 466
488 77 224 466
489 78 224 467
490 77 225 468
491 77 225 470
492 77 225 470
493 77 225 471
494 78 225 472
495 80 225 472
496 79 225 474
497 81 225 474
498 82 225 474
499 82 226 474
500 82 226 477
501 83 226 478
502 83 227 478
503 83 227 479
504 84 227 480
505 87 227 481
506 85 227 483
507 86 227 484
508 87 227 486
509 87 227 487
510 91 228 487
511 92 228 489
512 93 228 489
513 95 228 489
514 97 228 490
515 99 228 491
516 100 229 491
517 101 229 492
518 100 230 495
519 100 230 498
520 99 231 499
521 96 232 501
522 99 232 501
523 99 232 504
524 98 232 506
525 96 232 508
526 94 233 510
527 91 236 510
528 93 236 512
529 95 237 513
530 93 238 515
531 92 239 516
532 90 240 518
533 89 241 519
534 89 242 522
535 89 242 524
536 91 243 524
537 88 245 527
538 85 248 528
539 85 248 530
540 84 250 531
541 83 252 533
542 84 252 534
543 84 252 534
544 82 253 536
545 81 254 537
546 79 254 539
547 80 254 540
548 80 255 541
549 79 258 541
550 78 258 543
551 75 258 547
552 73 259 549
553 75 260 550
554 73 261 552
555 72 262 553
556 74 262 553
557 77 262 553
558 74 264 555
559 76 264 555
560 76 264 557
561 77 264 557
562 75 264 559
563 78 264 560
564 79 264 561
565 80 264 564
566 82 266 564
567 82 266 565
568 83 266 565
569 82 268 566
570 82 269 566
571 81 269 568
572 80 269 569
573 77 270 571
574 76 271 572
575 75 271 574
576 74 271 575
577 73 272 575
578 71 272 577
579 71 273 577
580 70 273 578
581 69 274 579
582 68 274 581
583 69 274 582
584 67 276 584
585 68 276 585
586 67 277 585
587 67 278 585
588 67 278 585
589 68 278 585
590 64 279 588
591 63 279 589
592 63 279 589
593 63 279 589
594 62 279 591
595 61 279 592
596 61 280 594
597 61 281 595
598 60 281 596
599 62 281 596
600 62 281 596
601 61 281 598
602 61 281 599
603 59 281 601
604 61 281 601
605 64 281 601
606 64 282 601
607 64 282 602
608 66 282 602
609 62 285 603
610 60 286 604
611 61 286 605
612 59 287 607
613 59 287 608
614 60 287 609
615 58 288 610
616 59 288 610
617 58 289 610
618 60 289 610
619 61 289 611
620 60 289 612
621 63 289 612
622 64 289 612
623 67 289 612
624 68 289 613
625 68 289 614
626 66 290 616
627 68 290 617
628 68 291 617
629 67 291 619
630 67 291 621
631 69 291 623
632 66 291 626
633 68 292 626
634 68 292 626
635 67 292 628
636 68 292 629
637 69 292 629
638 71 292 630
639 71 292 631
640 71 292 632
641 70 293 632
642 70 294 632
643 70 295 633
644 73 295 633
645 74 296 633
646 78 296 634
647 79 296 635
648 78 298 636
649 78 298 638
650 81 298 638
651 83 298 638
652 81 298 640
653 80 298 642
654 81 298 643
655 81 298 644
656 81 298 645
657 79 299 647
658 79 299 647
659 79 299 648
660 77 300 649
661 76 300 651
662 75 301 652
663 75 301 655
664 79 301 655
665 80 301 658
666 82 301 660
667 81 301 662
668 79 302 664
669 78 302 665
670 78 302 665
671 78 304 666
672 80 304 667
673 78 304 669
674 79 304 670
675 79 305 670
676 83 305 671
677 87 305 672
678 87 305 673
679 92 306 673
680 92 306 674
681 88 308 678
682 89 308 678
683 90 308 679
684 90 308 681
685 92 308 681
686 91 308 684
687 89 309 687
688 88 309 690
689 89 309 692
690 89 309 692
691 87 309 694
692 90 309 695
693 89 309 697
694 92 310 697
695 95 310 697
696 95 310 699
697 94 310 702
698 93 310 704
699 94 310 706
700 97 310 706
701 98 310 706
702 96 310 709
703 97 310 710
704 93 311 714
705 95 311 715
706 96 311 717
707 93 311 721
708 92 311 722
709 90 311 724
710 92 311 725
711 95 311 725
712 95 312 727
713 98 312 728
714 98 312 729
715 99 312 730
716 98 312 731
717 98 314 731
718 97 314 733
719 97 314 733
720 98 314 735
721 96 314 739
722 93 316 741
723 93 316 742
724 94 316 743
725 95 316 744
726 90 316 749
727 89 316 750
728 90 316 751
729 91 316 753
730 90 316 756
731 86 317 759
732 87 318 761
733 87 319 761
734 87 319 764
735 88 319 764
736 86 319 767
737 87 320 767
738 86 322 768
739 84 322 771
740 85 323 772
741 83 325 772
742 82 326 773
743 80 328 774
744 78 329 775
745 79 329 777
746 80 329 778
747 81 329 779
748 79 329 783
749 80 329 784
750 75 331 787
751 71 331 792
752 73 331 792
753 74 331 792
754 76 332 792
755 77 334 794
756 78 334 795
757 80 335 795
758 81 336 795
759 75 337 800
760 75 337 801
761 75 339 802
762 77 339 803
763 79 339 803
764 80 339 806
765 76 343 807
766 78 343 808
767 78 343 809
768 79 344 810
769 78 344 811
770 77 344 813
771 77 344 814
772 78 344 815
773 79 344 815
774 78 344 817
775 78 345 821
776 79 345 822
777 78 345 823
778 79 346 824
779 81 346 825
780 82 347 826
781 82 347 827
782 80 347 830
783 78 347 832
784 76 347 834
785 75 347 835
786 74 348 836
787 74 349 836
788 73 351 836
789 75 351 836
790 75 351 836
791 75 351 836
792 77 352 836
793 75 353 838
794 74 354 839
795 76 354 840
796 75 354 842
797 77 354 843
798 79 356 844
799 76 358 845
800 79 358 845
801 80 358 846
802 81 358 846
803 81 358 847
804 78 359 850
805 78 360 852
806 79 360 854
807 81 361 855
808 80 361 857
809 81 362 857
810 81 362 858
811 84 363 858
812 87 364 858
813 87 365 859
814 87 366 859
815 88 368 859
816 92 368 859
817 90 369 861
818 89 371 862
819 89 371 863
820 91 371 865
821 91 372 865
822 90 372 866
823 87 373 868
824 89 374 868
825 91 374 869
826 89 375 871
827 88 376 872
828 88 377 872
829 87 378 873
830 86 379 874
831 83 381 875
832 83 381 876
833 84 381 876
834 85 382 879
835 83 382 882
836 83 383 882
837 82 384 884
838 82 384 886
839 83 384 886
840 82 385 886
841 83 385 888
842 82 385 891
843 79 385 894
844 80 386 895
845 80 386 896
846 77 387 898
847 74 388 900
848 74 388 900
849 73 388 902
850 77 388 902
851 75 389 904
852 76 389 905
853 76 389 905
854 78 391 906
855 76 391 909
856 74 393 911
857 76 393 911
858 78 393 912
859 80 393 912
860 84 393 912
861 83 394 913
862 81 395 914
863 81 395 915
864 80 395 916
865 80 395 917
866 81 395 917
867 81 396 918
868 80 396 920
869 80 397 921
870 80 398 921
871 82 398 921
872 81 398 922
873 83 398 922
874 82 400 923
875 83 401 923
876 85 401 923
877 86 402 924
878 87 402 926
879 88 403 926
880 90 404 927
881 90 405 928
882 90 405 929
883 94 406 929
884 96 406 930
885 95 406 932
886 95 406 934
887 96 407 935
888 93 409 937
889 93 409 940
890 94 409 941
891 93 409 942
892 93 409 944
893 93 409 945
894 93 409 946
895 92 409 948
896 93 409 950
897 95 409 951
898 95 409 951
899 100 409 952
900 99 410 955
901 97 411 957
902 96 411 960
903 95 412 961
904 94 413 962
905 96 413 963
906 97 413 963
907 98 413 964
908 100 413 967
909 100 414 968
910 101 414 971
911 103 414 973
912 104 414 975
913 104 414 976
914 102 416 979
915 102 416 981
916 102 416 981
917 102 416 983
918 102 416 985
919 100 416 987
920 101 416 989
921 98 416 992
922 101 416 992
923 103 417 992
924 104 417 992
925 108 417 993
926 110 418 994
927 112 418 994
928 112 418 997
929 111 418 999
930 113 418 1000
931 114 419 1000
932 112 419 1003
933 113 419 1003
934 113 420 1003
935 115 422 1004
936 116 422 1005
937 121 422 1005
938 119 424 1008
939 117 424 1011
940 114 424 1016
941 112 425 1018
942 113 425 1018
943 109 425 1024
944 112 425 1025
945 109 426 1027
946 108 426 1028
947 108 426 1031
948 108 427 1032
949 106 429 1034
950 106 430 1035
951 106 430 1037
952 107 430 1038
953 105 430 1041
954 108 430 1043
955 112 430 1045
956 111 431 1047
957 109 431 1051
958 108 432 1053
959 113 432 1053
960 113 433 1054
961 113 433 1056
962 114 433 1058
963 118 433 1059
964 118 434 1060
965 121 434 1060
966 121 435 1061
967 119 436 1064
968 120 436 1066
969 119 438 1068
970 117 438 1071
971 123 438 1071
972 122 440 1073
973 123 440 1075
974 122 441 1076
975 125 441 1078
976 129 441 1078
977 130 442 1081
978 129 443 1082
979 132 443 1083
980 127 444 1089
981 127 444 1092
982 129 444 1094
983 128 444 1096
984 129 444 1100
985 129 444 1104
986 129 445 1107
987 128 445 1111
988 129 445 1114
989 127 446 1116
990 126 446 1118
991 127 446 1120
992 125 448 1122
993 126 448 1123
994 122 448 1127
995 118 450 1130
996 115 450 1135
997 115 451 1137
998 115 451 1139
999 113 451 1142
1000 113 451 1145
1001 110 452 1148
1002 110 452 1148
1003 107 452 1152
1004 105 452 1156
1005 106 452 1156
1006 104 453 1159
1007 107 453 1160
1008 106 455 1161
1009 107 455 1164
1010 108 455 1166
1011 108 455 1168
1012 108 456 1169
1013 110 457 1170
1014 113 457 1170
1015 116 458 1170
1016 114 460 1172
1017 112 460 1175
1018 114 463 1176
1019 113 464 1177
1020 114 465 1177
1021 111 467 1179
1022 110 467 1181
1023 108 468 1184
1024 105 470 1186
1025 104 470 1187
1026 104 471 1189
1027 108 471 1190
1028 108 471 1192
1029 109 471 1192
1030 110 471 1194
1031 108 472 1196
1032 111 472 1197
1033 114 472 1198
1034 116 473 1199
1035 113 475 1201
1036 116 476 1201
1037 114 478 1204
1038 115 479 1204
1039 111 481 1206
1040 109 483 1207
1041 109 483 1210
1042 108 485 1210
1043 109 486 1213
1044 109 486 1216
1045 109 487 1217
1046 109 487 1218
1047 108 487 1222
1048 109 487 1222
1049 113 487 1222
1050 118 487 1222
1051 118 488 1224
1052 119 488 1225
1053 117 490 1226
1054 116 492 1228
1055 116 493 1228
1056 117 494 1229
1057 119 496 1229
1058 122 496 1229
1059 121 497 1231
1060 119 499 1233
1061 119 499 1234
1062 121 501 1235
1063 119 502 1237
1064 119 504 1240
1065 120 504 1241
1066 119 505 1244
1067 123 505 1244
1068 124 505 1246
1069 124 506 1247
1070 124 506 1249
1071 125 507 1250
1072 126 507 1253
1073 128 508 1254
1074 130 509 1255
1075 133 509 1255
1076 136 509 1257
1077 136 510 1258
1078 137 510 1261
1079 137 511 1262
1080 137 512 1263
1081 140 512 1265
1082 147 512 1266
1083 146 513 1267
1084 143 515 1270
1085 142 516 1272
1086 146 516 1272
1087 146 517 1273
1088 149 517 1273
1089 147 518 1276
1090 148 518 1279
1091 149 519 1280
1092 151 519 1280
1093 152 520 1280
1094 153 521 1282
1095 153 521 1285
1096 153 522 1287
1097 148 525 1290
1098 148 525 1293
1099 148 525 1295
1100 149 527 1295
1101 149 529 1297
1102 152 530 1298
1103 154 530 1299
1104 153 531 1302
1105 151 533 1305
1106 158 533 1305
1107 156 536 1308
1108 159 536 1309
1109 162 536 1311
1110 162 538 1312
1111 165 538 1313
1112 165 538 1318
1113 164 538 1321
1114 164 539 1323
1115 172 539 1325
1116 178 540 1327
1117 182 542 1329
1118 179 542 1336
1119 180 542 1338
1120 178 543 1341
1121 173 548 1346
1122 173 550 1347
1123 178 550 1347
1124 181 551 1348
1125 175 554 1352
1126 177 554 1354
1127 180 554 1357
1128 182 555 1357
1129 183 558 1359
1130 188 558 1362
1131 183 559 1368
1132 185 559 1369
1133 188 559 1369
1134 192 559 1369
1135 193 560 1372
1136 195 560 1373
1137 198 560 1373
1138 199 560 1376
1139 197 560 1383
1140 200 561 1387
1141 204 562 1387
1142 211 563 1387
1143 216 564 1388
1144 214 568 1391
1145 212 569 1396
1146 206 572 1403
1147 202 573 1407
1148 202 573 1414
1149 205 574 1417
1150 202 579 1421
1151 204 579 1423
1152 205 580 1426
1153 203 583 1428
1154 204 584 1429
1155 202 586 1435
1156 207 586 1437
1157 204 589 1441
1158 209 589 1441
1159 215 590 1442
1160 218 591 1444
1161 221 592 1444
1162 218 594 1449
1163 217 594 1452
1164 212 597 1457
1165 214 598 1459
1166 217 598 1462
1167 216 598 1466
1168 221 598 1468
1169 219 598 1474
1170 223 599 1478
1171 224 600 1482
1172 223 603 1486
1173 220 605 1488
1174 217 605 1495
1175 221 606 1499
1176 224 606 1501
1177 227 606 1504
1178 228 607 1508
1179 228 609 1511
1180 231 609 1513
1181 227 612 1517
1182 227 612 1521
1183 227 612 1525
1184 225 615 1528
1185 227 615 1529
1186 231 616 1531
1187 227 618 1536
1188 228 619 1538
1189 227 621 1541
1190 228 622 1544
1191 226 622 1551
1192 222 625 1555
1193 226 625 1558
1194 229 627 1562
1195 230 628 1565
1196 235 629 1567
1197 232 632 1571
1198 231 636 1572
1199 233 637 1577
1200 231 640 1582
1201 234 640 1584
1202 235 640 1586
1203 228 643 1592
1204 229 643 1595
1205 232 645 1597
1206 236 646 1600
1207 231 648 1606
1208 230 650 1608
1209 227 653 1610
1210 229 653 1612
1211 228 653 1616
1212 226 655 1622
1213 231 656 1625
1214 232 659 1627
1215 234 661 1630
1216 230 661 1634
1217 232 662 1637
1218 230 665 1640
1219 228 665 1643
1220 232 666 1647
1221 234 666 1649
1222 233 667 1652
1223 233 668 1656
1224 232 669 1659
1225 225 672 1665
1226 226 673 1666
1227 220 678 1672
1228 222 678 1676
1229 223 680 1680
1230 223 680 1683
1231 223 681 1686
1232 220 683 1690
1233 217 685 1693
1234 221 686 1694
1235 223 686 1695
1236 223 688 1697
1237 223 691 1699
1238 220 693 1703
1239 219 696 1708
1240 216 699 1714
1241 217 702 1717
1242 216 703 1723
1243 214 704 1727
1244 217 705 1731
1245 212 709 1733
1246 212 711 1735
1247 216 711 1737
1248 212 712 1743
1249 215 713 1745
1250 213 714 1749
1251 214 715 1749
1252 214 717 1750
1253 209 719 1754
1254 209 720 1757
1255 209 722 1762
1256 209 722 1767
1257 209 724 1771
1258 205 725 1777
1259 206 725 1779
1260 203 727 1781
1261 200 729 1784
1262 209 729 1786
1263 211 730 1788
1264 210 731 1790
1265 208 734 1791
1266 211 736 1792
1267 209 737 1798
1268 208 738 1801
1269 211 740 1804
1270 209 742 1807
1271 210 743 1810
1272 207 743 1815
1273 209 743 1819
1274 206 744 1824
1275 201 748 1828
1276 204 748 1830
1277 201 750 1834
1278 202 751 1836
1279 211 752 1838
1280 210 753 1840
1281 212 753 1843
1282 215 755 1843
1283 215 755 1848
1284 215 757 1851
1285 215 759 1854
1286 212 763 1859
1287 208 764 1863
1288 212 764 1865
1289 214 764 1868
1290 212 765 1871
1291 209 768 1875
1292 208 770 1877
1293 207 771 1880
1294 211 773 1881
1295 215 773 1883
1296 212 776 1884
1297 212 777 1888
1298 222 777 1888
1299 227 778 1891
1300 230 778 1894
1301 229 779 1897
1302 227 780 1899
1303 231 781 1902
1304 234 782 1903
1305 236 783 1906
1306 237 783 1911
1307 243 785 1913
1308 246 785 1916
1309 247 786 1916
1310 251 787 1917
1311 254 788 1920
1312 257 788 1924
1313 255 789 1928
1314 259 792 1931
1315 262 793 1935
1316 263 793 1938
1317 264 794 1942
1318 267 795 1943
1319 265 798 1946
1320 269 800 1948
1321 273 801 1951
1322 272 802 1956
1323 277 802 1959
1324 283 802 1965
1325 279 803 1971
1326 283 804 1976
1327 282 806 1980
1328 282 808 1983
1329 282 810 1985
1330 286 811 1990
1331 281 813 1996
1332 286 815 1998
1333 281 817 2004
1334 281 817 2009
1335 284 818 2010
1336 291 820 2013
1337 289 821 2020
1338 283 822 2028
1339 282 825 2032
1340 281 827 2038
1341 277 831 2044
1342 272 832 2053
1343 269 833 2058
1344 263 838 2064
1345 263 839 2068
1346 260 840 2074
1347 257 841 2083
1348 258 842 2086
1349 263 843 2091
1350 269 845 2092
1351 271 847 2097
1352 271 848 2102
1353 269 850 2108
1354 273 851 2110
1355 280 852 2112
1356 287 853 2114
1357 287 856 2117
1358 294 857 2120
1359 295 859 2122
1360 296 862 2125
1361 294 865 2130
1362 292 867 2134
1363 290 870 2137
1364 289 870 2142
1365 293 870 2148
1366 295 870 2150
1367 296 871 2151
1368 297 875 2155
1369 290 876 2164
1370 291 876 2169
1371 295 876 2172
1372 296 876 2175
1373 298 876 2179
1374 297 879 2185
1375 295 881 2188
1376 298 881 2192
1377 298 883 2197
1378 298 884 2202
1379 297 885 2206
1380 298 886 2211
1381 303 887 2214
1382 308 888 2216
1383 306 888 2222
1384 307 890 2227
1385 308 891 2233
1386 310 892 2237
1387 311 894 2239
1388 305 895 2247
1389 310 897 2247
1390 315 898 2251
1391 313 902 2254
1392 311 902 2262
1393 312 904 2266
1394 317 905 2269
1395 327 905 2271
1396 331 908 2273
1397 333 912 2277
1398 332 914 2284
1399 330 914 2291
1400 337 916 2295
1401 332 920 2300
1402 331 922 2306
1403 329 923 2312
1404 335 926 2314
1405 336 927 2324
1406 340 929 2326
1407 341 931 2328
1408 352 933 2328
1409 359 934 2332
1410 356 936 2341
1411 352 938 2348
1412 352 939 2354
1413 355 940 2355
1414 357 941 2359
1415 352 943 2367
1416 352 943 2372
1417 358 943 2377
1418 349 946 2387
1419 345 947 2394
1420 341 948 2403
1421 345 949 2407
1422 347 950 2414
1423 348 952 2418
1424 345 953 2430
1425 350 954 2433
1426 351 956 2443
1427 347 958 2447
1428 337 963 2456
1429 340 965 2460
1430 342 967 2461
1431 344 969 2465
1432 347 969 2471
1433 349 973 2476
1434 350 975 2483
1435 347 980 2486
1436 348 982 2492
1437 338 989 2501
1438 336 991 2507
1439 330 995 2511
1440 331 997 2517
1441 333 998 2521
1442 336 1000 2526
1443 332 1002 2533
1444 333 1002 2535
1445 336 1005 2540
1446 333 1010 2547
1447 328 1013 2552
1448 332 1014 2555
1449 338 1016 2558
1450 343 1017 2561
1451 347 1018 2566
1452 346 1020 2574
1453 346 1022 2579
1454 350 1024 2583
1455 350 1024 2589
1456 358 1024 2593
1457 361 1025 2596
1458 360 1025 2607
1459 366 1026 2610
1460 364 1031 2614
1461 367 1032 2618
1462 369 1034 2621
1463 367 1038 2628
1464 369 1039 2631
1465 368 1041 2636
1466 373 1042 2639
1467 369 1045 2645
1468 372 1046 2650
1469 372 1051 2653
1470 381 1052 2657
1471 383 1053 2663
1472 376 1058 2669
1473 376 1059 2677
1474 378 1060 2683
1475 377 1063 2691
1476 384 1067 2696
1477 382 1069 2701
1478 380 1071 2710
1479 377 1072 2719
1480 372 1075 2727
1481 370 1077 2735
1482 369 1081 2741
1483 376 1082 2745
1484 372 1084 2750
1485 371 1084 2758
1486 365 1085 2769
1487 369 1086 2774
1488 369 1091 2779
1489 370 1093 2784
1490 365 1095 2794
1491 371 1098 2798
1492 368 1098 2806
1493 375 1101 2809
1494 373 1104 2814
1495 376 1104 2820
1496 378 1106 2824
1497 374 1108 2834
1498 383 1109 2837
1499 387 1111 2843
1500 389 1113 2845
1501 388 1116 2853
1502 379 1120 2861
1503 384 1122 2865
1504 386 1122 2871
1505 392 1123 2873
1506 395 1125 2879
1507 397 1127 2886
1508 392 1132 2895
1509 391 1132 2900
1510 393 1132 2904
1511 390 1133 2913
1512 388 1136 2919
1513 386 1138 2925
1514 383 1142 2932
1515 385 1145 2938
1516 387 1147 2942
1517 389 1149 2947
1518 379 1152 2957
1519 374 1158 2961
1520 382 1160 2964
1521 382 1163 2969
1522 380 1164 2976
1523 384 1164 2980
1524 380 1169 2986
1525 378 1171 2994
1526 377 1173 2999
1527 389 1174 3003
1528 390 1175 3010
1529 400 1179 3014
1530 401 1182 3020
1531 401 1186 3027
1532 407 1188 3029
1533 409 1192 3034
1534 416 1192 3038
1535 408 1195 3047
1536 411 1195 3054
1537 413 1197 3058
1538 408 1200 3067
1539 408 1202 3075
1540 403 1206 3080
1541 397 1209 3095
1542 403 1212 3100
1543 400 1213 3107
1544 406 1213 3113
1545 413 1216 3118
1546 407 1219 3128
1547 410 1222 3131
1548 411 1224 3138
1549 411 1225 3148
1550 407 1227 3159
1551 401 1233 3165
1552 407 1235 3170
1553 409 1236 3179
1554 408 1239 3185
1555 411 1242 3188
1556 404 1246 3197
1557 407 1247 3203
1558 408 1248 3207
1559 409 1249 3213
1560 407 1250 3219
1561 411 1252 3225
1562 409 1255 3229
1563 408 1258 3237
1564 407 1261 3245
1565 407 1263 3253
1566 401 1271 3258
1567 404 1272 3265
1568 400 1274 3272
1569 399 1276 3278
1570 397 1277 3287
1571 401 1280 3289
1572 396 1283 3298
1573 398 1285 3304
1574 400 1286 3309
1575 396 1288 3316
1576 400 1288 3323
1577 403 1288 3327
1578 401 1289 3333
1579 401 1289 3340
1580 403 1293 3344
1581 411 1295 3348
1582 405 1299 3354
1583 417 1301 3355
1584 419 1301 3359
1585 412 1302 3371
1586 415 1305 3373
1587 423 1305 3378
1588 421 1305 3385
1589 420 1308 3392
1590 419 1313 3398
1591 424 1314 3401
1592 422 1317 3416
1593 426 1321 3418
1594 422 1322 3425
1595 418 1325 3436
1596 420 1328 3440
1597 418 1331 3449
1598 415 1336 3452
1599 410 1338 3461
1600 410 1340 3469
1601 413 1345 3476
1602 412 1348 3484
1603 409 1349 3492
1604 403 1350 3503
1605 402 1353 3510
1606 409 1355 3511
1607 402 1357 3520
1608 406 1359 3525
1609 401 1360 3534
1610 400 1362 3539
1611 399 1367 3543
1612 399 1371 3551
1613 395 1371 3561
1614 398 1372 3570
1615 402 1376 3574
1616 397 1379 3583
1617 399 1381 3586
1618 400 1383 3590
1619 398 1386 3596
1620 401 1389 3603
1621 402 1390 3613
1622 395 1392 3622
1623 397 1393 3630
1624 401 1395 3635
1625 404 1395 3643
1626 403 1396 3651
1627 407 1398 3655
1628 410 1399 3659
1629 405 1407 3662
1630 402 1413 3669
1631 402 1415 3675
1632 396 1417 3684
1633 390 1421 3689
1634 389 1422 3697
1635 395 1422 3702
1636 392 1425 3706
1637 393 1427 3713
1638 395 1430 3719
1639 398 1432 3724
1640 403 1432 3728
1641 406 1436 3730
1642 412 1436 3733
1643 413 1438 3743
1644 421 1439 3747
1645 424 1441 3753
1646 427 1442 3758
1647 424 1446 3764
1648 424 1449 3769
1649 428 1449 3773
1650 435 1451 3775
1651 437 1452 3778
1652 435 1454 3788
1653 436 1455 3795
1654 437 1457 3804
1655 440 1460 3810
1656 440 1463 3814
1657 439 1465 3817
1658 444 1465 3823
1659 438 1467 3830
1660 437 1469 3837
1661 434 1473 3847
1662 437 1474 3854
1663 432 1478 3861
1664 439 1480 3864
1665 444 1481 3868
1666 453 1481 3874
1667 451 1482 3880
1668 457 1484 3886
1669 457 1486 3893
1670 460 1490 3896
1671 462 1493 3902
1672 460 1494 3911
1673 463 1495 3917
1674 462 1497 3927
1675 455 1499 3941
1676 459 1500 3949
1677 454 1503 3960
1678 456 1505 3966
1679 456 1509 3973
1680 456 1514 3981
1681 453 1518 3986
1682 452 1521 3994
1683 445 1525 4001
1684 443 1527 4010
1685 441 1529 4020
1686 445 1531 4029
1687 450 1533 4031
1688 456 1535 4034
1689 462 1536 4043
1690 468 1538 4047
1691 474 1541 4052
1692 478 1541 4057
1693 479 1545 4064
1694 478 1547 4072
1695 481 1551 4079
1696 479 1552 4087
1697 480 1555 4094
1698 477 1560 4100
1699 481 1561 4108
1700 485 1566 4111
1701 484 1568 4119
1702 479 1574 4124
1703 492 1575 4128
1704 498 1577 4131
1705 498 1580 4139
1706 491 1581 4148
1707 489 1586 4154
1708 493 1589 4159
1709 489 1592 4166
1710 489 1595 4170
1711 488 1599 4180
1712 495 1604 4184
1713 490 1605 4194
1714 489 1608 4202
1715 491 1614 4208
1716 494 1617 4213
1717 490 1621 4221
1718 483 1630 4229
1719 479 1634 4239
1720 478 1637 4251
1721 482 1641 4257
1722 476 1648 4265
1723 473 1651 4276
1724 481 1655 4282
1725 474 1658 4294
1726 473 1662 4302
1727 481 1662 4306
1728 485 1663 4309
1729 482 1665 4318
1730 481 1669 4327
1731 486 1674 4331
1732 483 1677 4340
1733 487 1677 4347
1734 492 1677 4355
1735 496 1680 4364
1736 503 1681 4370
1737 508 1687 4370
1738 502 1690 4382
1739 496 1693 4392
1740 495 1698 4396
1741 499 1701 4406
1742 502 1706 4412
1743 498 1707 4422
1744 509 1709 4429
1745 499 1718 4438
1746 494 1724 4447
1747 490 1728 4455
1748 489 1732 4461
1749 485 1736 4470
1750 495 1741 4474
1751 497 1743 4484
1752 495 1746 4494
1753 493 1750 4501
1754 485 1752 4512
1755 489 1756 4515
1756 488 1761 4523
1757 489 1765 4530
1758 484 1768 4537
1759 479 1771 4546
1760 479 1774 4550
1761 473 1777 4558
1762 471 1781 4566
1763 468 1782 4573
1764 467 1785 4579
1765 481 1787 4582
1766 477 1793 4590
1767 480 1795 4597
1768 479 1796 4605
1769 479 1800 4609
1770 475 1803 4617
1771 479 1803 4627
1772 486 1805 4631
1773 482 1809 4642
1774 475 1811 4652
1775 481 1812 4658
1776 483 1816 4662
1777 486 1820 4670
1778 488 1821 4678
1779 488 1822 4685
1780 489 1823 4695
1781 490 1824 4701
1782 488 1826 4708
1783 495 1829 4716
1784 503 1830 4721
1785 507 1832 4726
1786 510 1837 4733
1787 508 1841 4740
1788 506 1842 4749
1789 502 1846 4759
1790 491 1848 4774
1791 498 1850 4779
1792 498 1853 4788
1793 500 1858 4794
1794 506 1859 4800
1795 512 1861 4808
1796 514 1865 4817
1797 515 1868 4824
1798 505 1873 4834
1799 505 1875 4842
1800 496 1878 4855
1801 495 1885 4861
1802 487 1891 4870
1803 489 1896 4877
1804 492 1899 4883
1805 491 1900 4890
1806 493 1902 4897
1807 491 1906 4906
1808 493 1911 4912
1809 499 1916 4916
1810 497 1918 4925
1811 500 1921 4932
1812 506 1924 4937
1813 495 1930 4947
1814 492 1934 4953
1815 501 1935 4961
1816 503 1937 4966
1817 509 1939 4976
1818 505 1944 4985
1819 495 1951 4993
1820 499 1955 5002
1821 490 1959 5014
1822 498 1962 5019
1823 503 1962 5025
1824 506 1966 5031
1825 507 1967 5036
1826 509 1970 5042
1827 511 1973 5049
1828 519 1973 5053
1829 511 1979 5062
1830 505 1980 5070
1831 508 1983 5078
1832 501 1985 5091
1833 503 1988 5100
1834 512 1988 5102
1835 503 1992 5111
1836 503 1995 5120
1837 509 1997 5126
1838 505 1998 5135
1839 505 2000 5138
1840 509 2004 5144
1841 513 2004 5152
1842 507 2009 5164
1843 512 2013 5170
1844 507 2015 5180
1845 497 2019 5191
1846 504 2022 5193
1847 511 2026 5200
1848 514 2027 5207
1849 513 2032 5215
1850 512 2037 5221
1851 517 2040 5225
1852 524 2041 5230
1853 526 2043 5234
1854 531 2046 5239
1855 538 2048 5247
1856 541 2049 5256
1857 533 2054 5267
1858 527 2060 5274
1859 523 2062 5281
1860 519 2067 5289
1861 522 2070 5292
1862 520 2070 5300
1863 518 2072 5312
1864 523 2075 5318
1865 515 2078 5332
1866 511 2082 5338
1867 508 2092 5341
1868 512 2096 5347
1869 502 2104 5355
1870 504 2106 5362
1871 506 2108 5376
1872 504 2110 5388
1873 511 2111 5392
1874 509 2113 5400
1875 508 2120 5406
1876 509 2124 5412
1877 509 2127 5424
1878 508 2129 5429
1879 509 2132 5433
1880 515 2136 5438
1881 517 2137 5444
1882 512 2141 5455
1883 511 2145 5461
1884 508 2146 5470
1885 510 2151 5479
1886 507 2157 5486
1887 513 2159 5492
1888 512 2162 5502
1889 510 2165 5513
1890 513 2165 5521
1891 509 2169 5534
1892 517 2170 5541
1893 517 2173 5548
1894 523 2176 5553
1895 523 2179 5558
1896 522 2182 5571
1897 527 2186 5579
1898 518 2191 5588
1899 519 2193 5597
1900 523 2195 5602
1901 520 2198 5610
1902 522 2198 5619
1903 522 2198 5629
1904 522 2199 5639
1905 522 2202 5646
1906 523 2203 5657
1907 519 2208 5668
1908 519 2211 5675
1909 527 2212 5681
1910 526 2219 5687
1911 524 2224 5696
1912 516 2231 5707
1913 522 2234 5713
1914 521 2235 5722
1915 520 2240 5728
1916 519 2243 5733
1917 518 2244 5743
1918 524 2247 5749
1919 521 2248 5763
1920 528 2251 5773
1921 530 2256 5781
1922 531 2260 5786
1923 530 2265 5794
1924 542 2267 5797
1925 546 2271 5800
1926 552 2271 5808
1927 551 2275 5817
1928 553 2277 5825
1929 559 2279 5831
1930 553 2283 5844
1931 554 2286 5852
1932 546 2291 5863
1933 544 2295 5873
1934 537 2300 5881
1935 540 2303 5892
1936 538 2308 5898
1937 541 2312 5901
1938 539 2315 5906
1939 541 2316 5915
1940 540 2318 5921
1941 539 2321 5931
1942 538 2324 5940
1943 534 2326 5952
1944 534 2329 5961
1945 530 2331 5970
1946 528 2336 5979
1947 531 2340 5984
1948 531 2344 5991
1949 534 2346 5997
1950 522 2352 6010
1951 522 2355 6019
1952 524 2356 6029
1953 524 2359 6039
1954 530 2362 6046
1955 526 2365 6054
1956 515 2370 6071
1957 510 2374 6082
1958 507 2377 6095
1959 513 2377 6103
1960 515 2377 6114
1961 523 2380 6117
1962 515 2388 6129
1963 501 2389 6147
1964 502 2392 6155
1965 502 2395 6162
1966 494 2400 6175
1967 495 2403 6179
1968 503 2405 6187
1969 502 2412 6195
1970 502 2415 6200
1971 500 2419 6206
1972 501 2421 6213
1973 494 2424 6223
1974 495 2424 6230
1975 493 2426 6235
1976 497 2430 6237
1977 497 2431 6243
1978 498 2435 6247
1979 499 2437 6254
1980 499 2440 6259
1981 496 2443 6273
1982 503 2445 6278
1983 504 2452 6281
1984 502 2458 6291
1985 491 2462 6302
1986 493 2463 6310
1987 494 2468 6316
1988 494 2471 6320
1989 499 2473 6326
1990 500 2477 6333
1991 499 2478 6341
1992 503 2479 6345
1993 497 2481 6354
1994 498 2485 6361
1995 504 2486 6365
1996 512 2488 6372
1997 514 2489 6377
1998 524 2492 6379
1999 528 2493 6385
2000 530 2495 6392
2001 530 2499 6398
2002 536 2502 6403
2003 535 2508 6412
2004 545 2509 6418
2005 534 2513 6432
2006 537 2518 6436
2007 545 2521 6443
2008 546 2524 6451
2009 544 2528 6458
2010 538 2532 6468
2011 543 2535 6476
2012 547 2538 6487
2013 553 2543 6490
2014 553 2546 6497
2015 551 2549 6509
2016 546 2552 6520
2017 553 2556 6525
2018 555 2559 6536
2019 548 2565 6546
2020 544 2569 6556
2021 535 2572 6570
2022 533 2577 6578
2023 534 2578 6584
2024 537 2583 6591
2025 537 2586 6600
2026 535 2589 6609
2027 535 2590 6625
2028 544 2593 6635
2029 554 2598 6637
2030 554 2602 6646
2031 553 2605 6656
2032 565 2606 6660
2033 566 2608 6671
2034 566 2608 6683
2035 568 2611 6692
2036 565 2611 6701
2037 569 2612 6710
2038 568 2616 6718
2039 570 2617 6725
2040 568 2620 6733
2041 573 2622 6742
2042 581 2624 6748
2043 585 2627 6753
2044 592 2627 6761
2045 590 2628 6773
2046 583 2632 6787
2047 585 2637 6795
2048 579 2642 6803
2049 582 2645 6808
2050 580 2646 6817
2051 578 2649 6825
2052 577 2650 6833
2053 590 2651 6838
2054 590 2652 6846
2055 597 2654 6853
2056 603 2656 6862
2057 600 2658 6874
2058 599 2660 6882
2059 597 2665 6890
2060 604 2667 6894
2061 604 2671 6905
2062 601 2677 6914
2063 601 2683 6918
2064 606 2685 6926
2065 606 2687 6933
2066 605 2691 6945
2067 611 2693 6952
2068 616 2699 6955
2069 616 2700 6965
2070 613 2704 6979
2071 613 2705 6991
2072 603 2711 7003
2073 605 2716 7010
2074 615 2718 7016
2075 613 2720 7024
2076 626 2725 7029
2077 627 2729 7036
2078 629 2734 7043
2079 636 2739 7049
2080 637 2740 7060
2081 641 2743 7071
2082 650 2744 7076
2083 653 2746 7080
2084 660 2747 7090
2085 666 2751 7099
2086 676 2754 7105
2087 676 2759 7116
2088 677 2763 7131
2089 681 2766 7143
2090 683 2770 7153
2091 676 2776 7169
2092 684 2780 7178
2093 684 2782 7192
2094 682 2787 7203
2095 675 2791 7218
2096 664 2796 7232
2097 665 2801 7242
2098 659 2804 7251
2099 667 2806 7259
2100 665 2808 7267
2101 665 2812 7276
2102 670 2818 7287
2103 666 2826 7297
2104 666 2829 7304
2105 671 2833 7313
2106 670 2835 7324
2107 665 2840 7338
2108 675 2840 7344
2109 678 2846 7356
2110 681 2847 7367
2111 678 2851 7375
2112 676 2854 7383
2113 682 2854 7389
2114 685 2858 7402
2115 690 2862 7412
2116 699 2864 7421
2117 691 2868 7436
2118 697 2868 7445
2119 695 2874 7459
2120 699 2879 7464
2121 698 2884 7474
2122 700 2890 7482
2123 710 2892 7488
2124 718 2894 7494
2125 711 2898 7510
2126 708 2903 7519
2127 719 2906 7527
2128 730 2908 7537
2129 731 2910 7550
2130 732 2915 7556
2131 731 2919 7565
2132 729 2923 7576
2133 729 2925 7593
2134 732 2929 7603
2135 732 2933 7620
2136 739 2937 7633
2137 737 2940 7647
2138 739 2943 7657
2139 737 2947 7669
2140 738 2952 7678
2141 730 2958 7690
2142 723 2961 7705
2143 720 2965 7720
2144 714 2970 7730
2145 724 2973 7737
2146 720 2977 7748
2147 729 2980 7753
2148 726 2984 7764
2149 725 2988 7776
2150 728 2989 7788
2151 738 2992 7793
2152 738 2997 7804
2153 743 3005 7809
2154 745 3009 7819
2155 743 3012 7830
2156 733 3020 7844
2157 736 3028 7851
2158 727 3032 7869
2159 726 3037 7878
2160 731 3041 7885
2161 730 3045 7899
2162 736 3050 7911
2163 748 3052 7921
2164 744 3058 7936
2165 746 3059 7948
2166 755 3063 7952
2167 746 3071 7968
2168 746 3072 7983
2169 752 3074 7994
2170 762 3077 8006
2171 765 3082 8021
2172 758 3087 8034
2173 759 3092 8046
2174 761 3098 8057
2175 757 3102 8071
2176 764 3107 8080
2177 761 3115 8089
2178 752 3121 8105
2179 762 3127 8109
2180 764 3129 8122
2181 772 3136 8131
2182 781 3138 8137
2183 785 3142 8151
2184 780 3152 8167
2185 786 3156 8176
2186 784 3161 8186
2187 783 3166 8199
2188 784 3170 8209
2189 775 3173 8229
2190 784 3178 8238
2191 774 3185 8253
2192 770 3190 8262
2193 767 3194 8271
2194 764 3199 8281
2195 761 3204 8298
2196 765 3208 8307
2197 765 3212 8315
2198 774 3214 8320
2199 778 3217 8332
2200 770 3226 8345
2201 776 3229 8350
2202 776 3232 8363
2203 794 3234 8368
2204 802 3235 8375
2205 801 3241 8390
2206 791 3252 8404
2207 798 3256 8419
2208 802 3260 8436
2209 803 3266 8450
2210 812 3271 8463
2211 815 3274 8470
2212 815 3279 8480
2213 822 3283 8491
2214 819 3289 8509
2215 825 3292 8518
2216 826 3295 8534
2217 830 3301 8550
2218 833 3305 8557
2219 835 3309 8567
2220 835 3314 8577
2221 842 3316 8587
2222 841 3323 8599
2223 844 3327 8613
2224 851 3333 8625
2225 856 3335 8640
2226 863 3338 8649
2227 862 3339 8668
2228 861 3346 8677
2229 859 3348 8690
2230 867 3351 8705
2231 865 3354 8719
2232 865 3358 8732
2233 865 3362 8743
2234 865 3364 8761
2235 876 3366 8770
2236 877 3367 8788
2237 871 3373 8802
2238 879 3375 8808
2239 888 3378 8820
2240 881 3382 8839
2241 871 3388 8858
2242 873 3393 8871
2243 875 3397 8885
2244 876 3404 8900
2245 879 3407 8913
2246 875 3410 8930
2247 870 3414 8951
2248 867 3423 8963
2249 863 3428 8977
2250 868 3432 8986
2251 865 3437 8999
2252 863 3442 9014
2253 864 3445 9028
2254 866 3453 9040
2255 866 3458 9052
2256 868 3462 9073
2257 876 3465 9084
2258 871 3470 9098
2259 862 3482 9119
2260 859 3487 9137
2261 856 3493 9151
2262 859 3496 9164
2263 861 3500 9177
2264 864 3504 9188
2265 865 3508 9200
2266 863 3510 9214
2267 863 3516 9227
2268 860 3521 9240
2269 866 3525 9258
2270 857 3530 9277
2271 859 3534 9290
2272 863 3538 9302
2273 868 3540 9311
2274 872 3545 9320
2275 863 3552 9335
2276 861 3554 9352
2277 854 3561 9370
2278 861 3562 9381
2279 850 3568 9400
2280 850 3571 9412
2281 850 3576 9427
2282 855 3580 9437
2283 864 3580 9445
2284 866 3584 9460
2285 869 3590 9470
2286 873 3594 9483
2287 873 3601 9493
2288 867 3607 9510
2289 876 3611 9521
2290 877 3613 9533
2291 877 3614 9548
2292 881 3621 9556
2293 884 3627 9568
2294 894 3631 9579
2295 909 3634 9588
2296 908 3639 9605
2297 919 3641 9615
2298 930 3646 9620
2299 927 3652 9633
2300 932 3656 9649
2301 929 3658 9666
2302 922 3663 9681
2303 925 3668 9694
2304 927 3671 9712
2305 938 3672 9723
2306 941 3674 9737
2307 937 3679 9760
2308 937 3682 9773
2309 936 3686 9790
2310 936 3688 9808
2311 940 3694 9821
2312 941 3700 9835
2313 950 3701 9848
2314 938 3708 9867
2315 942 3713 9881
2316 942 3720 9897
2317 945 3726 9909
2318 958 3730 9922
2319 948 3738 9942
2320 939 3751 9953
2321 944 3752 9968
2322 935 3759 9988
2323 932 3766 10003
2324 924 3771 10016
2325 920 3775 10032
2326 920 3781 10044
2327 919 3788 10057
2328 921 3794 10072
2329 928 3804 10085
2330 941 3809 10096
2331 943 3813 10113
2332 951 3817 10122
2333 953 3822 10131
2334 952 3832 10140
2335 948 3836 10152
2336 948 3842 10165
2337 957 3846 10173
2338 961 3849 10193
2339 961 3859 10205
2340 971 3864 10222
2341 975 3868 10237
2342 973 3873 10250
2343 976 3879 10263
2344 990 3887 10272
2345 1001 3895 10283
2346 1008 3901 10299
2347 1011 3908 10309
2348 1016 3914 10321
2349 1014 3920 10333
2350 1007 3927 10354
2351 1015 3931 10365
2352 1026 3935 10375
2353 1035 3940 10383
2354 1041 3949 10393
2355 1040 3956 10410
2356 1052 3958 10426
2357 1066 3961 10438
2358 1071 3973 10451
2359 1073 3980 10468
2360 1065 3985 10487
2361 1066 3991 10505
2362 1055 4001 10528
2363 1064 4005 10545
2364 1057 4015 10559
2365 1049 4019 10582
2366 1055 4027 10594
2367 1059 4032 10610
2368 1053 4038 10630
2369 1042 4049 10650
2370 1050 4051 10664
2371 1046 4059 10691
2372 1046 4068 10700
2373 1047 4075 10714
2374 1058 4082 10725
2375 1049 4087 10742
2376 1049 4096 10756
2377 1044 4101 10772
2378 1041 4107 10793
2379 1030 4113 10813
2380 1038 4119 10829
2381 1038 4127 10842
2382 1041 4134 10854
2383 1047 4136 10873
2384 1054 4142 10885
2385 1048 4150 10904
2386 1043 4158 10922
2387 1043 4163 10938
2388 1044 4169 10954
2389 1053 4173 10969
2390 1054 4180 10983
2391 1060 4188 10998
2392 1060 4194 11009
2393 1054 4198 11028
2394 1051 4205 11047
2395 1056 4214 11058
2396 1067 4219 11070
2397 1076 4221 11081
2398 1072 4227 11100
2399 1062 4233 11123
2400 1054 4241 11142
2401 1063 4246 11152
2402 1070 4249 11168
2403 1071 4256 11182
2404 1071 4264 11202
2405 1069 4270 11220
2406 1073 4277 11233
2407 1065 4284 11252
2408 1062 4295 11267
2409 1064 4304 11282
2410 1068 4307 11297
2411 1054 4316 11324
2412 1054 4324 11341
2413 1064 4329 11350
2414 1078 4331 11360
2415 1078 4336 11372
2416 1078 4339 11392
2417 1083 4343 11401
2418 1103 4348 11409
2419 1110 4352 11422
2420 1103 4354 11443
2421 1105 4360 11463
2422 1103 4366 11485
2423 1107 4372 11498
2424 1111 4377 11512
2425 1109 4381 11531
2426 1119 4386 11545
2427 1127 4390 11564
2428 1131 4398 11579
2429 1141 4401 11596
2430 1145 4403 11619
2431 1143 4410 11639
2432 1152 4412 11655
2433 1150 4422 11672
2434 1154 4433 11686
2435 1157 4441 11701
2436 1158 4446 11718
2437 1163 4453 11730
2438 1174 4458 11745
2439 1188 4460 11759
2440 1192 4470 11770
2441 1190 4476 11786
2442 1190 4481 11804
2443 1181 4490 11822
2444 1182 4495 11838
2445 1166 4508 11859
2446 1166 4511 11880
2447 1178 4513 11888
2448 1178 4518 11910
2449 1177 4527 11932
2450 1171 4534 11949
2451 1175 4542 11963
2452 1174 4545 11985
2453 1177 4552 11999
2454 1183 4557 12015
2455 1191 4559 12033
2456 1197 4565 12047
2457 1191 4576 12061
2458 1192 4585 12079
2459 1187 4595 12092
2460 1198 4600 12105
2461 1214 4604 12120
2462 1218 4609 12137
2463 1221 4618 12157
2464 1227 4621 12175
2465 1233 4623 12196
2466 1232 4630 12214
2467 1227 4637 12235
2468 1249 4642 12245
2469 1248 4648 12262
2470 1256 4654 12282
2471 1259 4660 12295
2472 1255 4663 12317
2473 1252 4669 12339
2474 1255 4673 12361
2475 1264 4678 12380
2476 1267 4684 12404
2477 1262 4689 12425
2478 1257 4692 12448
2479 1248 4701 12470
2480 1242 4711 12488
2481 1244 4717 12505
2482 1249 4724 12519
2483 1260 4730 12537
2484 1261 4734 12555
2485 1264 4741 12572
2486 1260 4748 12591
2487 1274 4750 12603
2488 1273 4758 12618
2489 1282 4763 12634
2490 1275 4767 12655
2491 1282 4773 12673
2492 1285 4780 12685
2493 1276 4792 12705
2494 1266 4796 12730
2495 1258 4809 12749
2496 1264 4817 12766
2497 1261 4824 12786
2498 1269 4831 12800
2499 1273 4838 12819
2500 1278 4844 12836
2501 1278 4851 12859
2502 1286 4856 12878
2503 1289 4863 12902
2504 1291 4869 12916
2505 1290 4876 12941
2506 1294 4884 12953
2507 1303 4889 12968
2508 1303 4897 12988
2509 1305 4902 13004
2510 1311 4904 13024
2511 1305 4908 13050
2512 1308 4917 13073
2513 1308 4923 13099
2514 1309 4932 13115
2515 1318 4935 13132
2516 1315 4940 13153
2517 1314 4950 13173
2518 1305 4963 13193
2519 1309 4970 13218
2520 1312 4977 13239
2521 1309 4981 13263
2522 1317 4984 13286
2523 1316 4993 13305
2524 1314 5001 13330
2525 1330 5004 13346
2526 1345 5007 13364
2527 1359 5013 13390
2528 1369 5014 13414
2529 1370 5022 13436
2530 1369 5030 13455
2531 1382 5033 13473
2532 1392 5041 13486
2533 1407 5045 13500
2534 1416 5048 13520
2535 1423 5051 13538
2536 1417 5058 13568
2537 1411 5072 13595
2538 1417 5078 13610
2539 1420 5086 13629
2540 1418 5099 13651
2541 1416 5110 13665
2542 1415 5118 13688
2543 1411 5130 13709
2544 1422 5134 13729
2545 1425 5143 13747
2546 1419 5150 13771
2547 1425 5156 13793
2548 1440 5160 13809
2549 1445 5172 13825
2550 1443 5180 13849
2551 1451 5182 13872
2552 1467 5188 13891
2553 1484 5198 13910
2554 1490 5207 13929
2555 1486 5216 13951
2556 1482 5224 13977
2557 1469 5238 14004
2558 1480 5246 14018
2559 1488 5255 14040
2560 1488 5263 14060
2561 1511 5273 14077
2562 1512 5287 14096
2563 1515 5298 14120
2564 1517 5304 14141
2565 1532 5305 14153
2566 1525 5309 14179
2567 1546 5318 14193
2568 1561 5326 14210
2569 1564 5339 14233
2570 1563 5346 14257
2571 1570 5360 14273
2572 1567 5370 14297
2573 1578 5375 14319
2574 1588 5384 14341
2575 1592 5391 14358
2576 1591 5405 14384
2577 1589 5416 14409
2578 1583 5426 14427
2579 1578 5434 14456
2580 1585 5441 14475
2581 1581 5448 14501
2582 1588 5455 14528
2583 1594 5466 14550
2584 1596 5478 14570
2585 1609 5483 14594
2586 1625 5488 14616
2587 1629 5497 14638
2588 1632 5506 14664
2589 1632 5515 14691
2590 1636 5525 14717
2591 1627 5537 14740
2592 1637 5548 14757
2593 1628 5555 14788
2594 1631 5568 14806
2595 1636 5579 14823
2596 1648 5590 14837
2597 1650 5595 14870
2598 1668 5605 14889
2599 1673 5620 14909
2600 1678 5631 14935
2601 1686 5639 14957
2602 1690 5649 14980
2603 1689 5664 15002
2604 1686 5671 15030
2605 1686 5675 15054
2606 1684 5688 15080
2607 1695 5695 15099
2608 1697 5705 15123
2609 1696 5711 15150
2610 1712 5717 15172
2611 1710 5724 15206
2612 1705 5730 15232
2613 1709 5740 15256
2614 1722 5754 15271
2615 1723 5763 15301
2616 1721 5772 15329
2617 1734 5780 15351
2618 1747 5787 15373
2619 1755 5799 15398
2620 1767 5802 15422
2621 1764 5815 15452
2622 1776 5822 15468
2623 1774 5833 15492
2624 1782 5839 15517
2625 1784 5854 15546
2626 1786 5864 15577
2627 1776 5876 15610
2628 1777 5884 15635
2629 1775 5894 15664
2630 1775 5906 15691
2631 1778 5912 15726
2632 1801 5917 15750
2633 1816 5924 15771
2634 1811 5939 15797
2635 1814 5946 15824
2636 1827 5958 15856
2637 1828 5971 15887
2638 1824 5981 15917
2639 1819 5990 15950
2640 1836 6003 15974
2641 1831 6019 15997
2642 1842 6027 16015
2643 1849 6045 16037
2644 1855 6052 16067
2645 1859 6059 16099
2646 1853 6068 16133
2647 1858 6078 16162
2648 1871 6084 16177
2649 1857 6095 16211
2650 1864 6110 16237
2651 1846 6130 16263
2652 1856 6139 16284
2653 1864 6149 16310
2654 1861 6158 16336
2655 1867 6170 16366
2656 1874 6179 16391
2657 1890 6187 16418
2658 1900 6195 16445
2659 1888 6211 16473
2660 1902 6222 16501
2661 1905 6234 16532
2662 1917 6248 16557
2663 1913 6260 16590
2664 1907 6276 16621
2665 1911 6283 16651
2666 1919 6292 16674
2667 1916 6306 16707
2668 1923 6311 16741
2669 1922 6324 16769
2670 1931 6333 16797
2671 1945 6342 16817
2672 1953 6353 16849
2673 1964 6368 16873
2674 1965 6375 16892
2675 1961 6388 16928
2676 1956 6403 16951
2677 1962 6411 16981
2678 1956 6421 17018
2679 1956 6427 17052
2680 1951 6436 17084
2681 1956 6446 17117
2682 1953 6461 17146
2683 1948 6473 17176
2684 1944 6491 17207
2685 1961 6504 17237
2686 1965 6522 17264
2687 1972 6536 17295
2688 1986 6545 17320
2689 1983 6566 17347
2690 1983 6582 17377
2691 1986 6594 17404
2692 1996 6600 17432
2693 2002 6614 17456
2694 2007 6621 17491
2695 2001 6631 17524
2696 2001 6642 17555
2697 2010 6655 17579
2698 2018 6666 17604
2699 2019 6680 17623
2700 2031 6689 17649
2701 2021 6702 17689
2702 2021 6718 17719
2703 2025 6727 17752
2704 2042 6738 17775
2705 2042 6753 17802
2706 2039 6768 17827
2707 2037 6780 17857
2708 2037 6793 17891
2709 2044 6808 17923
2710 2055 6820 17959
2711 2053 6835 17990
2712 2072 6843 18014
2713 2080 6851 18042
2714 2083 6864 18071
2715 2071 6882 18113
2716 2063 6892 18145
2717 2068 6904 18181
2718 2068 6911 18213
2719 2083 6920 18248
2720 2096 6927 18274
2721 2100 6942 18308
2722 2111 6952 18335
2723 2119 6970 18371
2724 2121 6987 18397
2725 2128 6997 18431
2726 2142 7005 18459
2727 2163 7012 18482
2728 2159 7022 18520
2729 2174 7036 18549
2730 2177 7048 18575
2731 2181 7058 18603
2732 2189 7069 18640
2733 2187 7088 18674
2734 2188 7095 18706
2735 2196 7104 18736
2736 2200 7111 18771
2737 2200 7123 18807
2738 2200 7136 18844
2739 2201 7152 18882
2740 2207 7167 18913
2741 2205 7178 18951
2742 2219 7187 18981
2743 2242 7194 19004
2744 2241 7204 19042
2745 2252 7218 19072
2746 2259 7226 19105
2747 2261 7232 19143
2748 2257 7241 19183
2749 2258 7251 19220
2750 2260 7263 19251
2751 2271 7280 19278
2752 2266 7293 19312
2753 2269 7306 19351
2754 2277 7319 19382
2755 2289 7331 19412
2756 2298 7342 19439
2757 2303 7358 19469
2758 2302 7371 19512
2759 2311 7381 19546
2760 2298 7394 19594
2761 2295 7403 19628
2762 2281 7415 19679
2763 2268 7428 19721
2764 2266 7445 19748
2765 2269 7460 19778
2766 2276 7469 19811
2767 2287 7482 19840
2768 2286 7494 19881
2769 2278 7502 19922
2770 2290 7516 19945
2771 2295 7523 19979
2772 2277 7530 20030
2773 2289 7540 20060
2774 2283 7554 20107
2775 2297 7562 20141
2776 2285 7573 20180
2777 2268 7591 20224
2778 2279 7607 20261
2779 2280 7618 20293
2780 2274 7628 20331
2781 2279 7642 20365
2782 2273 7653 20405
2783 2276 7668 20438
2784 2286 7675 20480
2785 2281 7684 20519
2786 2283 7694 20552
2787 2271 7714 20594
2788 2283 7726 20631
2789 2286 7738 20663
2790 2292 7747 20696
2791 2296 7760 20730
2792 2295 7770 20764
2793 2312 7780 20796
2794 2318 7793 20825
2795 2331 7806 20853
2796 2336 7816 20880
2797 2344 7828 20914
2798 2344 7840 20949
2799 2346 7850 20994
2800 2345 7864 21033
2801 2352 7873 21070
2802 2349 7887 21115
2803 2351 7898 21150
2804 2349 7913 21192
2805 2340 7924 21243
2806 2339 7939 21274
2807 2323 7951 21316
2808 2327 7958 21360
2809 2332 7969 21391
2810 2333 7983 21425
2811 2331 7994 21474
2812 2326 8005 21516
2813 2327 8024 21543
2814 2356 8031 21579
2815 2364 8035 21610
2816 2371 8048 21647
2817 2374 8057 21681
2818 2382 8067 21719
2819 2394 8081 21756
2820 2408 8092 21789
2821 2436 8100 21819
2822 2427 8112 21869
2823 2439 8122 21903
2824 2452 8135 21935
2825 2445 8150 21977
2826 2455 8161 22012
2827 2457 8171 22050
2828 2458 8183 22088
2829 2450 8194 22132
2830 2451 8209 22167
2831 2449 8220 22198
2832 2444 8234 22240
2833 2452 8245 22270
2834 2454 8258 22305
2835 2469 8266 22332
2836 2476 8284 22365
2837 2484 8303 22401
2838 2472 8313 22446
2839 2455 8334 22487
2840 2469 8347 22514
2841 2466 8363 22547
2842 2453 8378 22590
2843 2449 8399 22622
2844 2452 8407 22660
2845 2440 8418 22704
2846 2434 8429 22748
2847 2447 8446 22773
2848 2448 8457 22817
2849 2448 8467 22857
2850 2458 8480 22893
2851 2454 8495 22932
2852 2466 8499 22967
2853 2475 8514 23003
2854 2470 8528 23047
2855 2469 8544 23089
2856 2479 8563 23121
2857 2455 8584 23167
2858 2463 8596 23197
2859 2471 8608 23228
2860 2490 8622 23259
2861 2497 8637 23299
2862 2496 8645 23334
2863 2490 8656 23385
2864 2491 8664 23424
2865 2490 8677 23465
2866 2505 8695 23499
2867 2502 8705 23547
2868 2488 8725 23589
2869 2471 8743 23631
2870 2485 8753 23664
2871 2482 8770 23703
2872 2483 8789 23737
2873 2483 8801 23776
2874 2482 8814 23809
2875 2473 8823 23855
2876 2445 8841 23911
2877 2444 8854 23953
2878 2433 8872 23999
2879 2434 8890 24040
2880 2433 8902 24077
2881 2421 8922 24117
2882 2414 8941 24157
2883 2416 8956 24194
2884 2421 8968 24229
2885 2431 8984 24254
2886 2426 9000 24288
2887 2420 9010 24319
2888 2415 9024 24360
2889 2419 9042 24383
2890 2422 9050 24427
2891 2421 9067 24461
2892 2428 9085 24488
2893 2436 9101 24523
2894 2445 9113 24556
2895 2423 9128 24602
2896 2410 9145 24643
2897 2433 9157 24672
2898 2438 9171 24700
2899 2449 9181 24727
2900 2438 9196 24767
2901 2446 9210 24798
2902 2453 9223 24838
2903 2469 9230 24874
2904 2467 9245 24911
2905 2455 9265 24949
2906 2471 9277 24989
2907 2465 9297 25022
2908 2471 9308 25055
2909 2471 9322 25095
2910 2479 9331 25128
2911 2496 9340 25165
2912 2485 9359 25206
2913 2485 9376 25241
2914 2478 9391 25282
2915 2484 9404 25312
2916 2483 9420 25354
2917 2480 9440 25401
2918 2497 9451 25431
2919 2478 9465 25479
2920 2471 9476 25523
2921 2467 9488 25567
2922 2453 9513 25600
2923 2450 9531 25639
2924 2439 9544 25679
2925 2436 9556 25714
2926 2423 9574 25755
2927 2420 9587 25793
2928 2427 9604 25820
2929 2424 9624 25853
2930 2428 9633 25900
2931 2439 9650 25935
2932 2449 9660 25967
2933 2445 9679 26007
2934 2445 9697 26049
2935 2436 9711 26089
2936 2425 9733 26131
2937 2428 9752 26164
2938 2416 9770 26203
2939 2420 9783 26237
2940 2432 9803 26275
2941 2442 9811 26303
2942 2440 9830 26338
2943 2447 9844 26370
2944 2459 9856 26405
2945 2447 9879 26449
2946 2459 9889 26487
2947 2442 9900 26533
2948 2444 9915 26575
2949 2446 9928 26609
2950 2440 9937 26653
2951 2436 9963 26684
2952 2449 9974 26720
2953 2457 9985 26765
2954 2456 10007 26802
2955 2470 10015 26834
2956 2462 10032 26874
2957 2470 10043 26916
2958 2458 10063 26954
2959 2451 10077 27003
2960 2452 10091 27045
2961 2444 10111 27080
2962 2454 10129 27113
2963 2453 10144 27148
2964 2455 10157 27183
2965 2454 10174 27220
2966 2444 10196 27253
2967 2461 10211 27286
2968 2469 10217 27318
2969 2468 10236 27358
2970 2464 10255 27396
2971 2455 10270 27435
2972 2445 10286 27471
2973 2452 10301 27499
2974 2448 10319 27536
2975 2471 10331 27562
2976 2468 10346 27603
2977 2470 10365 27646
2978 2463 10379 27693
2979 2461 10395 27738
2980 2477 10403 27782
2981 2478 10420 27817
2982 2461 10435 27861
2983 2468 10444 27904
2984 2463 10457 27943
2985 2475 10471 27976
2986 2468 10486 28024
2987 2478 10498 28063
2988 2495 10507 28093
2989 2486 10528 28129
2990 2477 10545 28171
2991 2476 10564 28207
2992 2478 10580 28243
2993 2480 10600 28276
2994 2485 10615 28308
2995 2483 10627 28348
2996 2483 10642 28384
2997 2464 10659 28430
2998 2464 10678 28473
2999 2478 10688 28506
3000 2481 10703 28539
3001 2504 10718 28568
3002 2510 10729 28601
3003 2497 10746 28645
3004 2493 10770 28687
3005 2503 10783 28721
3006 2510 10798 28757
3007 2505 10809 28802
3008 2507 10826 28833
3009 2514 10841 28866
3010 2509 10858 28904
3011 2520 10871 28939
3012 2527 10883 28973
3013 2544 10899 29005
3014 2574 10912 29037
3015 2575 10931 29076
3016 2590 10947 29104
3017 2599 10963 29148
3018 2604 10985 29178
3019 2611 11001 29213
3020 2629 11015 29248
3021 2633 11031 29283
3022 2630 11045 29329
3023 2639 11056 29364
3024 2638 11073 29399
3025 2627 11088 29444
3026 2621 11101 29488
3027 2621 11112 29535
3028 2625 11130 29576
3029 2640 11143 29598
3030 2633 11155 29643
3031 2624 11175 29691
3032 2618 11186 29733
3033 2620 11197 29775
3034 2629 11211 29813
3035 2612 11230 29850
3036 2618 11244 29881
3037 2621 11262 29926
3038 2609 11281 29965
3039 2606 11304 30000
3040 2618 11320 30035
3041 2631 11331 30071
3042 2634 11341 30105
3043 2634 11354 30148
3044 2634 11368 30183
3045 2631 11381 30228
3046 2632 11388 30275
3047 2636 11411 30314
3048 2650 11422 30353
3049 2668 11434 30393
3050 2673 11442 30435
3051 2662 11452 30481
3052 2663 11461 30518
3053 2671 11477 30550
3054 2684 11491 30587
3055 2701 11509 30628
3056 2713 11520 30669
3057 2723 11533 30703
3058 2712 11550 30752
3059 2712 11568 30783
3060 2701 11583 30837
3061 2710 11594 30875
3062 2719 11610 30912
3063 2708 11632 30959
3064 2708 11643 31000
3065 2725 11665 31037
3066 2739 11679 31071
3067 2737 11694 31114
3068 2742 11711 31155
3069 2728 11727 31199
3070 2744 11739 31242
3071 2771 11756 31273
3072 2782 11774 31308
3073 2794 11789 31337
3074 2768 11812 31390
3075 2775 11830 31432
3076 2783 11847 31469
3077 2768 11860 31512
3078 2758 11873 31561
3079 2767 11884 31611
3080 2766 11903 31655
3081 2766 11914 31698
3082 2767 11932 31740
3083 2772 11949 31787
3084 2781 11970 31831
3085 2767 11987 31884
3086 2766 11995 31934
3087 2754 12009 31986
3088 2770 12024 32024
3089 2781 12041 32062
3090 2788 12052 32100
3091 2793 12062 32143
3092 2803 12080 32176
3093 2825 12093 32212
3094 2815 12112 32255
3095 2815 12128 32298
3096 2819 12139 32339
3097 2821 12154 32379
3098 2816 12166 32436
3099 2816 12171 32487
3100 2808 12194 32529
3101 2802 12216 32581
3102 2799 12236 32630
3103 2807 12253 32662
3104 2794 12274 32712
3105 2816 12283 32761
3106 2806 12300 32815
3107 2804 12316 32861
3108 2784 12328 32914
3109 2784 12348 32954
3110 2775 12363 32998
3111 2795 12374 33040
3112 2800 12389 33080
3113 2800 12404 33121
3114 2806 12417 33163
3115 2822 12433 33198
3116 2818 12451 33239
3117 2820 12460 33287
3118 2831 12487 33320
3119 2831 12504 33358
3120 2839 12520 33398
3121 2839 12533 33432
3122 2858 12554 33480
3123 2859 12572 33512
3124 2864 12585 33552
3125 2883 12597 33579
3126 2875 12613 33626
3127 2873 12621 33682
3128 2867 12639 33733
3129 2876 12653 33773
3130 2885 12672 33813
3131 2888 12688 33859
3132 2875 12712 33907
3133 2880 12730 33949
3134 2898 12747 33982
3135 2905 12764 34025
3136 2924 12779 34063
3137 2919 12798 34095
3138 2919 12815 34143
3139 2923 12827 34192
3140 2927 12840 34245
3141 2943 12852 34288
3142 2942 12870 34337
3143 2968 12882 34381
3144 2991 12895 34415
3145 2989 12915 34460
3146 2986 12930 34502
3147 2984 12949 34541
3148 2993 12966 34581
3149 2993 12982 34632
3150 2993 13002 34677
3151 2994 13017 34720
3152 2982 13032 34771
3153 2997 13050 34812
3154 3005 13067 34853
3155 3007 13082 34905
3156 3005 13100 34948
3157 3013 13114 34990
3158 3016 13129 35026
3159 3008 13147 35084
3160 2998 13163 35131
3161 2998 13178 35182
3162 3002 13191 35215
3163 3013 13202 35263
3164 3028 13219 35311
3165 3031 13236 35355
3166 3045 13251 35397
3167 3058 13267 35437
3168 3051 13279 35501
3169 3051 13295 35549
3170 3061 13308 35597
3171 3063 13317 35654
3172 3081 13329 35702
3173 3092 13339 35738
3174 3115 13348 35784
3175 3125 13358 35835
3176 3144 13378 35875
3177 3143 13398 35925
3178 3153 13419 35971
3179 3156 13433 36021
3180 3169 13454 36058
3181 3165 13470 36105
3182 3171 13493 36157
3183 3152 13515 36204
3184 3164 13526 36250
3185 3179 13542 36291
3186 3194 13559 36339
3187 3196 13575 36392
3188 3184 13597 36442
3189 3186 13616 36497
3190 3190 13626 36551
3191 3186 13642 36597
3192 3189 13665 36645
3193 3185 13683 36698
3194 3183 13705 36733
3195 3187 13725 36775
3196 3206 13747 36812
3197 3196 13766 36872
3198 3198 13781 36924
3199 3225 13795 36959
3200 3239 13811 37007
3201 3258 13827 37046
3202 3276 13842 37097
3203 3278 13853 37151
3204 3281 13872 37196
3205 3289 13890 37244
3206 3296 13911 37290
3207 3316 13925 37329
3208 3324 13939 37385
3209 3353 13959 37422
3210 3353 13981 37479
3211 3348 13998 37531
3212 3334 14014 37596
3213 3357 14026 37633
3214 3356 14047 37679
3215 3358 14073 37728
3216 3377 14093 37772
3217 3381 14109 37820
3218 3397 14128 37872
3219 3392 14146 37922
3220 3375 14167 37987
3221 3387 14184 38034
3222 3379 14204 38095
3223 3375 14222 38139
3224 3395 14236 38185
3225 3398 14255 38237
3226 3399 14268 38288
3227 3400 14279 38345
3228 3405 14297 38400
3229 3411 14317 38438
3230 3424 14333 38487
3231 3432 14350 38543
3232 3451 14365 38591
3233 3469 14381 38637
3234 3487 14402 38678
3235 3500 14421 38723
3236 3507 14443 38773
3237 3506 14466 38820
3238 3525 14488 38854
3239 3542 14503 38908
3240 3558 14520 38966
3241 3572 14543 39017
3242 3578 14565 39076
3243 3583 14586 39135
3244 3577 14618 39185
3245 3589 14635 39234
3246 3586 14661 39292
3247 3591 14680 39345
3248 3588 14702 39395
3249 3594 14728 39442
3250 3604 14743 39493
3251 3614 14757 39548
3252 3606 14788 39606
3253 3597 14820 39653
3254 3604 14840 39711
3255 3619 14869 39760
3256 3652 14884 39800
3257 3671 14899 39848
3258 3694 14920 39895
3259 3706 14940 39940
3260 3716 14966 39991
3261 3710 14982 40047
3262 3703 15011 40101
3263 3719 15029 40153
3264 3745 15051 40203
3265 3745 15075 40257
3266 3744 15094 40318
3267 3758 15110 40377
3268 3754 15129 40439
3269 3742 15159 40491
3270 3736 15173 40555
3271 3726 15203 40618
3272 3729 15221 40666
3273 3720 15245 40724
3274 3723 15268 40780
3275 3729 15290 40836
3276 3723 15311 40895
3277 3736 15333 40942
3278 3716 15350 41014
3279 3709 15369 41073
3280 3721 15390 41122
3281 3722 15413 41180
3282 3718 15440 41238
3283 3720 15461 41288
3284 3722 15481 41343
3285 3714 15506 41393
3286 3689 15529 41458
3287 3706 15555 41505
3288 3690 15582 41561
3289 3687 15612 41619
3290 3679 15637 41685
3291 3697 15660 41735
3292 3709 15677 41794
3293 3709 15696 41857
3294 3700 15712 41915
3295 3695 15729 41978
3296 3701 15758 42033
3297 3708 15775 42078
3298 3713 15796 42134
3299 3709 15815 42196
3300 3706 15836 42259
3301 3737 15856 42295
3302 3730 15882 42359
3303 3727 15897 42429
3304 3721 15915 42489
3305 3737 15948 42538
3306 3750 15972 42590
3307 3768 15991 42639
3308 3762 16015 42708
3309 3758 16046 42759
3310 3755 16067 42825
3311 3740 16091 42891
3312 3754 16115 42944
3313 3773 16133 42996
3314 3766 16162 43057
3315 3761 16181 43125
3316 3769 16202 43167
3317 3768 16226 43220
3318 3780 16249 43267
3319 3774 16269 43339
3320 3800 16288 43389
3321 3796 16312 43453
3322 3794 16337 43519
3323 3805 16354 43572
3324 3825 16372 43634
3325 3846 16393 43676
3326 3886 16409 43719
3327 3921 16425 43774
3328 3905 16443 43831
3329 3923 16463 43872
3330 3938 16475 43932
3331 3947 16502 43988
3332 3979 16519 44053
3333 3995 16541 44116
3334 4013 16570 44166
3335 4002 16596 44222
3336 4031 16619 44272
3337 4044 16645 44333
3338 4047 16669 44389
3339 4068 16689 44442
3340 4068 16714 44497
3341 4076 16740 44553
3342 4080 16765 44606
3343 4083 16790 44660
3344 4089 16809 44722
3345 4088 16834 44784
3346 4104 16849 44839
3347 4119 16872 44900
3348 4141 16897 44950
3349 4153 16920 45016
3350 4156 16942 45086
3351 4155 16958 45165
3352 4145 16986 45224
3353 4138 17006 45293
3354 4118 17036 45372
3355 4159 17051 45424
3356 4188 17073 45476
3357 4221 17092 45532
3358 4223 17119 45592
3359 4218 17142 45661
3360 4206 17162 45729
3361 4217 17183 45783
3362 4258 17199 45843
3363 4256 17226 45907
3364 4275 17248 45969
3365 4300 17270 46031
3366 4308 17290 46096
3367 4317 17326 46158
3368 4322 17359 46214
3369 4320 17380 46275
3370 4327 17398 46346
3371 4319 17429 46408
3372 4329 17448 46472
3373 4333 17474 46543
3374 4356 17496 46612
3375 4378 17522 46664
3376 4398 17553 46719
3377 4385 17580 46799
3378 4384 17607 46866
3379 4387 17627 46941
3380 4396 17644 46995
3381 4387 17678 47064
3382 4392 17699 47122
3383 4391 17726 47201
3384 4390 17749 47269
3385 4405 17770 47325
3386 4427 17792 47388
3387 4440 17817 47454
3388 4437 17850 47527
3389 4442 17870 47604
3390 4437 17898 47677
3391 4443 17929 47741
3392 4461 17955 47806
3393 4448 17984 47872
3394 4484 18006 47933
3395 4477 18034 48002
3396 4447 18059 48076
3397 4448 18086 48145
3398 4451 18108 48219
3399 4450 18132 48296
3400 4452 18159 48357
3401 4456 18193 48419
3402 4453 18224 48489
3403 4465 18241 48549
3404 4508 18263 48600
3405 4515 18293 48653
3406 4536 18325 48723
3407 4539 18353 48780
3408 4557 18371 48851
3409 4577 18404 48897
3410 4557 18430 48975
3411 4548 18448 49061
3412 4584 18470 49120
3413 4548 18507 49201
3414 4533 18537 49281
3415 4555 18557 49345
3416 4572 18575 49415
3417 4567 18601 49488
3418 4563 18619 49567
3419 4550 18653 49634
3420 4555 18686 49702
3421 4571 18706 49765
3422 4587 18729 49833
3423 4605 18754 49901
3424 4625 18776 49965
3425 4643 18805 50032
3426 4627 18839 50108
3427 4673 18865 50160
3428 4698 18889 50223
3429 4709 18909 50286
3430 4694 18946 50362
3431 4708 18970 50447
3432 4714 18999 50518
3433 4734 19023 50593
3434 4756 19055 50645
3435 4735 19085 50723
3436 4729 19111 50801
3437 4739 19138 50875
3438 4756 19158 50935
3439 4762 19187 50997
3440 4796 19218 51061
3441 4801 19247 51133
3442 4813 19270 51207
3443 4812 19286 51286
3444 4850 19309 51352
3445 4860 19335 51436
3446 4856 19356 51509
3447 4890 19384 51568
3448 4899 19410 51645
3449 4879 19434 51738
3450 4886 19457 51810
3451 4883 19482 51882
3452 4901 19503 51948
3453 4883 19527 52026
3454 4899 19555 52083
3455 4898 19586 52151
3456 4893 19621 52232
3457 4895 19647 52308
3458 4909 19666 52384
3459 4896 19706 52458
3460 4895 19734 52531
3461 4895 19763 52620
3462 4922 19799 52684
3463 4921 19832 52762
3464 4918 19866 52841
3465 4923 19894 52912
3466 4923 19922 52992
3467 4933 19951 53052
3468 4960 19972 53120
3469 4966 19993 53204
3470 5010 20022 53266
