0 50 0 0
1 51 0 1
2 49 2 1
3 50 2 1
4 50 2 1
5 50 2 2
6 50 2 3
7 50 3 4
8 51 3 5
9 50 3 7
10 50 3 7
11 51 3 7
12 51 3 8
13 54 3 8
14 53 4 8
15 53 4 8
16 54 4 10
17 56 4 10
18 53 4 13
19 55 5 14
20 55 5 14
21 53 5 16
22 51 5 18
23 50 6 19
24 50 6 22
25 50 6 22
26 49 8 22
27 48 8 24
28 45 8 27
29 44 9 27
30 45 9 28
31 47 9 29
32 46 9 31
33 45 9 32
34 48 9 32
35 45 11 33
36 42 12 35
37 42 12 36
38 39 12 39
39 40 12 39
40 39 12 40
41 40 12 40
42 41 12 40
43 41 13 41
44 40 13 42
45 40 13 42
46 40 13 42
47 41 13 43
48 42 13 44
49 41 13 46
50 41 13 46
51 42 13 46
52 42 14 46
53 42 14 47
54 42 14 48
55 43 14 49
56 41 14 51
57 41 14 53
58 39 15 54
59 40 15 55
60 40 15 55
61 38 15 57
62 39 15 57
63 37 15 59
64 37 15 59
65 38 15 59
66 38 15 60
67 38 15 60
68 40 15 60
69 41 15 60
70 41 15 61
71 43 15 61
72 43 15 62
73 44 15 62
74 44 15 62
75 43 15 64
76 44 15 65
77 45 15 66
78 44 15 68
79 44 15 68
80 43 15 69
81 46 15 69
82 45 15 70
83 46 16 70
84 47 16 70
85 48 16 70
86 47 16 71
87 48 16 71
88 47 16 72
89 48 16 73
90 48 17 74
91 47 17 75
92 47 17 77
93 46 17 79
94 46 17 79
95 44 17 81
96 44 17 81
97 44 17 83
98 43 17 85
99 42 17 87
100 43 17 87
101 44 18 87
102 44 19 87
103 42 19 90
104 41 20 91
105 42 20 91
106 43 20 92
107 43 20 92
108 46 20 92
109 46 20 92
110 47 20 92
111 48 20 92
112 49 20 92
113 48 22 93
114 47 22 94
115 48 22 94
116 48 24 94
117 48 24 95
118 48 24 95
119 48 24 95
120 47 24 97
121 49 24 97
122 53 24 97
123 54 24 97
124 54 24 97
125 53 24 99
126 53 25 99
127 54 26 100
128 55 26 100
129 56 26 101
130 56 26 102
131 54 27 106
132 54 27 107
133 52 28 108
134 51 28 109
135 53 28 109
136 54 28 110
137 52 29 111
138 54 29 111
139 53 30 112
140 53 30 114
141 54 30 114
142 56 30 114
143 55 30 115
144 53 31 117
145 56 31 117
146 56 31 118
147 54 34 118
148 52 35 119
149 51 37 119
150 49 37 121
151 51 37 122
152 51 37 123
153 53 37 123
154 51 38 124
155 51 38 124
156 51 39 124
157 51 39 125
158 51 40 125
159 51 40 128
160 51 40 129
161 50 40 130
162 52 40 130
163 52 40 130
164 51 41 130
165 52 41 130
166 54 41 130
167 54 42 130
168 56 42 132
169 56 42 133
170 54 42 135
171 55 42 135
172 55 42 135
173 59 42 135
174 59 42 136
175 59 42 136
176 62 42 136
177 64 42 137
178 63 42 138
179 66 42 138
180 67 42 139
181 67 42 139
182 67 42 140
183 67 42 140
184 71 42 140
185 73 42 140
186 74 42 142
187 72 42 146
188 71 42 147
189 71 42 150
190 71 43 150
191 71 44 151
192 72 44 152
193 73 44 153
194 72 44 154
195 71 44 156
196 70 44 157
197 70 44 158
198 69 45 158
199 69 45 159
200 67 45 161
201 66 46 162
202 65 46 163
203 64 47 164
204 64 47 165
205 64 47 166
206 66 47 167
207 66 47 168
208 64 47 170
209 65 48 170
210 67 48 171
211 68 48 171
212 64 48 175
213 62 48 177
214 66 48 178
215 67 48 179
216 67 48 180
217 70 48 181
218 69 48 182
219 69 48 182
220 67 50 183
221 65 50 186
222 64 50 187
223 63 52 187
224 64 53 189
225 65 53 189
226 63 56 189
227 63 56 189
228 65 56 189
229 66 56 190
230 67 56 191
231 68 56 191
232 66 60 191
233 67 60 191
234 66 62 192
235 66 62 192
236 65 62 193
237 65 63 193
238 62 64 196
239 60 65 198
240 57 65 201
241 63 65 201
242 64 65 203
243 64 65 205
244 63 65 207
245 65 65 207
246 65 65 208
247 68 65 209
248 68 65 210
249 69 65 210
250 67 65 212
251 68 66 213
252 68 66 214
253 69 66 215
254 69 66 216
255 70 66 218
256 73 66 219
257 73 67 220
258 75 67 221
259 75 67 222
260 76 67 222
261 74 68 224
262 75 68 224
263 76 69 225
264 76 69 226
265 76 69 228
266 76 70 229
267 75 71 231
268 75 73 231
269 75 73 232
270 74 75 234
271 73 76 236
272 72 77 238
273 71 78 238
274 72 79 238
275 71 79 240
276 70 79 241
277 70 79 243
278 71 79 244
279 70 80 245
280 68 80 248
281 67 80 249
282 65 80 251
283 64 80 252
284 65 80 252
285 67 80 253
286 66 81 254
287 64 82 255
288 65 82 255
289 63 83 257
290 62 84 257
291 62 85 257
292 64 85 257
293 60 86 260
294 60 86 260
295 58 87 262
296 55 87 266
297 52 89 268
298 51 89 270
299 51 89 271
300 51 90 271
301 50 90 272
302 55 90 272
303 56 90 272
304 56 92 272
305 59 92 272
306 57 94 273
307 57 94 274
308 57 94 275
309 57 95 276
310 55 95 278
311 53 96 280
312 53 96 281
313 52 97 282
314 49 97 285
315 50 97 286
316 51 97 286
317 49 98 287
318 50 98 287
319 50 98 287
320 50 98 288
321 50 98 289
322 51 98 289
323 48 98 292
324 49 98 293
325 47 99 295
326 47 99 295
327 50 99 295
328 51 99 295
329 51 100 295
330 48 101 297
331 49 101 297
332 49 101 297
333 49 101 297
334 49 102 297
335 50 102 297
336 47 102 300
337 47 102 300
338 47 102 300
339 46 104 300
340 45 104 301
341 45 104 301
342 43 105 302
343 46 105 302
344 47 105 302
345 48 105 303
346 48 105 303
347 48 106 303
348 48 106 304
349 50 106 304
350 48 107 305
351 47 107 306
352 46 107 308
353 46 108 309
354 46 109 310
355 48 109 311
356 49 109 311
357 49 109 311
358 48 110 311
359 48 110 311
360 47 111 312
361 47 112 312
362 48 112 312
363 48 112 313
364 48 112 313
365 51 113 313
366 52 114 314
367 53 115 315
368 52 115 316
369 49 116 318
370 50 116 318
371 53 116 318
372 55 116 318
373 55 116 318
374 55 116 319
375 56 116 319
376 55 117 319
377 54 119 319
378 55 119 320
379 56 119 321
380 58 119 321
381 60 119 321
382 60 120 321
383 59 120 323
384 58 120 324
385 59 120 324
386 61 120 326
387 63 120 328
388 63 120 329
389 62 120 330
390 62 120 331
391 61 121 331
392 60 122 332
393 58 123 334
394 60 123 335
395 59 124 336
396 56 127 337
397 54 128 339
398 52 129 340
399 52 129 340
400 51 129 342
401 52 129 343
402 51 129 345
403 53 129 346
404 52 130 346
405 52 130 346
406 52 130 347
407 51 130 349
408 50 130 350
409 51 130 350
410 47 132 352
411 50 132 353
412 49 133 354
413 48 133 356
414 48 133 356
415 48 133 356
416 46 134 357
417 46 134 357
418 45 134 359
419 46 134 359
420 49 134 359
421 50 135 359
422 49 135 361
423 51 135 361
424 51 136 361
425 50 137 362
426 49 137 364
427 51 137 364
428 50 138 364
429 51 138 365
430 49 139 366
431 51 139 367
432 50 140 367
433 50 140 368
434 50 141 369
435 49 141 370
436 49 141 370
437 50 141 370
438 52 141 370
439 51 141 371
440 52 141 371
441 53 141 371
442 52 143 373
443 51 143 374
444 52 143 374
445 52 143 374
446 53 143 374
447 53 145 374
448 56 145 374
449 56 146 374
450 54 146 376
451 52 146 378
452 51 146 379
453 50 146 380
454 51 146 381
455 51 147 381
456 52 147 381
457 54 147 381
458 50 149 383
459 49 150 383
460 49 151 383
461 49 151 383
462 50 151 383
463 47 152 385
464 45 152 387
465 47 152 387
466 47 152 388
467 46 152 390
468 47 152 391
469 48 152 391
470 48 152 391
471 48 152 391
472 48 152 392
473 48 152 392
474 49 152 392
475 48 153 393
476 44 155 395
477 48 156 395
478 46 158 395
479 47 158 395
480 47 158 395
481 49 158 395
482 51 158 395
483 50 160 396
484 49 160 397
485 48 161 397
486 43 163 400
487 43 163 400
488 42 164 401
489 43 164 401
490 44 164 402
491 44 164 403
492 48 164 403
493 49 165 404
494 50 165 404
495 51 165 404
496 52 165 404
497 52 165 405
498 55 165 405
499 54 165 406
500 54 166 407
501 52 166 409
502 53 166 409
503 51 166 411
504 52 166 411
505 53 167 411
506 56 167 411
507 56 167 413
508 56 167 414
509 55 167 415
510 56 167 416
511 57 167 417
512 59 167 417
513 61 167 417
514 60 167 418
515 60 169 418
516 59 169 419
517 58 170 419
518 57 172 419
519 57 172 420
520 58 172 421
521 58 173 421
522 58 173 421
523 54 173 425
524 52 174 427
525 51 174 430
526 53 174 432
527 53 175 432
528 53 175 432
529 53 175 432
530 53 176 432
531 53 176 432
532 51 176 435
533 51 176 435
534 51 176 436
535 48 178 438
536 51 179 438
537 52 179 440
538 53 179 440
539 55 179 440
540 57 179 441
541 57 179 441
542 58 179 442
543 56 180 443
544 56 180 443
545 56 180 444
546 55 180 446
547 56 180 446
548 54 180 448
549 53 180 449
550 53 180 449
551 54 180 449
552 55 181 449
553 55 183 449
554 54 183 450
555 55 184 450
556 53 184 452
557 54 184 452
558 53 184 453
559 56 184 453
560 58 184 453
561 54 187 454
562 53 187 455
563 55 187 455
564 52 188 457
565 52 188 458
566 54 188 458
567 54 188 459
568 53 188 460
569 53 188 460
570 53 188 461
571 52 188 462
572 50 188 464
573 49 188 466
574 50 189 466
575 52 189 466
576 52 189 466
577 52 189 468
578 53 189 468
579 52 189 470
580 55 189 470
581 56 189 472
582 56 190 472
583 58 190 473
584 60 190 474
585 60 191 475
586 62 191 475
587 62 191 475
588 63 191 475
589 63 191 476
590 65 191 477
591 62 192 479
592 62 192 480
593 61 193 480
594 60 194 480
595 62 194 480
596 63 194 481
597 64 194 482
598 63 194 485
599 61 194 487
600 60 195 487
601 59 196 488
602 56 197 490
603 56 198 491
604 53 202 491
605 54 202 492
606 55 202 492
607 55 202 492
608 54 202 494
609 52 202 496
610 52 203 496
611 49 203 500
612 49 203 500
613 47 204 502
614 48 205 502
615 47 205 504
616 48 205 504
617 51 205 504
618 52 205 506
619 53 205 508
620 52 206 508
621 52 206 508
622 53 207 508
623 56 208 508
624 55 208 509
625 56 208 510
626 56 208 510
627 57 208 510
628 57 208 510
629 56 209 510
630 58 209 510
631 58 209 511
632 56 209 515
633 56 209 516
634 58 209 517
635 57 209 518
636 55 210 519
637 55 210 519
638 56 211 519
639 56 211 519
640 57 211 519
641 55 212 521
642 56 212 521
643 56 212 521
644 57 212 521
645 59 212 521
646 59 212 521
647 61 212 521
648 62 212 521
649 63 212 521
650 62 213 521
651 62 213 522
652 60 214 523
653 59 215 525
654 58 215 526
655 57 216 527
656 56 216 528
657 57 216 529
658 58 216 529
659 58 217 529
660 61 217 529
661 60 217 531
662 61 217 531
663 61 217 532
664 62 217 532
665 61 217 533
666 61 217 534
667 61 217 534
668 62 217 534
669 66 217 534
670 66 218 534
671 65 219 537
672 69 219 537
673 67 219 540
674 65 220 542
675 63 220 545
676 62 221 547
677 64 221 547
678 64 221 548
679 65 221 549
680 66 221 549
681 68 221 549
682 68 222 551
683 68 222 553
684 71 222 555
685 75 222 556
686 76 222 556
687 75 222 557
688 76 222 558
689 79 222 558
690 77 222 560
691 77 223 560
692 79 223 560
693 78 223 562
694 76 225 564
695 77 226 564
696 76 227 565
697 76 227 565
698 71 227 570
699 69 228 571
700 71 228 572
701 74 228 573
702 74 228 574
703 75 229 574
704 77 230 574
705 76 230 576
706 75 230 578
707 76 230 579
708 75 230 581
709 78 230 582
710 76 230 584
711 76 230 585
712 76 230 586
713 76 230 586
714 76 230 588
715 77 230 589
716 75 231 590
717 77 231 591
718 80 231 593
719 77 232 596
720 77 233 596
721 77 234 597
722 76 235 597
723 77 236 597
724 78 236 597
725 74 239 599
726 75 240 599
727 75 241 600
728 73 242 602
729 76 242 602
730 77 242 604
731 81 242 605
732 81 242 607
733 80 242 609
734 80 242 609
735 81 242 610
736 80 242 612
737 79 242 615
738 79 242 615
739 75 244 618
740 74 245 620
741 74 246 621
742 70 247 624
743 72 247 624
744 70 248 625
745 69 250 625
746 69 251 625
747 69 251 627
748 63 255 629
749 63 255 629
750 63 255 630
751 62 255 631
752 63 255 632
753 63 255 634
754 65 255 634
755 65 257 635
756 65 258 636
757 67 258 636
758 67 258 636
759 70 258 636
760 69 259 636
761 68 259 637
762 68 259 638
763 70 259 638
764 71 259 638
765 69 260 639
766 66 260 643
767 64 261 645
768 66 261 647
769 65 262 648
770 62 263 650
771 62 263 652
772 61 264 653
773 59 265 654
774 59 265 654
775 57 265 657
776 57 265 658
777 60 265 658
778 58 266 660
779 57 266 661
780 54 267 663
781 55 267 664
782 56 268 664
783 55 268 665
784 55 270 666
785 52 271 668
786 54 271 668
787 54 271 670
788 54 272 670
789 54 272 672
790 54 272 673
791 53 272 675
792 53 272 675
793 53 272 676
794 53 272 676
795 54 272 676
796 52 272 678
797 54 273 679
798 54 273 681
799 55 273 682
800 53 273 684
801 53 273 684
802 53 273 685
803 55 273 685
804 53 274 687
805 55 274 688
806 57 274 689
807 58 274 689
808 62 274 689
809 61 274 691
810 62 275 692
811 62 276 693
812 61 277 694
813 60 277 695
814 58 277 698
815 57 279 699
816 58 279 699
817 58 279 699
818 59 279 699
819 59 279 700
820 58 279 701
821 59 279 701
822 57 280 702
823 55 280 704
824 56 280 705
825 56 280 706
826 55 281 706
827 57 281 707
828 56 282 707
829 55 282 708
830 54 282 709
831 56 282 709
832 58 282 709
833 57 283 710
834 56 284 711
835 57 284 711
836 57 284 712
837 57 284 712
838 58 284 713
839 58 284 714
840 59 284 714
841 59 284 714
842 57 285 715
843 59 285 715
844 60 286 715
845 63 286 715
846 61 287 716
847 61 287 717
848 62 287 720
849 63 287 720
850 63 287 721
851 63 287 722
852 60 290 723
853 63 290 724
854 62 290 725
855 62 291 726
856 63 292 726
857 61 292 728
858 62 292 728
859 63 292 728
860 63 292 728
861 66 292 729
862 67 292 729
863 69 292 729
864 71 292 730
865 70 292 731
866 69 292 733
867 69 292 735
868 69 292 736
869 71 292 737
870 72 292 737
871 72 292 738
872 75 292 739
873 73 292 741
874 74 292 741
875 73 293 743
876 71 293 746
877 69 293 749
878 68 293 750
879 67 294 750
880 67 294 751
881 66 294 752
882 68 295 752
883 69 295 753
884 69 296 754
885 70 296 754
886 69 296 755
887 68 297 756
888 67 298 757
889 66 298 758
890 65 298 760
891 66 298 760
892 68 298 761
893 69 298 761
894 70 298 763
895 72 298 765
896 76 298 765
897 75 298 767
898 76 298 769
899 77 298 770
900 78 298 770
901 78 298 770
902 77 299 771
903 78 299 771
904 81 299 771
905 79 300 774
906 82 300 775
907 82 301 776
908 81 301 780
909 82 301 781
910 78 302 784
911 81 302 784
912 83 302 785
913 84 302 785
914 81 304 786
915 79 304 789
916 81 305 790
917 82 306 790
918 82 306 791
919 81 306 792
920 83 306 792
921 82 306 793
922 82 306 796
923 83 307 796
924 87 307 796
925 85 308 799
926 85 308 801
927 86 308 801
928 85 309 802
929 87 309 803
930 84 311 807
931 84 316 807
932 85 317 807
933 83 318 809
934 86 318 810
935 85 318 811
936 85 318 811
937 85 318 812
938 87 318 813
939 88 319 813
940 88 320 813
941 90 320 813
942 91 321 813
943 91 322 814
944 92 322 815
945 94 323 816
946 94 323 818
947 91 324 820
948 90 325 821
949 91 325 822
950 93 325 824
951 92 326 826
952 93 326 826
953 91 327 829
954 89 327 832
955 87 328 834
956 89 328 835
957 86 331 836
958 87 332 836
959 85 334 838
960 89 334 840
961 94 335 840
962 99 335 841
963 99 336 842
964 97 336 845
965 98 336 849
966 98 336 851
967 99 336 851
968 101 336 851
969 101 337 852
970 104 337 855
971 105 338 856
972 104 338 859
973 107 339 860
974 108 339 861
975 108 340 863
976 109 340 867
977 110 341 868
978 112 341 868
979 112 343 869
980 114 343 869
981 115 344 870
982 117 345 871
983 117 345 872
984 119 345 873
985 120 347 874
986 125 348 875
987 125 349 877
988 122 351 880
989 122 351 883
990 122 352 885
991 122 352 886
992 120 353 887
993 122 353 888
994 117 354 893
995 118 355 894
996 117 356 895
997 118 357 896
998 121 357 898
999 121 358 899
1000 120 359 903
1001 118 360 905
1002 117 361 908
1003 117 362 909
1004 115 363 911
1005 112 366 914
1006 111 369 915
1007 112 369 917
1008 112 370 919
1009 109 371 922
1010 108 373 925
1011 108 374 927
1012 110 375 928
1013 114 375 929
1014 116 376 930
1015 113 377 933
1016 112 377 935
1017 115 378 937
1018 115 378 938
1019 115 379 938
1020 116 379 939
1021 113 380 943
1022 116 381 943
1023 118 381 944
1024 117 381 947
1025 116 382 948
1026 116 382 950
1027 119 382 950
1028 118 384 951
1029 116 385 953
1030 115 386 955
1031 113 387 959
1032 113 388 960
1033 114 388 961
1034 117 388 962
1035 116 389 964
1036 117 389 965
1037 118 389 966
1038 116 391 968
1039 114 391 972
1040 114 391 973
1041 114 391 974
1042 115 391 977
1043 117 392 977
1044 113 392 982
1045 111 392 985
1046 110 392 986
1047 109 394 987
1048 111 397 987
1049 113 397 987
1050 116 398 988
1051 121 398 989
1052 120 398 992
1053 123 399 993
1054 124 399 994
1055 125 400 996
1056 127 400 996
1057 126 400 998
1058 127 401 1000
1059 126 403 1001
1060 125 404 1004
1061 124 405 1006
1062 123 408 1007
1063 125 408 1009
1064 130 408 1010
1065 133 409 1011
1066 132 409 1015
1067 130 410 1017
1068 129 410 1019
1069 130 410 1019
1070 131 410 1019
1071 132 410 1021
1072 130 412 1022
1073 130 414 1024
1074 129 414 1026
1075 130 414 1027
1076 131 415 1027
1077 135 416 1029
1078 138 418 1030
1079 134 420 1035
1080 133 421 1040
1081 133 421 1043
1082 130 421 1047
1083 131 421 1047
1084 133 421 1048
1085 138 421 1048
1086 140 423 1049
1087 141 423 1049
1088 140 425 1052
1089 138 427 1054
1090 141 427 1054
1091 141 428 1056
1092 141 428 1060
1093 143 429 1062
1094 144 429 1065
1095 143 429 1067
1096 143 429 1068
1097 146 429 1070
1098 145 429 1073
1099 142 430 1077
1100 140 431 1082
1101 140 431 1085
1102 141 431 1086
1103 143 433 1087
1104 145 433 1089
1105 144 433 1091
1106 147 433 1092
1107 147 435 1093
1108 149 436 1096
1109 149 438 1099
1110 152 438 1101
1111 157 438 1102
1112 153 442 1102
1113 155 442 1103
1114 154 444 1104
1115 151 444 1110
1116 149 445 1112
1117 154 445 1112
1118 152 446 1116
1119 155 446 1117
1120 157 446 1118
1121 162 446 1118
1122 159 450 1120
1123 160 452 1120
1124 162 453 1123
1125 160 455 1124
1126 160 455 1126
1127 160 456 1128
1128 163 459 1131
1129 158 460 1137
1130 155 461 1142
1131 153 462 1147
1132 150 464 1149
1133 152 466 1151
1134 152 467 1154
1135 152 468 1157
1136 150 469 1161
1137 153 470 1162
1138 152 470 1166
1139 153 470 1170
1140 148 471 1176
1141 152 471 1177
1142 155 471 1178
1143 157 472 1180
1144 155 472 1185
1145 156 474 1186
1146 154 476 1189
1147 160 476 1191
1148 163 476 1192
1149 166 477 1194
1150 165 479 1199
1151 165 479 1200
1152 169 480 1200
1153 172 481 1202
1154 173 483 1205
1155 177 483 1208
1156 177 483 1212
1157 176 483 1216
1158 174 484 1218
1159 171 486 1223
1160 171 486 1224
1161 170 486 1229
1162 170 487 1232
1163 170 488 1235
1164 173 489 1237
1165 173 490 1238
1166 173 490 1241
1167 175 490 1243
1168 178 491 1245
1169 179 491 1248
1170 175 494 1250
1171 175 494 1251
1172 176 495 1252
1173 178 496 1253
1174 178 496 1256
1175 180 496 1257
1176 181 496 1258
1177 177 496 1263
1178 176 497 1266
1179 174 498 1268
1180 179 499 1269
1181 181 500 1270
1182 182 502 1272
1183 185 502 1273
1184 187 502 1277
1185 188 503 1280
1186 185 504 1286
1187 183 505 1290
1188 185 506 1290
1189 192 506 1291
1190 194 506 1294
1191 197 506 1298
1192 198 506 1300
1193 199 506 1304
1194 195 508 1307
1195 196 509 1309
1196 194 509 1312
1197 198 509 1318
1198 200 509 1322
1199 198 510 1326
1200 197 510 1328
1201 197 511 1331
1202 196 512 1334
1203 195 513 1337
1204 203 513 1339
1205 208 513 1341
1206 205 515 1345
1207 204 518 1347
1208 202 519 1349
1209 202 519 1351
1210 200 520 1353
1211 198 522 1356
1212 198 523 1357
1213 199 523 1361
1214 197 523 1365
1215 203 523 1366
1216 204 524 1368
1217 201 527 1372
1218 201 528 1374
1219 201 528 1378
1220 201 528 1384
1221 196 529 1390
1222 196 529 1394
1223 195 529 1398
1224 197 531 1399
1225 197 531 1404
1226 193 533 1408
1227 194 535 1410
1228 194 538 1413
1229 193 539 1417
1230 194 539 1420
1231 193 540 1424
1232 193 540 1426
1233 190 540 1431
1234 190 541 1436
1235 190 542 1439
1236 187 543 1444
1237 184 546 1446
1238 188 546 1446
1239 188 547 1449
1240 184 547 1455
1241 184 548 1459
1242 185 549 1461
1243 187 551 1463
1244 188 552 1465
1245 189 555 1466
1246 189 556 1468
1247 185 558 1472
1248 180 563 1474
1249 184 563 1477
1250 185 565 1478
1251 188 565 1480
1252 189 566 1481
1253 191 566 1483
1254 192 568 1487
1255 189 568 1492
1256 189 569 1495
1257 187 571 1499
1258 187 572 1504
1259 184 573 1509
1260 185 575 1510
1261 185 578 1512
1262 185 578 1517
1263 183 582 1520
1264 179 585 1524
1265 175 586 1530
1266 168 590 1537
1267 171 590 1540
1268 173 590 1543
1269 176 590 1543
1270 175 591 1545
1271 173 593 1548
1272 173 593 1549
1273 174 595 1551
1274 175 595 1553
1275 176 595 1556
1276 175 596 1561
1277 172 598 1564
1278 168 601 1566
1279 169 601 1568
1280 166 602 1572
1281 163 605 1576
1282 162 605 1582
1283 164 605 1583
1284 162 606 1586
1285 163 606 1588
1286 165 607 1590
1287 166 608 1593
1288 164 610 1596
1289 160 611 1601
1290 162 613 1603
1291 160 613 1607
1292 156 613 1615
1293 155 613 1618
1294 159 613 1618
1295 160 613 1618
1296 158 614 1623
1297 162 614 1624
1298 161 614 1627
1299 163 614 1630
1300 167 614 1632
1301 164 614 1638
1302 161 615 1640
1303 161 615 1642
1304 160 616 1646
1305 161 617 1649
1306 165 617 1650
1307 158 618 1656
1308 161 619 1657
1309 161 620 1660
1310 162 621 1662
1311 164 624 1664
1312 171 624 1665
1313 167 625 1669
1314 173 625 1669
1315 173 626 1673
1316 174 627 1676
1317 168 627 1682
1318 168 627 1687
1319 171 629 1687
1320 175 630 1689
1321 172 633 1690
1322 171 633 1693
1323 169 634 1697
1324 169 634 1698
1325 173 635 1698
1326 173 636 1698
1327 178 636 1700
1328 174 639 1703
1329 172 640 1707
1330 176 641 1707
1331 174 642 1710
1332 174 643 1713
1333 177 643 1714
1334 182 643 1716
1335 180 645 1719
1336 185 645 1720
1337 187 647 1721
1338 185 648 1724
1339 184 648 1728
1340 187 649 1729
1341 185 649 1735
1342 183 651 1738
1343 183 651 1741
1344 185 651 1743
1345 185 651 1747
1346 180 652 1754
1347 179 652 1756
1348 173 652 1762
1349 174 652 1765
1350 180 652 1766
1351 180 654 1769
1352 178 656 1772
1353 176 657 1774
1354 178 659 1776
1355 176 661 1779
1356 178 661 1781
1357 180 662 1785
1358 180 662 1788
1359 179 662 1792
1360 179 664 1793
1361 179 664 1796
1362 173 666 1800
1363 168 668 1805
1364 167 669 1807
1365 166 669 1811
1366 166 669 1815
1367 166 669 1818
1368 167 669 1819
1369 163 671 1823
1370 164 673 1825
1371 164 674 1826
1372 166 674 1827
1373 165 675 1829
1374 164 678 1831
1375 174 679 1831
1376 175 680 1834
1377 185 681 1835
1378 184 681 1838
1379 181 681 1845
1380 184 682 1847
1381 180 682 1852
1382 182 683 1852
1383 177 684 1857
1384 179 685 1858
1385 180 687 1861
1386 179 689 1864
1387 182 689 1865
1388 186 689 1866
1389 183 690 1872
1390 185 690 1873
1391 189 690 1875
1392 190 693 1875
1393 196 693 1875
1394 197 693 1875
1395 196 696 1878
1396 199 697 1880
1397 199 698 1881
1398 196 699 1885
1399 197 699 1888
1400 197 700 1892
1401 196 701 1894
1402 199 702 1896
1403 201 704 1898
1404 203 705 1900
1405 200 706 1905
1406 204 707 1907
1407 207 708 1907
1408 206 708 1911
1409 209 708 1915
1410 204 711 1920
1411 205 711 1924
1412 207 712 1926
1413 207 713 1929
1414 208 716 1933
1415 207 718 1937
1416 208 720 1942
1417 209 720 1943
1418 215 721 1944
1419 213 721 1949
1420 211 722 1952
1421 210 727 1954
1422 205 730 1959
1423 204 731 1962
1424 205 732 1964
1425 210 733 1966
1426 211 733 1968
1427 213 734 1971
1428 216 734 1973
1429 220 736 1973
1430 218 737 1977
1431 220 739 1978
1432 223 739 1980
1433 222 739 1988
1434 228 739 1990
1435 231 740 1996
1436 234 740 2000
1437 235 742 2003
1438 236 742 2007
1439 231 746 2010
1440 232 749 2014
1441 235 750 2015
1442 233 752 2018
1443 235 754 2023
1444 232 754 2030
1445 232 756 2033
1446 225 758 2038
1447 225 759 2041
1448 223 762 2048
1449 225 763 2049
1450 228 763 2052
1451 234 763 2052
1452 227 765 2060
1453 222 768 2064
1454 221 771 2067
1455 221 775 2069
1456 225 776 2070
1457 226 777 2073
1458 226 778 2078
1459 224 778 2083
1460 231 779 2085
1461 238 779 2087
1462 241 780 2090
1463 244 782 2093
1464 238 783 2100
1465 241 784 2102
1466 232 787 2109
1467 232 789 2112
1468 232 789 2115
1469 235 789 2119
1470 235 792 2121
1471 231 795 2126
1472 229 795 2130
1473 228 796 2132
1474 228 799 2135
1475 229 800 2137
1476 231 803 2138
1477 232 805 2143
1478 236 806 2144
1479 241 810 2144
1480 239 810 2149
1481 242 811 2150
1482 244 812 2152
1483 242 813 2159
1484 243 813 2160
1485 248 813 2163
1486 252 815 2166
1487 254 816 2169
1488 254 819 2174
1489 257 820 2176
1490 257 822 2182
1491 255 823 2187
1492 253 823 2194
1493 258 824 2195
1494 266 824 2195
1495 261 825 2202
1496 263 827 2203
1497 269 827 2204
1498 273 829 2205
1499 274 830 2209
1500 275 830 2214
1501 278 831 2216
1502 275 833 2223
1503 274 834 2228
1504 278 835 2230
1505 277 836 2235
1506 286 837 2235
1507 288 838 2238
1508 286 838 2245
1509 285 839 2251
1510 287 840 2258
1511 287 841 2260
1512 290 842 2264
1513 285 842 2271
1514 290 843 2273
1515 284 847 2278
1516 285 848 2280
1517 289 849 2283
1518 286 853 2286
1519 285 855 2293
1520 283 857 2301
1521 281 860 2304
1522 276 862 2309
1523 271 864 2316
1524 276 865 2320
1525 276 868 2322
1526 273 871 2325
1527 274 873 2329
1528 276 874 2334
1529 279 875 2337
1530 278 878 2343
1531 271 883 2348
1532 269 883 2352
1533 264 884 2359
1534 266 884 2364
1535 267 886 2369
1536 267 887 2373
1537 270 889 2376
1538 277 890 2378
1539 279 890 2383
1540 277 892 2387
1541 282 895 2389
1542 283 896 2393
1543 283 900 2397
1544 284 900 2401
1545 290 901 2403
1546 288 904 2408
1547 292 905 2409
1548 294 907 2410
1549 291 909 2415
1550 291 912 2422
1551 285 914 2429
1552 286 914 2434
1553 289 916 2436
1554 290 919 2438
1555 291 920 2439
1556 295 922 2443
1557 297 922 2448
1558 303 922 2449
1559 305 923 2452
1560 306 924 2458
1561 308 926 2458
1562 312 926 2462
1563 309 929 2468
1564 308 930 2474
1565 309 933 2479
1566 307 934 2484
1567 303 936 2491
1568 306 936 2497
1569 312 937 2499
1570 312 937 2507
1571 320 939 2509
1572 315 942 2517
1573 315 942 2521
1574 322 943 2522
1575 320 945 2530
1576 327 947 2533
1577 328 948 2538
1578 331 949 2540
1579 336 949 2545
1580 337 949 2550
1581 338 949 2555
1582 329 952 2566
1583 322 953 2577
1584 320 956 2583
1585 311 959 2592
1586 311 960 2596
1587 312 960 2601
1588 315 961 2603
1589 318 962 2607
1590 320 965 2610
1591 320 966 2616
1592 318 968 2623
1593 319 971 2627
1594 315 974 2632
1595 313 978 2635
1596 311 981 2640
1597 313 981 2647
1598 308 984 2653
1599 310 986 2655
1600 308 987 2663
1601 310 990 2665
1602 303 993 2674
1603 302 993 2677
1604 299 996 2684
1605 301 998 2689
1606 302 999 2695
1607 303 999 2702
1608 302 1001 2706
1609 306 1004 2708
1610 313 1004 2710
1611 315 1007 2713
1612 319 1010 2716
1613 318 1011 2721
1614 321 1013 2724
1615 320 1014 2733
1616 324 1015 2735
1617 324 1018 2741
1618 322 1020 2746
1619 321 1021 2752
1620 327 1022 2754
1621 324 1028 2756
1622 323 1032 2759
1623 325 1035 2762
1624 326 1035 2769
1625 328 1036 2774
1626 335 1038 2779
1627 331 1041 2786
1628 335 1041 2789
1629 337 1043 2792
1630 341 1043 2793
1631 344 1043 2798
1632 345 1043 2802
1633 345 1046 2805
1634 346 1050 2812
1635 347 1053 2817
1636 347 1054 2822
1637 348 1057 2825
1638 344 1058 2835
1639 350 1059 2841
1640 358 1060 2843
1641 361 1061 2845
1642 361 1063 2848
1643 358 1064 2856
1644 365 1065 2859
1645 370 1067 2866
1646 368 1073 2871
1647 370 1074 2876
1648 373 1076 2880
1649 372 1081 2884
1650 378 1081 2890
1651 378 1083 2895
1652 378 1085 2899
1653 376 1087 2905
1654 367 1088 2915
1655 366 1089 2920
1656 370 1089 2925
1657 371 1089 2931
1658 374 1090 2937
1659 374 1091 2942
1660 378 1092 2944
1661 379 1094 2947
1662 382 1095 2952
1663 387 1096 2954
1664 393 1098 2957
1665 393 1101 2963
1666 397 1104 2966
1667 395 1106 2974
1668 399 1109 2980
1669 395 1114 2985
1670 391 1116 2993
1671 388 1117 3002
1672 394 1119 3007
1673 398 1121 3014
1674 401 1124 3022
1675 401 1127 3030
1676 404 1129 3034
1677 406 1131 3039
1678 408 1133 3042
1679 405 1134 3049
1680 405 1138 3053
1681 407 1139 3061
1682 407 1143 3066
1683 409 1146 3071
1684 405 1149 3076
1685 407 1149 3082
1686 410 1152 3090
1687 408 1154 3095
1688 411 1154 3100
1689 420 1155 3100
1690 422 1158 3106
1691 421 1162 3114
1692 422 1165 3122
1693 427 1166 3128
1694 427 1167 3136
1695 423 1170 3144
1696 418 1174 3151
1697 412 1178 3159
1698 415 1180 3163
1699 415 1182 3166
1700 414 1186 3177
1701 410 1188 3183
1702 407 1191 3187
1703 412 1192 3193
1704 421 1198 3193
1705 424 1200 3197
1706 424 1202 3205
1707 428 1203 3211
1708 422 1208 3219
1709 420 1209 3232
1710 415 1212 3243
1711 419 1213 3248
1712 421 1214 3253
1713 427 1216 3258
1714 431 1219 3262
1715 429 1222 3270
1716 431 1224 3276
1717 443 1226 3283
1718 441 1230 3288
1719 440 1235 3293
1720 452 1236 3296
1721 452 1239 3302
1722 445 1240 3314
1723 438 1242 3322
1724 438 1243 3329
1725 441 1245 3335
1726 444 1247 3340
1727 450 1249 3345
1728 449 1254 3351
1729 446 1259 3358
1730 447 1260 3366
1731 449 1260 3372
1732 446 1266 3381
1733 441 1271 3391
1734 438 1274 3402
1735 441 1279 3404
1736 437 1284 3410
1737 436 1286 3417
1738 438 1286 3424
1739 443 1288 3432
1740 439 1294 3439
1741 432 1300 3444
1742 432 1303 3447
1743 427 1308 3455
1744 422 1310 3465
1745 431 1310 3471
1746 430 1312 3481
1747 426 1314 3489
1748 434 1314 3491
1749 429 1318 3502
1750 432 1320 3510
1751 431 1322 3517
1752 425 1324 3526
1753 432 1327 3530
1754 434 1327 3537
1755 431 1331 3543
1756 434 1334 3546
1757 439 1334 3551
1758 443 1334 3558
1759 444 1336 3563
1760 446 1339 3572
1761 451 1340 3577
1762 451 1343 3585
1763 453 1347 3593
1764 448 1350 3601
1765 447 1352 3612
1766 446 1354 3619
1767 458 1355 3619
1768 459 1360 3624
1769 467 1361 3628
1770 464 1368 3636
1771 465 1371 3644
1772 467 1371 3650
1773 466 1375 3659
1774 461 1381 3667
1775 454 1384 3675
1776 450 1385 3684
1777 464 1385 3686
1778 454 1391 3699
1779 458 1392 3706
1780 464 1395 3711
1781 459 1402 3717
1782 462 1403 3727
1783 462 1406 3733
1784 461 1409 3739
1785 457 1411 3748
1786 454 1413 3760
1787 448 1413 3775
1788 450 1415 3782
1789 448 1417 3790
1790 443 1419 3798
1791 444 1421 3803
1792 439 1426 3811
1793 447 1427 3817
1794 452 1431 3822
1795 452 1435 3828
1796 453 1436 3835
1797 462 1438 3841
1798 464 1439 3845
1799 467 1441 3852
1800 468 1444 3855
1801 466 1446 3863
1802 465 1447 3871
1803 463 1452 3879
1804 467 1454 3890
1805 464 1459 3898
1806 463 1462 3907
1807 459 1464 3917
1808 459 1466 3923
1809 456 1469 3928
1810 451 1473 3934
1811 455 1476 3940
1812 459 1478 3944
1813 453 1481 3956
1814 451 1483 3962
1815 449 1484 3973
1816 447 1485 3982
1817 452 1486 3987
1818 450 1488 3997
1819 454 1491 4004
1820 452 1491 4012
1821 456 1493 4019
1822 454 1494 4030
1823 454 1500 4035
1824 442 1502 4051
1825 435 1505 4059
1826 433 1508 4065
1827 444 1511 4067
1828 448 1512 4074
1829 444 1515 4080
1830 454 1517 4083
1831 460 1519 4089
1832 461 1520 4096
1833 463 1523 4100
1834 468 1523 4109
1835 473 1525 4113
1836 479 1527 4119
1837 480 1530 4126
1838 480 1533 4135
1839 484 1535 4142
1840 482 1536 4151
1841 488 1538 4155
1842 489 1539 4161
1843 491 1543 4170
1844 490 1547 4176
1845 486 1551 4183
1846 489 1551 4190
1847 494 1552 4197
1848 495 1556 4205
1849 498 1558 4211
1850 496 1561 4215
1851 499 1564 4220
1852 504 1565 4227
1853 507 1566 4238
1854 511 1568 4248
1855 517 1568 4251
1856 516 1572 4262
1857 514 1574 4270
1858 520 1575 4276
1859 521 1578 4279
1860 517 1582 4291
1861 518 1585 4297
1862 523 1587 4298
1863 521 1590 4303
1864 519 1598 4311
1865 516 1601 4322
1866 510 1603 4338
1867 509 1605 4345
1868 506 1609 4350
1869 505 1612 4356
1870 511 1612 4362
1871 509 1617 4367
1872 510 1620 4374
1873 515 1624 4377
1874 513 1627 4387
1875 517 1630 4396
1876 517 1633 4402
1877 510 1636 4413
1878 513 1637 4423
1879 506 1641 4433
1880 510 1642 4440
1881 509 1645 4447
1882 510 1647 4453
1883 511 1651 4457
1884 512 1652 4465
1885 516 1656 4471
1886 518 1658 4477
1887 515 1662 4485
1888 510 1666 4496
1889 504 1672 4505
1890 503 1676 4511
1891 511 1680 4516
1892 503 1683 4527
1893 507 1687 4531
1894 509 1689 4541
1895 509 1691 4549
1896 514 1695 4555
1897 509 1700 4563
1898 506 1702 4578
1899 501 1709 4586
1900 507 1712 4593
1901 512 1712 4597
1902 503 1718 4614
1903 504 1721 4624
1904 512 1722 4629
1905 512 1723 4638
1906 506 1727 4648
1907 510 1730 4654
1908 508 1734 4663
1909 512 1737 4668
1910 514 1738 4674
1911 516 1741 4685
1912 524 1741 4693
1913 527 1743 4701
1914 524 1747 4709
1915 531 1749 4717
1916 533 1752 4722
1917 529 1754 4730
1918 527 1760 4739
1919 524 1765 4743
1920 520 1767 4757
1921 519 1771 4764
1922 517 1773 4772
1923 520 1775 4773
1924 527 1776 4781
1925 523 1781 4790
1926 511 1787 4802
1927 517 1788 4811
1928 518 1791 4817
1929 528 1796 4822
1930 529 1802 4831
1931 531 1806 4837
1932 533 1807 4844
1933 542 1809 4852
1934 546 1812 4859
1935 542 1816 4869
1936 535 1819 4882
1937 539 1822 4889
1938 538 1826 4902
1939 542 1828 4910
1940 544 1828 4921
1941 534 1832 4934
1942 530 1837 4943
1943 532 1840 4950
1944 528 1844 4960
1945 521 1849 4972
1946 518 1852 4987
1947 514 1855 4993
1948 514 1856 4997
1949 511 1858 5008
1950 519 1858 5014
1951 525 1861 5019
1952 527 1863 5029
1953 536 1864 5034
1954 528 1866 5047
1955 524 1868 5057
1956 520 1869 5067
1957 521 1874 5073
1958 530 1879 5079
1959 538 1880 5083
1960 534 1884 5095
1961 530 1888 5106
1962 533 1890 5113
1963 536 1892 5124
1964 545 1896 5129
1965 544 1899 5137
1966 541 1903 5142
1967 540 1905 5151
1968 536 1910 5162
1969 535 1916 5169
1970 536 1920 5174
1971 540 1923 5181
1972 544 1928 5188
1973 545 1929 5196
1974 541 1936 5203
1975 536 1940 5212
1976 548 1942 5221
1977 552 1945 5225
1978 548 1948 5238
1979 547 1952 5247
1980 549 1955 5251
1981 549 1959 5258
1982 544 1962 5269
1983 553 1962 5275
1984 559 1964 5282
1985 557 1969 5292
1986 553 1974 5301
1987 555 1976 5310
1988 552 1979 5319
1989 553 1981 5330
1990 555 1985 5337
1991 554 1992 5341
1992 557 1997 5346
1993 563 2001 5348
1994 569 2001 5352
1995 570 2006 5362
1996 573 2009 5368
1997 572 2012 5376
1998 575 2016 5384
1999 575 2019 5396
2000 568 2024 5406
2001 566 2029 5419
2002 578 2031 5429
2003 586 2035 5438
2004 594 2035 5451
2005 595 2037 5462
2006 594 2040 5475
2007 601 2042 5479
2008 609 2043 5487
2009 608 2044 5498
2010 610 2052 5503
2011 601 2055 5517
2012 600 2060 5527
2013 596 2064 5536
2014 610 2065 5549
2015 608 2072 5559
2016 605 2073 5567
2017 604 2078 5578
2018 611 2079 5588
2019 609 2082 5598
2020 621 2084 5602
2021 614 2086 5617
2022 614 2088 5630
2023 616 2093 5643
2024 617 2094 5653
2025 611 2098 5667
2026 614 2100 5676
2027 605 2104 5689
2028 610 2107 5695
2029 613 2108 5709
2030 615 2111 5717
2031 619 2112 5730
2032 620 2116 5740
2033 615 2117 5750
2034 608 2122 5761
2035 604 2128 5769
2036 607 2130 5774
2037 608 2134 5778
2038 610 2134 5792
2039 619 2137 5799
2040 619 2141 5806
2041 618 2144 5815
2042 624 2144 5825
2043 629 2145 5833
2044 627 2151 5844
2045 638 2152 5853
2046 638 2154 5863
2047 639 2155 5872
2048 641 2156 5884
2049 639 2159 5893
2050 646 2162 5900
2051 644 2164 5912
2052 647 2167 5922
2053 641 2172 5932
2054 643 2174 5939
2055 644 2178 5946
2056 641 2182 5959
2057 648 2187 5964
2058 651 2190 5974
2059 656 2193 5984
2060 656 2196 5992
2061 656 2201 5998
2062 656 2203 6008
2063 663 2207 6019
2064 660 2209 6033
2065 668 2211 6041
2066 672 2213 6049
2067 673 2218 6056
2068 666 2226 6067
2069 667 2226 6076
2070 665 2231 6087
2071 659 2235 6100
2072 658 2241 6111
2073 649 2245 6130
2074 640 2248 6140
2075 650 2248 6145
2076 650 2253 6153
2077 656 2258 6159
2078 653 2261 6172
2079 652 2267 6180
2080 651 2273 6188
2081 648 2278 6201
2082 655 2279 6214
2083 658 2279 6228
2084 664 2284 6231
2085 654 2290 6244
2086 657 2295 6262
2087 658 2302 6273
2088 657 2308 6282
2089 655 2311 6293
2090 666 2317 6300
2091 677 2317 6307
2092 675 2321 6319
2093 680 2324 6331
2094 689 2327 6340
2095 698 2328 6346
2096 702 2330 6356
2097 706 2333 6363
2098 704 2335 6375
2099 705 2341 6388
2100 704 2344 6399
2101 709 2345 6411
2102 706 2347 6421
2103 715 2351 6431
2104 718 2354 6439
2105 706 2360 6453
2106 708 2369 6460
2107 711 2374 6466
2108 718 2377 6472
2109 720 2383 6481
2110 719 2385 6492
2111 717 2390 6513
2112 714 2394 6525
2113 711 2398 6534
2114 713 2401 6546
2115 721 2404 6560
2116 724 2407 6566
2117 723 2411 6580
2118 723 2416 6592
2119 731 2417 6600
2120 737 2422 6607
2121 734 2427 6619
2122 735 2431 6630
2123 739 2435 6642
2124 731 2437 6661
2125 731 2441 6671
2126 746 2446 6678
2127 743 2448 6689
2128 754 2451 6699
2129 761 2454 6713
2130 760 2459 6725
2131 755 2461 6739
2132 763 2465 6745
2133 761 2469 6757
2134 765 2471 6765
2135 760 2476 6778
2136 758 2481 6789
2137 749 2488 6802
2138 757 2491 6810
2139 761 2494 6819
2140 764 2498 6829
2141 765 2503 6841
2142 765 2512 6849
2143 777 2514 6855
2144 774 2519 6871
2145 768 2524 6886
2146 766 2528 6898
2147 771 2533 6906
2148 766 2537 6922
2149 760 2540 6937
2150 772 2546 6946
2151 767 2552 6959
2152 768 2554 6969
2153 774 2557 6981
2154 783 2558 6991
2155 785 2565 7000
2156 778 2567 7017
2157 781 2572 7025
2158 783 2577 7032
2159 795 2580 7039
2160 799 2583 7052
2161 796 2587 7069
2162 796 2589 7084
2163 799 2595 7096
2164 792 2602 7109
2165 795 2603 7118
2166 803 2608 7125
2167 799 2613 7139
2168 799 2616 7152
2169 800 2628 7158
2170 804 2631 7167
2171 801 2637 7180
2172 798 2644 7196
2173 800 2649 7205
2174 791 2655 7221
2175 793 2660 7230
2176 795 2664 7238
2177 796 2667 7251
2178 790 2675 7266
2179 796 2680 7276
2180 801 2686 7286
2181 805 2690 7298
2182 798 2696 7315
2183 806 2698 7328
2184 800 2705 7344
2185 813 2708 7352
2186 804 2714 7365
2187 800 2719 7381
2188 791 2723 7401
2189 790 2733 7412
2190 785 2741 7421
2191 771 2750 7435
2192 777 2754 7444
2193 773 2757 7455
2194 773 2762 7471
2195 788 2763 7476
2196 793 2768 7487
2197 791 2771 7503
2198 799 2774 7511
2199 804 2777 7518
2200 807 2783 7530
2201 811 2787 7540
2202 813 2791 7553
2203 816 2795 7566
2204 816 2799 7580
2205 823 2803 7590
2206 835 2807 7597
2207 839 2811 7606
2208 836 2816 7620
2209 838 2822 7631
2210 836 2826 7639
2211 829 2830 7650
2212 838 2830 7662
2213 848 2837 7671
2214 844 2846 7688
2215 844 2852 7697
2216 848 2856 7708
2217 847 2860 7723
2218 847 2867 7732
2219 854 2871 7740
2220 845 2879 7761
2221 848 2880 7775
2222 848 2883 7786
2223 857 2889 7793
2224 862 2895 7804
2225 869 2901 7811
2226 877 2905 7818
2227 864 2914 7837
2228 866 2918 7851
2229 869 2922 7863
2230 865 2926 7880
2231 871 2931 7893
2232 877 2935 7901
2233 879 2941 7916
2234 881 2943 7930
2235 875 2949 7945
2236 868 2952 7962
2237 866 2959 7971
2238 871 2963 7985
2239 875 2968 7996
2240 879 2973 8006
2241 875 2981 8023
2242 879 2986 8031
2243 883 2992 8042
2244 887 2998 8053
2245 882 3003 8071
2246 875 3010 8083
2247 880 3018 8093
2248 883 3025 8102
2249 880 3028 8120
2250 887 3032 8131
2251 894 3038 8141
2252 889 3042 8158
2253 902 3044 8169
2254 900 3052 8185
2255 906 3053 8195
2256 901 3059 8209
2257 908 3063 8221
2258 917 3067 8235
2259 917 3074 8244
2260 916 3080 8262
2261 926 3083 8273
2262 928 3086 8294
2263 915 3091 8319
2264 918 3092 8338
2265 920 3097 8354
2266 918 3103 8367
2267 920 3107 8380
2268 926 3111 8393
2269 927 3116 8405
2270 926 3118 8422
2271 939 3121 8426
2272 939 3125 8436
2273 948 3127 8447
2274 949 3135 8458
2275 956 3141 8470
2276 954 3149 8483
2277 959 3152 8495
2278 960 3155 8512
2279 971 3158 8522
2280 974 3166 8533
2281 975 3172 8546
2282 966 3178 8564
2283 960 3186 8578
2284 963 3193 8592
2285 972 3197 8603
2286 965 3204 8627
2287 969 3209 8642
2288 965 3214 8661
2289 964 3218 8676
2290 973 3223 8683
2291 972 3230 8699
2292 961 3239 8719
2293 964 3246 8736
2294 977 3251 8746
2295 993 3255 8754
2296 986 3265 8771
2297 976 3271 8791
2298 984 3275 8802
2299 986 3282 8813
2300 989 3291 8821
2301 996 3296 8831
2302 994 3304 8845
2303 991 3307 8869
2304 979 3311 8891
2305 974 3315 8910
2306 973 3320 8925
2307 979 3325 8941
2308 974 3334 8957
2309 974 3337 8975
2310 978 3342 8992
2311 980 3347 9005
2312 989 3350 9016
2313 1002 3357 9025
2314 986 3367 9043
2315 994 3373 9052
2316 998 3376 9064
2317 1006 3382 9076
2318 1007 3390 9088
2319 1004 3398 9105
2320 1003 3401 9121
2321 1011 3405 9129
2322 1010 3412 9144
2323 1010 3417 9158
2324 1007 3421 9183
2325 1003 3427 9207
2326 1002 3434 9220
2327 1006 3439 9232
2328 1000 3450 9245
2329 1005 3451 9262
2330 1007 3454 9276
2331 1005 3459 9296
2332 1008 3466 9312
2333 1012 3469 9324
2334 1012 3475 9342
2335 1011 3478 9358
2336 1024 3481 9373
2337 1035 3484 9385
2338 1023 3495 9403
2339 1033 3502 9421
2340 1038 3504 9435
2341 1033 3510 9450
2342 1034 3517 9464
2343 1045 3519 9480
2344 1039 3526 9500
2345 1046 3531 9514
2346 1047 3536 9527
2347 1048 3540 9544
2348 1048 3547 9561
2349 1047 3554 9577
2350 1038 3560 9599
2351 1036 3563 9623
2352 1034 3568 9639
2353 1031 3575 9656
2354 1029 3580 9675
2355 1038 3585 9687
2356 1047 3592 9701
2357 1056 3596 9714
2358 1047 3600 9740
2359 1043 3605 9760
2360 1053 3608 9774
2361 1054 3617 9786
2362 1053 3626 9804
2363 1057 3634 9817
2364 1043 3644 9841
2365 1045 3649 9856
2366 1046 3658 9873
2367 1052 3664 9888
2368 1049 3674 9901
2369 1040 3684 9918
2370 1040 3693 9930
2371 1051 3698 9943
2372 1057 3703 9959
2373 1062 3712 9976
2374 1050 3717 9999
2375 1059 3720 10013
2376 1047 3729 10033
2377 1042 3732 10049
2378 1045 3739 10070
2379 1048 3741 10081
2380 1061 3749 10090
2381 1056 3758 10109
2382 1070 3760 10118
2383 1053 3769 10138
2384 1047 3776 10153
2385 1045 3783 10175
2386 1047 3786 10195
2387 1048 3792 10215
2388 1048 3798 10237
2389 1048 3805 10255
2390 1048 3809 10268
2391 1053 3815 10280
2392 1054 3821 10293
2393 1054 3824 10309
2394 1053 3833 10325
2395 1054 3837 10338
2396 1056 3843 10353
2397 1046 3851 10372
2398 1045 3856 10390
2399 1049 3860 10406
2400 1062 3866 10412
2401 1061 3873 10430
2402 1069 3880 10444
2403 1076 3881 10458
2404 1076 3886 10479
2405 1072 3894 10495
2406 1077 3901 10510
2407 1081 3907 10524
2408 1072 3913 10541
2409 1063 3923 10563
2410 1058 3932 10576
2411 1058 3934 10591
2412 1068 3938 10603
2413 1068 3943 10619
2414 1068 3948 10641
2415 1057 3959 10658
2416 1067 3962 10673
2417 1070 3969 10688
2418 1074 3975 10705
2419 1073 3980 10728
2420 1090 3984 10739
2421 1083 3990 10757
2422 1076 3997 10778
2423 1086 4000 10789
2424 1088 4004 10802
2425 1087 4012 10819
2426 1092 4019 10832
2427 1099 4021 10850
2428 1103 4024 10870
2429 1103 4026 10886
2430 1102 4037 10903
2431 1099 4043 10922
2432 1093 4054 10937
2433 1098 4061 10953
2434 1095 4069 10972
2435 1102 4071 10986
2436 1084 4080 11010
2437 1101 4084 11026
2438 1096 4090 11042
2439 1099 4094 11061
2440 1106 4096 11072
2441 1099 4104 11091
2442 1106 4110 11102
2443 1111 4113 11118
2444 1120 4118 11131
2445 1123 4123 11149
2446 1122 4128 11168
2447 1115 4138 11189
2448 1107 4148 11209
2449 1101 4156 11227
2450 1110 4163 11242
2451 1117 4169 11254
2452 1120 4173 11272
2453 1118 4180 11288
2454 1121 4185 11305
2455 1123 4188 11324
2456 1135 4194 11335
2457 1133 4202 11353
2458 1128 4212 11372
2459 1138 4218 11386
2460 1146 4221 11409
2461 1152 4227 11428
2462 1160 4237 11438
2463 1169 4244 11453
2464 1167 4255 11469
2465 1173 4262 11487
2466 1172 4272 11507
2467 1168 4278 11524
2468 1171 4286 11542
2469 1167 4297 11559
2470 1163 4303 11581
2471 1164 4307 11601
2472 1176 4310 11613
2473 1169 4319 11630
2474 1173 4324 11655
2475 1185 4331 11670
2476 1188 4335 11685
2477 1180 4340 11708
2478 1193 4343 11722
2479 1196 4352 11733
2480 1203 4356 11751
2481 1215 4361 11768
2482 1224 4361 11787
2483 1217 4371 11810
2484 1225 4377 11826
2485 1225 4383 11849
2486 1218 4390 11868
2487 1215 4399 11887
2488 1210 4406 11904
2489 1204 4416 11929
2490 1203 4426 11945
2491 1196 4438 11963
2492 1195 4444 11982
2493 1199 4449 12001
2494 1212 4455 12015
2495 1206 4460 12038
2496 1212 4468 12056
2497 1220 4473 12073
2498 1234 4478 12084
2499 1232 4484 12104
2500 1245 4487 12116
2501 1243 4492 12137
2502 1252 4494 12151
2503 1238 4504 12181
2504 1240 4511 12201
2505 1239 4519 12228
2506 1241 4525 12244
2507 1243 4530 12267
2508 1249 4535 12284
2509 1266 4541 12302
2510 1273 4547 12314
2511 1275 4557 12331
2512 1282 4561 12347
2513 1286 4567 12366
2514 1290 4579 12382
2515 1292 4588 12397
2516 1298 4596 12409
2517 1298 4599 12436
2518 1292 4613 12459
2519 1287 4628 12477
2520 1288 4636 12494
2521 1290 4649 12516
2522 1276 4662 12537
2523 1284 4666 12556
2524 1286 4680 12573
2525 1295 4689 12592
2526 1288 4703 12616
2527 1278 4712 12641
2528 1272 4719 12666
2529 1283 4726 12677
2530 1285 4733 12702
2531 1284 4743 12720
2532 1294 4750 12733
2533 1303 4759 12749
2534 1298 4767 12769
2535 1296 4771 12793
2536 1302 4773 12808
2537 1303 4779 12826
2538 1298 4786 12853
2539 1296 4789 12877
2540 1294 4798 12901
2541 1304 4807 12918
2542 1305 4816 12937
2543 1311 4822 12958
2544 1315 4827 12980
2545 1302 4834 13003
2546 1314 4841 13018
2547 1307 4846 13043
2548 1314 4850 13064
2549 1304 4859 13093
2550 1306 4864 13114
2551 1294 4870 13143
2552 1299 4877 13167
2553 1293 4887 13187
2554 1297 4894 13205
2555 1300 4900 13222
2556 1313 4903 13233
2557 1318 4908 13248
2558 1333 4914 13263
2559 1343 4921 13281
2560 1331 4932 13311
2561 1322 4939 13337
2562 1331 4947 13348
2563 1333 4958 13368
2564 1341 4967 13386
2565 1349 4977 13403
2566 1358 4985 13422
2567 1381 4992 13434
2568 1388 5007 13454
2569 1394 5013 13471
2570 1409 5025 13492
2571 1402 5034 13515
2572 1388 5040 13543
2573 1385 5056 13567
2574 1383 5060 13584
2575 1382 5067 13604
2576 1374 5080 13625
2577 1375 5088 13643
2578 1375 5090 13670
2579 1376 5098 13695
2580 1378 5108 13712
2581 1376 5112 13740
2582 1378 5125 13763
2583 1383 5128 13791
2584 1379 5136 13810
2585 1385 5141 13829
2586 1376 5152 13859
2587 1383 5158 13887
2588 1391 5168 13899
2589 1388 5177 13924
2590 1396 5183 13945
2591 1410 5189 13959
2592 1415 5193 13977
2593 1420 5198 13997
2594 1411 5205 14025
2595 1411 5210 14049
2596 1419 5221 14064
2597 1407 5227 14095
2598 1415 5235 14108
2599 1431 5241 14124
2600 1439 5251 14147
2601 1440 5262 14167
2602 1437 5270 14189
2603 1446 5278 14204
2604 1450 5283 14231
2605 1448 5292 14249
2606 1448 5300 14272
2607 1453 5308 14290
2608 1449 5315 14324
2609 1451 5326 14346
2610 1460 5336 14367
2611 1463 5341 14393
2612 1464 5352 14410
2613 1463 5363 14438
2614 1470 5373 14460
2615 1478 5379 14477
2616 1467 5384 14502
2617 1471 5394 14524
2618 1461 5408 14546
2619 1457 5418 14568
2620 1456 5426 14593
2621 1473 5437 14605
2622 1485 5446 14621
2623 1478 5454 14655
2624 1480 5463 14677
2625 1480 5471 14698
2626 1474 5477 14726
2627 1486 5484 14740
2628 1492 5493 14765
2629 1485 5499 14795
2630 1494 5508 14816
2631 1491 5516 14836
2632 1491 5525 14862
2633 1492 5534 14887
2634 1483 5541 14920
2635 1486 5547 14942
2636 1482 5558 14967
2637 1479 5560 14991
2638 1481 5571 15009
2639 1491 5578 15023
2640 1501 5583 15045
2641 1495 5590 15073
2642 1504 5596 15094
2643 1495 5608 15117
2644 1500 5616 15138
2645 1510 5621 15156
2646 1517 5631 15178
2647 1506 5643 15210
2648 1508 5654 15236
2649 1507 5663 15260
2650 1517 5673 15282
2651 1522 5680 15305
2652 1526 5688 15322
2653 1519 5695 15348
2654 1508 5708 15377
2655 1498 5719 15405
2656 1501 5728 15426
2657 1497 5735 15452
2658 1510 5740 15467
2659 1523 5752 15486
2660 1525 5760 15511
2661 1526 5769 15539
2662 1537 5773 15565
2663 1545 5777 15586
2664 1548 5786 15606
2665 1558 5795 15626
2666 1556 5805 15654
2667 1566 5810 15676
2668 1570 5815 15698
2669 1582 5828 15712
2670 1583 5834 15734
2671 1590 5842 15762
2672 1595 5851 15784
2673 1604 5858 15809
2674 1602 5865 15830
2675 1607 5873 15848
2676 1623 5882 15868
2677 1624 5890 15896
2678 1636 5900 15916
2679 1632 5906 15946
2680 1640 5914 15970
2681 1634 5920 16001
2682 1643 5930 16025
2683 1653 5939 16045
2684 1672 5950 16062
2685 1656 5967 16084
2686 1657 5977 16116
2687 1657 5983 16142
2688 1674 5988 16165
2689 1670 5995 16195
2690 1668 6005 16216
2691 1664 6011 16241
2692 1666 6024 16268
2693 1663 6043 16287
2694 1666 6052 16307
2695 1664 6066 16331
2696 1673 6070 16354
2697 1669 6080 16375
2698 1680 6089 16400
2699 1678 6097 16432
2700 1682 6104 16452
2701 1680 6112 16482
2702 1683 6124 16505
2703 1685 6133 16529
2704 1693 6146 16557
2705 1695 6150 16580
2706 1696 6161 16610
2707 1703 6165 16634
2708 1705 6174 16658
2709 1712 6185 16678
2710 1723 6191 16698
2711 1735 6196 16717
2712 1734 6208 16744
2713 1743 6217 16764
2714 1749 6226 16788
2715 1743 6242 16817
2716 1734 6250 16853
2717 1732 6260 16883
2718 1716 6276 16913
2719 1713 6291 16938
2720 1713 6308 16960
2721 1718 6319 16987
2722 1721 6331 17017
2723 1705 6342 17048
2724 1711 6353 17073
2725 1710 6364 17093
2726 1706 6375 17122
2727 1714 6384 17142
2728 1729 6394 17165
2729 1728 6412 17188
2730 1727 6418 17217
2731 1725 6430 17238
2732 1738 6439 17260
2733 1757 6446 17282
2734 1751 6467 17304
2735 1746 6479 17328
2736 1743 6492 17354
2737 1750 6507 17381
2738 1749 6518 17415
2739 1745 6524 17451
2740 1744 6529 17475
2741 1756 6534 17503
2742 1756 6540 17536
2743 1748 6554 17572
2744 1749 6563 17595
2745 1751 6572 17626
2746 1763 6580 17649
2747 1775 6585 17674
2748 1773 6594 17706
2749 1777 6607 17736
2750 1772 6614 17767
2751 1764 6624 17802
2752 1767 6637 17830
2753 1774 6646 17860
2754 1780 6656 17886
2755 1790 6666 17905
2756 1803 6674 17929
2757 1807 6681 17957
2758 1795 6695 17995
2759 1797 6700 18025
2760 1808 6711 18046
2761 1815 6725 18068
2762 1824 6733 18090
2763 1841 6742 18117
2764 1845 6755 18140
2765 1848 6761 18178
2766 1829 6777 18214
2767 1835 6789 18236
2768 1834 6799 18259
2769 1828 6811 18293
2770 1832 6829 18319
2771 1850 6838 18344
2772 1837 6852 18378
2773 1832 6867 18408
2774 1838 6878 18433
2775 1827 6896 18463
2776 1827 6908 18488
2777 1840 6915 18512
2778 1849 6931 18533
2779 1854 6939 18562
2780 1861 6954 18585
2781 1854 6969 18613
2782 1850 6981 18646
2783 1848 6991 18680
2784 1853 7000 18713
2785 1830 7013 18754
2786 1844 7023 18774
2787 1854 7029 18793
2788 1849 7040 18827
2789 1848 7047 18852
2790 1847 7054 18880
2791 1840 7062 18909
2792 1843 7074 18932
2793 1842 7086 18968
2794 1847 7096 18997
2795 1841 7109 19024
2796 1867 7117 19042
2797 1883 7125 19061
2798 1881 7138 19088
2799 1893 7152 19109
2800 1901 7168 19128
2801 1901 7179 19147
2802 1900 7191 19186
2803 1907 7200 19216
2804 1896 7209 19252
2805 1896 7222 19280
2806 1887 7233 19308
2807 1885 7243 19335
2808 1890 7252 19360
2809 1895 7260 19388
2810 1901 7277 19413
2811 1886 7290 19451
2812 1890 7300 19483
2813 1887 7309 19516
2814 1901 7317 19535
2815 1892 7326 19562
2816 1894 7339 19588
2817 1886 7348 19628
2818 1897 7357 19650
2819 1905 7361 19683
2820 1901 7377 19714
2821 1893 7391 19745
2822 1903 7402 19768
2823 1907 7411 19796
2824 1900 7425 19827
2825 1897 7436 19859
2826 1886 7454 19891
2827 1900 7467 19916
2828 1910 7473 19945
2829 1910 7485 19981
2830 1902 7500 20015
2831 1902 7507 20044
2832 1900 7520 20076
2833 1907 7527 20108
2834 1920 7530 20138
2835 1917 7542 20166
2836 1923 7556 20199
2837 1932 7570 20222
2838 1936 7581 20249
2839 1933 7596 20281
2840 1940 7605 20307
2841 1938 7615 20344
2842 1958 7621 20369
2843 1946 7630 20405
2844 1963 7643 20425
2845 1958 7653 20460
2846 1965 7664 20489
2847 1979 7674 20513
2848 1974 7681 20546
2849 1978 7693 20572
2850 1954 7713 20613
2851 1952 7726 20641
2852 1937 7738 20676
2853 1942 7752 20707
2854 1958 7760 20731
2855 1952 7779 20754
2856 1950 7789 20782
2857 1961 7800 20799
2858 1953 7814 20832
2859 1947 7826 20866
2860 1941 7842 20891
2861 1947 7850 20925
2862 1950 7862 20950
2863 1950 7873 20984
2864 1953 7884 21011
2865 1965 7894 21039
2866 1960 7903 21076
2867 1951 7911 21114
2868 1961 7918 21135
2869 1961 7929 21168
2870 1966 7937 21194
2871 1956 7951 21231
2872 1959 7962 21265
2873 1980 7972 21283
2874 2003 7977 21306
2875 2011 7983 21343
2876 2024 7994 21367
2877 2020 8004 21402
2878 2049 8011 21420
2879 2053 8020 21457
2880 2041 8043 21489
2881 2015 8064 21528
2882 2012 8071 21561
2883 2018 8081 21587
2884 2013 8093 21619
2885 2032 8108 21640
2886 2036 8118 21673
2887 2006 8138 21717
2888 1997 8152 21746
2889 1988 8167 21785
2890 1996 8177 21809
2891 2000 8187 21837
2892 1992 8198 21868
2893 2010 8205 21896
2894 2018 8213 21931
2895 2034 8225 21956
2896 2046 8232 21988
2897 2037 8248 22032
2898 2040 8263 22058
2899 2051 8270 22085
2900 2040 8285 22121
2901 2047 8292 22155
2902 2057 8301 22191
2903 2065 8311 22217
2904 2074 8318 22250
2905 2079 8329 22282
2906 2084 8340 22307
2907 2082 8355 22339
2908 2078 8365 22366
2909 2093 8375 22395
2910 2117 8383 22420
2911 2104 8399 22466
2912 2105 8409 22493
2913 2106 8423 22529
2914 2098 8436 22568
2915 2078 8453 22608
2916 2084 8465 22637
2917 2087 8473 22671
2918 2082 8480 22707
2919 2093 8493 22733
2920 2085 8504 22772
2921 2071 8513 22810
2922 2070 8518 22850
2923 2074 8531 22874
2924 2088 8540 22901
2925 2070 8558 22941
2926 2075 8570 22970
2927 2082 8584 23005
2928 2101 8593 23031
2929 2102 8608 23067
2930 2116 8613 23095
2931 2087 8635 23144
2932 2084 8647 23181
2933 2087 8658 23215
2934 2087 8670 23249
2935 2089 8683 23277
2936 2079 8700 23319
2937 2082 8711 23346
2938 2083 8726 23377
2939 2089 8738 23398
2940 2107 8742 23420
2941 2114 8754 23455
2942 2109 8765 23486
2943 2101 8774 23523
2944 2113 8786 23555
2945 2111 8792 23598
2946 2109 8807 23633
2947 2111 8822 23672
2948 2114 8835 23701
2949 2124 8845 23725
2950 2120 8858 23760
2951 2123 8869 23797
2952 2142 8877 23822
2953 2155 8888 23846
2954 2163 8897 23874
2955 2169 8907 23910
2956 2172 8920 23944
2957 2183 8931 23969
2958 2200 8946 23990
2959 2198 8959 24023
2960 2196 8970 24061
2961 2194 8980 24091
2962 2206 8987 24121
2963 2195 8998 24157
2964 2184 9006 24202
2965 2176 9014 24245
2966 2170 9022 24288
2967 2178 9029 24318
2968 2187 9040 24347
2969 2187 9050 24388
2970 2191 9061 24419
2971 2178 9078 24454
2972 2180 9094 24477
2973 2166 9114 24513
2974 2163 9125 24544
2975 2158 9140 24582
2976 2163 9146 24615
2977 2167 9157 24649
2978 2173 9169 24676
2979 2193 9182 24700
2980 2191 9193 24736
2981 2190 9201 24770
2982 2189 9214 24808
2983 2181 9226 24841
2984 2195 9235 24867
2985 2190 9250 24899
2986 2199 9266 24930
2987 2202 9276 24961
2988 2213 9283 24995
2989 2228 9293 25020
2990 2236 9309 25047
2991 2239 9326 25071
2992 2239 9342 25107
2993 2245 9354 25149
2994 2235 9368 25192
2995 2225 9380 25240
2996 2239 9388 25268
2997 2255 9397 25302
2998 2275 9406 25324
2999 2275 9420 25354
3000 2282 9434 25393
3001 2276 9450 25434
3002 2282 9463 25458
3003 2285 9482 25495
3004 2296 9495 25535
3005 2313 9509 25563
3006 2313 9523 25588
3007 2299 9541 25629
3008 2310 9551 25657
3009 2327 9559 25684
3010 2311 9575 25725
3011 2327 9580 25759
3012 2335 9598 25791
3013 2333 9614 25820
3014 2326 9634 25859
3015 2339 9651 25891
3016 2338 9664 25925
3017 2317 9677 25971
3018 2325 9694 26009
3019 2338 9700 26040
3020 2334 9713 26072
3021 2329 9728 26109
3022 2341 9736 26146
3023 2364 9748 26172
3024 2349 9764 26213
3025 2343 9786 26250
3026 2357 9799 26288
3027 2379 9809 26309
3028 2376 9830 26347
3029 2410 9838 26378
3030 2416 9852 26414
3031 2425 9861 26450
3032 2406 9880 26490
3033 2412 9892 26518
3034 2425 9909 26552
3035 2411 9920 26597
3036 2423 9936 26626
3037 2415 9952 26665
3038 2415 9963 26703
3039 2410 9976 26744
3040 2421 9996 26775
3041 2431 10012 26806
3042 2423 10025 26849
3043 2431 10036 26885
3044 2436 10049 26922
3045 2425 10061 26969
3046 2440 10073 27001
3047 2447 10085 27042
3048 2449 10094 27086
3049 2443 10101 27130
3050 2440 10118 27173
3051 2441 10126 27206
3052 2444 10138 27245
3053 2450 10150 27278
3054 2463 10163 27303
3055 2461 10179 27334
3056 2476 10195 27364
3057 2462 10207 27414
3058 2442 10224 27457
3059 2452 10235 27489
3060 2454 10242 27531
3061 2440 10261 27574
3062 2444 10271 27608
3063 2447 10287 27636
3064 2463 10295 27661
3065 2469 10308 27693
3066 2480 10321 27734
3067 2485 10334 27775
3068 2508 10346 27799
3069 2527 10361 27821
3070 2553 10377 27853
3071 2567 10396 27882
3072 2557 10417 27922
3073 2548 10429 27972
3074 2560 10441 28004
3075 2534 10456 28060
3076 2538 10474 28103
3077 2531 10497 28138
3078 2534 10511 28180
3079 2535 10523 28209
3080 2536 10543 28248
3081 2522 10563 28284
3082 2527 10581 28318
3083 2515 10601 28357
3084 2517 10612 28394
3085 2523 10630 28427
3086 2525 10641 28470
3087 2521 10650 28514
3088 2525 10665 28549
3089 2515 10686 28595
3090 2481 10704 28644
3091 2475 10721 28687
3092 2480 10731 28714
3093 2484 10743 28753
3094 2487 10756 28798
3095 2488 10773 28823
3096 2495 10781 28858
3097 2508 10792 28887
3098 2503 10806 28926
3099 2511 10818 28961
3100 2545 10829 28991
3101 2538 10847 29030
3102 2549 10855 29069
3103 2531 10873 29114
3104 2539 10886 29153
3105 2541 10901 29189
3106 2551 10912 29225
3107 2555 10928 29258
3108 2558 10944 29296
3109 2553 10960 29332
3110 2550 10975 29366
3111 2549 10989 29402
3112 2560 11004 29438
3113 2570 11014 29476
3114 2564 11030 29518
3115 2557 11052 29560
3116 2571 11068 29600
3117 2580 11090 29630
3118 2579 11116 29660
3119 2561 11132 29712
3120 2554 11155 29753
3121 2557 11176 29795
3122 2553 11186 29832
3123 2554 11203 29875
3124 2554 11219 29915
3125 2554 11231 29955
3126 2554 11246 29998
3127 2541 11259 30041
3128 2551 11276 30070
3129 2550 11295 30111
3130 2559 11309 30143
3131 2560 11322 30185
3132 2558 11339 30219
3133 2551 11355 30261
3134 2544 11372 30300
3135 2553 11396 30329
3136 2548 11419 30367
3137 2564 11431 30401
3138 2569 11441 30439
3139 2572 11461 30480
3140 2544 11472 30542
3141 2538 11490 30594
3142 2542 11500 30636
3143 2549 11514 30673
3144 2561 11525 30707
3145 2562 11544 30758
3146 2573 11557 30792
3147 2585 11568 30832
3148 2577 11590 30869
3149 2582 11600 30912
3150 2575 11612 30961
3151 2574 11627 31009
3152 2574 11638 31041
3153 2562 11653 31086
3154 2554 11670 31128
3155 2556 11684 31167
3156 2565 11700 31209
3157 2574 11714 31248
3158 2573 11732 31280
3159 2573 11748 31318
3160 2555 11767 31358
3161 2551 11787 31392
3162 2568 11803 31418
3163 2586 11810 31445
3164 2585 11826 31477
3165 2585 11834 31518
3166 2577 11848 31561
3167 2569 11863 31601
3168 2577 11879 31631
3169 2589 11895 31652
3170 2578 11910 31703
3171 2579 11926 31741
3172 2581 11938 31779
3173 2586 11955 31814
3174 2594 11964 31847
3175 2594 11974 31889
3176 2559 11996 31947
3177 2560 12008 31990
3178 2571 12018 32021
3179 2578 12036 32054
3180 2581 12053 32091
3181 2588 12062 32129
3182 2592 12079 32164
3183 2598 12091 32199
3184 2601 12106 32236
3185 2591 12123 32274
3186 2606 12136 32309
3187 2607 12154 32344
3188 2590 12178 32391
3189 2594 12195 32424
3190 2620 12208 32459
3191 2639 12215 32492
3192 2643 12232 32522
3193 2666 12241 32557
3194 2663 12255 32601
3195 2672 12268 32634
3196 2690 12278 32676
3197 2698 12298 32720
3198 2706 12316 32752
3199 2705 12330 32798
3200 2690 12350 32847
3201 2692 12368 32897
3202 2683 12389 32936
3203 2685 12403 32976
3204 2687 12425 33016
3205 2707 12441 33043
3206 2711 12457 33087
3207 2719 12464 33127
3208 2735 12481 33153
3209 2747 12499 33189
3210 2743 12510 33226
3211 2743 12524 33274
3212 2751 12541 33315
3213 2742 12563 33360
3214 2743 12580 33397
3215 2737 12594 33445
3216 2747 12605 33483
3217 2756 12622 33520
3218 2763 12638 33563
3219 2748 12660 33612
3220 2739 12672 33661
3221 2761 12685 33699
3222 2766 12702 33740
3223 2761 12712 33784
3224 2782 12725 33827
3225 2801 12735 33868
3226 2801 12755 33908
3227 2776 12774 33957
3228 2766 12791 34005
3229 2784 12808 34036
3230 2801 12825 34073
3231 2799 12838 34121
3232 2794 12856 34176
3233 2785 12869 34220
3234 2789 12884 34259
3235 2787 12904 34300
3236 2781 12916 34348
3237 2771 12926 34403
3238 2786 12939 34433
3239 2787 12950 34472
3240 2789 12969 34513
3241 2793 12991 34547
3242 2807 13003 34585
3243 2796 13025 34631
3244 2803 13044 34664
3245 2809 13061 34703
3246 2806 13073 34753
3247 2802 13099 34798
3248 2793 13116 34851
3249 2785 13137 34896
3250 2769 13149 34954
3251 2790 13162 34994
3252 2802 13175 35030
3253 2810 13191 35066
3254 2820 13202 35107
3255 2832 13211 35149
3256 2833 13228 35193
3257 2831 13240 35240
3258 2840 13253 35282
3259 2846 13269 35325
3260 2829 13291 35372
3261 2838 13302 35416
3262 2849 13318 35452
3263 2844 13339 35499
3264 2839 13355 35544
3265 2850 13366 35581
3266 2843 13380 35634
3267 2849 13391 35681
3268 2859 13405 35718
3269 2866 13423 35753
3270 2865 13432 35802
3271 2871 13447 35839
3272 2886 13464 35876
3273 2897 13473 35927
3274 2902 13490 35960
3275 2909 13503 36001
3276 2908 13519 36046
3277 2924 13531 36081
3278 2925 13541 36130
3279 2930 13554 36171
3280 2945 13567 36216
3281 2938 13581 36262
3282 2960 13592 36314
3283 2974 13603 36347
3284 2976 13621 36387
3285 2976 13640 36427
3286 2978 13650 36472
3287 2990 13668 36518
3288 3008 13681 36563
3289 2989 13698 36613
3290 3002 13711 36650
3291 2998 13728 36693
3292 2998 13744 36735
3293 2995 13763 36788
3294 2991 13786 36839
3295 3000 13808 36870
3296 3000 13834 36906
3297 3023 13852 36942
3298 3025 13865 36990
3299 3041 13879 37024
3300 3056 13898 37067
3301 3038 13917 37124
3302 3039 13930 37183
3303 3039 13948 37237
3304 3022 13969 37291
3305 3001 13989 37354
3306 2990 14010 37410
3307 2991 14029 37446
3308 3004 14045 37482
3309 2985 14062 37539
3310 2987 14083 37585
3311 2991 14102 37639
3312 3016 14117 37669
3313 3003 14143 37714
3314 3005 14168 37754
3315 3023 14183 37789
3316 3023 14203 37829
3317 3042 14220 37875
3318 3050 14238 37914
3319 3062 14257 37950
3320 3072 14279 37988
3321 3104 14290 38025
3322 3107 14306 38074
3323 3113 14320 38123
3324 3114 14337 38173
3325 3128 14354 38223
3326 3124 14377 38277
3327 3116 14391 38341
3328 3116 14402 38387
3329 3121 14415 38438
3330 3131 14434 38476
3331 3120 14457 38529
3332 3107 14474 38583
3333 3107 14490 38618
3334 3104 14508 38668
3335 3109 14526 38705
3336 3116 14544 38752
3337 3139 14562 38797
3338 3150 14579 38847
3339 3169 14600 38888
3340 3197 14611 38925
3341 3200 14630 38971
3342 3187 14645 39029
3343 3193 14662 39082
3344 3186 14683 39129
3345 3205 14704 39172
3346 3219 14721 39216
3347 3226 14733 39256
3348 3243 14751 39294
3349 3237 14767 39350
3350 3252 14782 39395
3351 3262 14802 39450
3352 3268 14817 39509
3353 3271 14839 39552
3354 3267 14857 39606
3355 3264 14878 39649
3356 3281 14893 39690
3357 3285 14914 39743
3358 3316 14936 39777
3359 3311 14955 39822
3360 3308 14977 39875
3361 3314 14992 39933
3362 3343 15010 39975
3363 3338 15034 40021
3364 3351 15056 40070
3365 3359 15073 40125
3366 3345 15095 40176
3367 3331 15115 40232
3368 3316 15130 40286
3369 3318 15154 40339
3370 3324 15169 40387
3371 3304 15189 40453
3372 3302 15206 40507
3373 3283 15227 40571
3374 3275 15243 40629
3375 3309 15256 40672
3376 3282 15274 40738
3377 3280 15291 40794
3378 3287 15301 40842
3379 3267 15315 40911
3380 3260 15333 40965
3381 3258 15349 41024
3382 3268 15360 41074
3383 3280 15370 41122
3384 3300 15389 41156
3385 3298 15409 41211
3386 3309 15427 41256
3387 3304 15450 41313
3388 3305 15465 41369
3389 3292 15481 41436
3390 3291 15509 41491
3391 3311 15522 41536
3392 3296 15540 41591
3393 3297 15564 41643
3394 3287 15591 41697
3395 3270 15621 41751
3396 3289 15636 41791
3397 3282 15655 41841
3398 3284 15672 41883
3399 3277 15692 41931
3400 3286 15711 41981
3401 3302 15729 42012
3402 3291 15752 42055
3403 3302 15770 42104
3404 3317 15789 42139
3405 3323 15812 42191
3406 3331 15831 42242
3407 3328 15855 42296
3408 3340 15870 42343
3409 3345 15888 42394
3410 3340 15920 42456
3411 3343 15945 42502
3412 3351 15965 42549
3413 3356 15993 42603
3414 3366 16018 42653
3415 3366 16046 42706
3416 3361 16060 42774
3417 3354 16090 42828
3418 3365 16113 42873
3419 3380 16128 42923
3420 3384 16150 42977
3421 3371 16170 43041
3422 3378 16188 43089
3423 3374 16203 43150
3424 3354 16219 43210
3425 3381 16235 43249
3426 3376 16256 43303
3427 3403 16273 43337
3428 3406 16294 43382
3429 3416 16312 43436
3430 3424 16332 43487
3431 3434 16349 43546
3432 3436 16372 43588
3433 3438 16395 43641
3434 3408 16424 43703
3435 3415 16444 43755
3436 3428 16468 43801
3437 3421 16489 43859
3438 3404 16505 43926
3439 3403 16525 43979
3440 3417 16541 44024
3441 3446 16563 44058
3442 3446 16585 44095
3443 3448 16617 44139
3444 3427 16647 44205
3445 3435 16662 44259
3446 3447 16678 44304
3447 3459 16700 44351
3448 3479 16710 44395
3449 3511 16740 44432
3450 3530 16763 44474
3451 3547 16786 44515
3452 3560 16809 44567
3453 3553 16831 44618
3454 3570 16850 44664
3455 3580 16870 44716
3456 3581 16890 44766
3457 3587 16912 44817
3458 3582 16929 44872
3459 3569 16954 44931
3460 3576 16970 44980
3461 3578 16992 45038
3462 3580 17012 45088
3463 3579 17034 45139
3464 3591 17056 45186
3465 3588 17073 45243
3466 3581 17093 45302
3467 3585 17112 45354
3468 3594 17130 45407
3469 3600 17156 45467
3470 3577 17175 45544
3471 3612 17190 45589
3472 3615 17212 45641
3473 3595 17230 45701
3474 3606 17242 45756
3475 3599 17270 45806
3476 3611 17291 45844
3477 3605 17308 45906
3478 3599 17338 45958
3479 3605 17355 46015
3480 3622 17376 46070
3481 3612 17397 46126
3482 3613 17420 46185
3483 3613 17439 46236
3484 3620 17463 46284
3485 3622 17484 46339
3486 3620 17504 46394
3487 3647 17519 46430
3488 3661 17535 46472
3489 3679 17556 46520
3490 3685 17571 46578
3491 3707 17588 46631
3492 3719 17608 46675
3493 3711 17628 46733
3494 3719 17654 46781
3495 3704 17680 46849
3496 3716 17702 46887
3497 3727 17715 46952
3498 3727 17732 47020
3499 3724 17750 47074
3500 3726 17764 47131
3501 3737 17779 47186
3502 3731 17816 47234
3503 3724 17838 47291
3504 3710 17859 47352
3505 3700 17888 47411
3506 3691 17916 47470
3507 3682 17948 47520
3508 3688 17966 47580
3509 3694 17982 47637
3510 3686 18004 47691
3511 3693 18021 47753
3512 3680 18043 47820
3513 3688 18066 47879
3514 3684 18099 47933
3515 3687 18119 47990
3516 3696 18131 48035
3517 3710 18149 48086
3518 3713 18174 48140
3519 3726 18194 48195
3520 3753 18214 48249
3521 3753 18237 48318
3522 3756 18260 48364
3523 3759 18284 48432
3524 3792 18293 48473
3525 3809 18315 48533
3526 3820 18329 48594
3527 3810 18350 48645
3528 3794 18377 48707
3529 3811 18393 48762
3530 3799 18412 48840
3531 3819 18437 48889
3532 3793 18459 48959
3533 3799 18481 49009
3534 3806 18503 49065
3535 3829 18522 49121
3536 3846 18546 49177
3537 3852 18572 49229
3538 3885 18588 49279
3539 3882 18611 49341
3540 3886 18633 49402
3541 3874 18651 49476
3542 3890 18670 49525
3543 3882 18700 49598
3544 3858 18720 49669
3545 3832 18753 49742
3546 3840 18768 49798
3547 3844 18784 49856
3548 3849 18809 49916
3549 3860 18834 49985
3550 3867 18852 50033
3551 3871 18877 50094
3552 3880 18901 50149
3553 3880 18925 50200
3554 3875 18951 50258
3555 3888 18972 50311
3556 3877 18994 50371
3557 3883 19020 50417
3558 3865 19048 50485
3559 3880 19062 50546
3560 3859 19089 50618
3561 3868 19105 50678
3562 3847 19128 50746
3563 3848 19154 50808
3564 3848 19176 50873
3565 3837 19194 50937
3566 3851 19217 50990
3567 3879 19236 51045
3568 3879 19263 51102
3569 3877 19287 51164
3570 3899 19303 51211
3571 3904 19324 51266
3572 3913 19352 51323
3573 3903 19376 51391
3574 3908 19396 51443
3575 3940 19417 51490
3576 3923 19445 51559
3577 3959 19458 51616
3578 3975 19490 51668
3579 3990 19499 51734
3580 4002 19520 51788
3581 3978 19541 51865
3582 3967 19565 51926
3583 3973 19584 51996
3584 3976 19609 52068
3585 3972 19636 52134
3586 3967 19660 52194
3587 3967 19678 52253
3588 3984 19701 52309
3589 4022 19718 52367
3590 4021 19747 52432
3591 4002 19766 52507
3592 4024 19781 52561
3593 4023 19801 52630
3594 4045 19816 52694
3595 4059 19848 52748
3596 4043 19873 52815
3597 4029 19890 52883
3598 4014 19916 52947
3599 4033 19937 53000
3600 4046 19957 53055
3601 4059 19979 53102
3602 4055 19999 53170
3603 4075 20017 53231
3604 4071 20037 53291
3605 4072 20055 53356
3606 4095 20073 53413
3607 4096 20094 53484
3608 4104 20116 53553
3609 4106 20137 53618
3610 4100 20160 53677
3611 4084 20178 53754
3612 4080 20196 53826
3613 4078 20220 53898
3614 4097 20242 53957
3615 4080 20271 54035
3616 4086 20296 54092
3617 4094 20319 54136
3618 4091 20342 54203
3619 4104 20366 54261
3620 4116 20381 54318
3621 4115 20403 54389
3622 4132 20426 54447
3623 4124 20447 54516
3624 4125 20467 54581
3625 4136 20495 54634
3626 4144 20512 54694
3627 4157 20533 54756
3628 4171 20557 54817
3629 4181 20576 54881
3630 4175 20601 54940
3631 4196 20624 55001
3632 4198 20641 55077
3633 4197 20666 55151
3634 4213 20686 55202
3635 4217 20707 55262
3636 4214 20728 55332
3637 4213 20748 55406
3638 4233 20764 55462
3639 4225 20784 55533
3640 4250 20809 55592
3641 4245 20835 55663
3642 4261 20860 55713
3643 4257 20890 55776
3644 4253 20911 55848
3645 4253 20936 55913
3646 4260 20964 55958
3647 4265 20989 56020
3648 4272 21011 56084
3649 4295 21034 56145
3650 4296 21058 56217
3651 4311 21085 56280
3652 4310 21114 56342
3653 4309 21142 56409
3654 4325 21172 56465
3655 4322 21185 56545
3656 4323 21210 56601
3657 4318 21240 56670
3658 4324 21263 56741
3659 4302 21292 56808
3660 4311 21313 56869
3661 4316 21336 56935
3662 4316 21362 56992
3663 4348 21384 57041
3664 4354 21404 57113
3665 4354 21427 57178
3666 4369 21456 57234
3667 4374 21480 57290
3668 4376 21506 57359
3669 4383 21530 57418
3670 4411 21543 57478
3671 4407 21561 57550
3672 4426 21580 57609
3673 4413 21602 57696
3674 4412 21626 57759
3675 4433 21650 57805
3676 4446 21674 57879
3677 4457 21712 57942
3678 4477 21739 57997
3679 4472 21765 58080
3680 4474 21787 58151
3681 4465 21813 58232
3682 4448 21849 58312
3683 4460 21871 58374
3684 4456 21901 58445
3685 4453 21928 58522
3686 4454 21954 58595
3687 4469 21974 58661
3688 4476 22005 58721
3689 4493 22033 58770
3690 4498 22056 58834
3691 4533 22077 58890
3692 4515 22107 58975
3693 4535 22130 59035
3694 4535 22153 59103
3695 4526 22180 59175
3696 4552 22202 59245
3697 4544 22223 59312
3698 4548 22246 59380
3699 4552 22268 59451
3700 4545 22296 59520
3701 4565 22319 59589
3702 4562 22349 59654
3703 4568 22377 59722
3704 4564 22402 59799
3705 4566 22426 59877
3706 4580 22458 59941
3707 4588 22479 60024
3708 4576 22504 60096
3709 4580 22529 60162
3710 4601 22553 60230
3711 4625 22581 60287
3712 4618 22604 60372
3713 4634 22632 60431
3714 4637 22653 60503
3715 4645 22672 60567
3716 4639 22700 60645
3717 4623 22739 60726
3718 4629 22769 60800
3719 4634 22791 60871
3720 4645 22817 60934
3721 4639 22844 61012
3722 4628 22869 61086
3723 4623 22896 61164
3724 4619 22916 61252
3725 4600 22948 61323
3726 4616 22969 61389
3727 4619 22987 61449
3728 4637 23009 61515
3729 4632 23026 61590
3730 4639 23059 61665
3731 4656 23079 61733
3732 4645 23103 61816
3733 4649 23128 61892
3734 4667 23152 61954
3735 4672 23174 62029
3736 4676 23198 62099
3737 4686 23228 62173
3738 4685 23256 62240
3739 4671 23290 62320
3740 4699 23318 62387
3741 4727 23341 62457
3742 4744 23364 62525
3743 4761 23392 62598
3744 4761 23420 62668
3745 4792 23440 62742
3746 4823 23463 62806
3747 4830 23492 62880
3748 4827 23512 62962
3749 4848 23542 63030
3750 4893 23560 63105
3751 4918 23581 63179
3752 4912 23608 63269
3753 4897 23638 63347
3754 4919 23653 63417
3755 4925 23679 63489
3756 4931 23714 63570
3757 4924 23752 63637
3758 4929 23788 63702
3759 4940 23811 63775
3760 4946 23838 63851
3761 4937 23874 63923
3762 4952 23898 63983
3763 4946 23920 64072
3764 4972 23940 64137
3765 4987 23973 64208
3766 4990 24010 64300
3767 5013 24031 64382
