0 50 0 0
1 50 0 0
2 51 0 0
3 51 0 1
4 53 0 2
5 53 0 3
6 51 0 5
7 50 0 7
8 50 0 8
9 53 0 8
10 54 0 9
11 54 0 10
12 54 0 11
13 55 0 11
14 56 0 11
15 55 0 13
16 57 0 13
17 56 0 15
18 58 0 15
19 58 0 16
20 59 0 16
21 58 0 18
22 58 0 20
23 61 0 21
24 61 0 23
25 61 0 25
26 61 0 25
27 62 0 25
28 62 0 27
29 63 0 27
30 65 0 29
31 65 0 29
32 67 0 29
33 67 0 29
34 65 0 33
35 65 0 34
36 65 0 36
37 66 0 37
38 68 0 39
39 72 0 40
40 75 0 40
41 78 0 40
42 77 0 42
43 77 0 45
44 78 0 46
45 79 0 47
46 77 0 50
47 78 0 50
48 78 0 51
49 80 0 52
50 79 1 53
51 79 1 54
52 80 1 56
53 80 1 56
54 82 1 56
55 80 1 59
56 81 1 62
57 83 1 62
58 85 1 63
59 87 1 63
60 86 1 65
61 86 1 66
62 87 1 70
63 89 1 70
64 89 1 71
65 89 1 73
66 90 1 73
67 92 1 74
68 94 1 75
69 94 1 75
70 95 1 76
71 98 1 78
72 98 1 79
73 98 1 79
74 95 2 81
75 94 2 83
76 94 2 84
77 96 2 84
78 94 2 86
79 96 2 87
80 100 2 87
81 100 2 88
82 100 2 88
83 101 2 90
84 104 2 90
85 103 2 94
86 103 2 96
87 106 2 96
88 102 2 100
89 106 2 101
90 108 2 101
91 109 2 102
92 108 2 105
93 106 2 109
94 106 2 113
95 105 2 114
96 106 2 114
97 111 2 114
98 115 2 114
99 114 2 116
100 119 2 117
101 122 2 118
102 119 2 122
103 116 2 125
104 113 2 128
105 113 2 130
106 115 2 131
107 116 2 133
108 117 2 133
109 120 2 133
110 126 2 134
111 126 2 137
112 127 2 138
113 128 2 140
114 131 2 142
115 133 2 144
116 135 2 145
117 136 2 147
118 141 2 148
119 144 2 149
120 146 2 151
121 149 2 153
122 152 2 153
123 155 2 154
124 154 2 157
125 150 2 161
126 149 2 165
127 152 2 167
128 156 2 167
129 153 2 171
130 153 2 174
131 154 2 177
132 153 2 180
133 156 2 180
134 161 2 181
135 164 2 182
136 164 2 186
137 169 2 188
138 170 2 190
139 172 2 191
140 175 2 195
141 182 2 196
142 186 2 197
143 183 2 203
144 182 2 208
145 183 2 210
146 184 2 213
147 184 2 217
148 186 2 220
149 190 2 221
150 193 2 224
151 193 2 227
152 193 2 230
153 192 2 233
154 192 2 238
155 195 2 241
156 196 2 244
157 196 2 247
158 197 2 251
159 199 2 253
160 198 2 255
161 198 2 259
162 199 2 262
163 204 2 263
164 207 2 266
165 211 2 270
166 212 2 271
167 212 2 276
168 213 2 281
169 220 2 283
170 227 2 284
171 228 2 289
172 229 2 294
173 227 2 298
174 229 2 301
175 232 2 306
176 235 2 310
177 229 2 317
178 229 2 322
179 230 2 326
180 230 2 330
181 230 2 333
182 230 2 336
183 233 2 340
184 234 2 344
185 236 2 346
186 239 2 350
187 245 2 353
188 250 2 356
189 255 2 359
190 257 2 363
191 263 2 368
192 261 2 373
193 263 2 378
194 263 2 382
195 264 2 386
196 260 2 391
197 263 2 394
198 263 2 398
199 263 2 403
200 269 2 408
201 272 2 415
202 274 2 418
203 274 2 423
204 279 2 423
205 281 2 429
206 285 2 431
207 280 2 438
208 286 2 441
209 283 2 446
210 286 2 448
211 286 2 450
212 291 2 453
213 301 2 456
214 305 2 457
215 313 2 457
216 314 2 463
217 321 3 464
218 322 3 467
219 329 3 469
220 333 3 470
221 339 3 471
222 344 3 471
223 351 3 476
224 354 3 483
225 361 4 485
226 368 4 489
227 373 4 492
228 372 4 497
229 374 4 502
230 379 4 506
231 381 4 509
232 376 4 519
233 374 4 527
234 375 4 536
235 376 4 540
236 377 4 549
237 379 4 555
238 378 4 561
239 378 4 569
240 384 4 572
241 387 4 580
242 395 4 583
243 398 4 588
244 394 4 597
245 399 4 601
246 398 4 608
247 401 4 612
248 401 4 615
249 413 4 620
250 415 4 625
251 420 4 629
252 420 4 637
253 415 4 648
254 426 4 653
255 428 4 659
256 430 4 663
257 434 4 666
258 436 4 676
259 443 4 681
260 441 4 687
261 446 4 694
262 450 4 701
263 455 4 705
264 459 5 709
265 464 6 715
266 473 6 719
267 479 6 727
268 483 7 730
269 494 7 736
270 496 7 744
271 501 7 751
272 506 7 757
273 512 7 764
274 517 7 770
275 521 7 777
276 521 7 791
277 530 7 797
278 534 7 802
279 538 7 811
280 540 7 824
281 544 7 834
282 551 7 840
283 555 7 850
284 555 7 862
285 562 7 868
286 571 7 874
287 576 7 880
288 579 7 886
289 588 7 896
290 593 7 907
291 593 7 917
292 590 7 929
293 592 7 939
294 597 7 951
295 599 7 960
296 604 7 965
297 613 7 974
298 622 7 980
299 629 8 986
300 641 8 991
301 650 8 998
302 649 8 1011
303 653 8 1024
304 657 8 1033
305 656 8 1048
306 658 8 1055
307 666 8 1063
308 667 8 1074
309 676 8 1085
310 679 8 1096
311 691 8 1100
312 706 8 1108
313 708 8 1119
314 714 8 1134
315 722 8 1147
316 739 8 1154
317 734 8 1167
318 736 8 1177
319 743 8 1186
320 751 8 1198
321 761 8 1206
322 769 8 1215
323 774 8 1227
324 773 8 1245
325 769 8 1260
326 764 8 1278
327 764 8 1293
328 772 9 1299
329 784 9 1306
330 789 9 1324
331 796 9 1329
332 804 9 1342
333 815 9 1354
334 811 9 1369
335 818 9 1377
336 828 9 1389
337 845 9 1403
338 848 10 1414
339 849 10 1430
340 851 10 1444
341 860 11 1451
342 866 11 1464
343 873 11 1476
344 875 11 1491
345 883 11 1507
346 877 12 1530
347 881 12 1541
348 884 12 1557
349 894 12 1569
350 897 12 1581
351 898 12 1591
352 895 12 1605
353 913 12 1613
354 919 12 1625
355 933 12 1644
356 931 12 1659
357 956 12 1668
358 967 12 1674
359 971 12 1684
360 983 12 1697
361 995 12 1707
362 1006 12 1725
363 1028 12 1737
364 1029 13 1761
365 1033 13 1780
366 1038 13 1795
367 1037 14 1817
368 1056 15 1829
369 1051 16 1849
370 1067 16 1864
371 1073 16 1878
372 1078 16 1900
373 1101 17 1909
374 1108 18 1927
375 1122 19 1939
376 1141 19 1953
377 1150 19 1972
378 1151 19 1993
379 1158 19 2012
380 1165 19 2029
381 1171 19 2047
382 1179 19 2064
383 1185 20 2082
384 1190 20 2106
385 1189 20 2127
386 1185 20 2151
387 1202 20 2165
388 1206 21 2181
389 1215 21 2196
390 1221 21 2216
391 1221 21 2235
392 1224 21 2261
393 1223 23 2281
394 1224 23 2300
395 1237 23 2313
396 1256 23 2325
397 1265 23 2341
398 1278 23 2357
399 1295 24 2371
400 1300 26 2393
401 1312 26 2411
402 1338 26 2423
403 1365 26 2434
404 1372 26 2455
405 1381 26 2474
406 1394 26 2490
407 1407 26 2513
408 1408 26 2541
409 1405 27 2568
410 1413 27 2583
411 1422 28 2598
412 1439 28 2614
413 1455 28 2632
414 1458 28 2661
415 1469 29 2681
416 1494 29 2696
417 1497 29 2733
418 1505 29 2761
419 1524 29 2781
420 1545 29 2799
421 1565 29 2816
422 1570 29 2841
423 1586 30 2861
424 1601 30 2884
425 1604 30 2913
426 1619 31 2938
427 1636 31 2965
428 1642 31 2988
429 1650 32 3012
430 1668 32 3029
431 1690 33 3050
432 1688 33 3084
433 1703 33 3103
434 1709 33 3127
435 1717 33 3149
436 1721 33 3188
437 1729 33 3213
438 1734 33 3238
439 1738 33 3261
440 1737 33 3290
441 1748 33 3316
442 1779 33 3332
443 1781 33 3364
444 1797 33 3393
445 1805 33 3419
446 1818 34 3449
447 1819 35 3473
448 1841 36 3497
449 1849 36 3531
450 1871 36 3554
451 1877 37 3589
452 1890 38 3619
453 1904 39 3640
454 1912 39 3671
455 1932 39 3690
456 1948 39 3722
457 1955 39 3752
458 1971 40 3778
459 1993 41 3799
460 2008 41 3828
461 2026 42 3852
462 2059 43 3875
463 2072 44 3909
464 2090 45 3931
465 2091 45 3972
466 2106 45 3995
467 2115 45 4029
468 2127 46 4063
469 2146 46 4089
470 2154 46 4117
471 2181 47 4150
472 2200 47 4187
473 2212 47 4219
474 2221 48 4255
475 2238 48 4292
476 2240 48 4327
477 2246 48 4368
478 2270 48 4411
479 2280 48 4454
480 2302 48 4487
481 2300 49 4520
482 2329 49 4546
483 2340 50 4575
484 2353 50 4626
485 2381 50 4653
486 2388 50 4690
487 2408 50 4726
488 2410 50 4765
489 2421 50 4800
490 2434 50 4833
491 2431 50 4871
492 2451 51 4909
493 2463 51 4943
494 2464 51 4989
495 2493 51 5021
496 2514 52 5054
497 2542 52 5090
498 2568 52 5120
499 2588 52 5165
500 2596 52 5211
501 2649 52 5239
502 2666 53 5275
503 2702 53 5298
504 2734 53 5340
505 2759 53 5374
506 2785 53 5409
507 2805 53 5443
508 2825 53 5493
509 2843 53 5532
510 2860 53 5575
511 2874 53 5621
512 2880 53 5665
513 2912 53 5696
514 2938 54 5737
515 2977 54 5769
516 2984 54 5817
517 3012 54 5856
518 3029 54 5900
519 3042 54 5953
520 3053 54 6002
521 3058 54 6054
522 3078 54 6104
523 3106 54 6155
524 3119 55 6208
525 3138 57 6249
526 3184 57 6288
527 3217 57 6328
528 3248 57 6374
529 3269 59 6415
530 3295 59 6462
531 3302 59 6524
532 3316 59 6575
533 3328 59 6634
534 3359 60 6675
535 3360 61 6741
536 3366 62 6801
537 3379 63 6855
538 3415 63 6899
539 3434 65 6964
540 3474 65 7016
541 3506 65 7066
542 3540 65 7109
543 3554 66 7165
544 3579 66 7222
545 3591 66 7279
546 3621 66 7325
547 3618 67 7385
548 3639 67 7441
549 3681 67 7476
550 3726 68 7526
551 3742 68 7588
552 3765 68 7647
553 3793 69 7704
554 3826 69 7759
555 3869 70 7805
556 3893 72 7866
557 3919 72 7935
558 3976 73 7985
559 4009 73 8043
560 4043 75 8099
561 4071 76 8159
562 4096 76 8226
563 4142 76 8280
564 4148 76 8355
565 4171 76 8416
566 4192 78 8474
567 4230 78 8530
568 4242 78 8611
569 4282 78 8670
570 4327 78 8729
571 4373 79 8791
572 4402 79 8856
573 4433 79 8915
574 4468 80 8974
575 4465 80 9045
576 4509 80 9111
577 4524 80 9178
578 4538 81 9251
579 4562 81 9327
580 4584 81 9402
581 4637 82 9457
582 4667 82 9513
583 4720 82 9573
584 4748 83 9642
585 4788 83 9721
586 4830 84 9791
587 4875 85 9848
588 4894 86 9930
589 4941 87 10012
590 4971 88 10083
591 4994 88 10162
592 5033 90 10242
