0 50 0 0
1 50 0 1
2 49 1 2
3 50 1 2
4 52 1 3
5 52 1 4
6 54 1 4
7 55 1 4
8 55 1 5
9 56 1 5
10 56 1 5
11 55 1 6
12 54 1 7
13 56 1 7
14 55 2 7
15 55 2 7
16 55 2 7
17 56 2 7
18 54 2 9
19 54 2 11
20 53 2 13
21 54 2 13
22 54 2 14
23 55 2 14
24 56 2 14
25 57 2 15
26 59 2 15
27 60 2 15
28 61 2 15
29 62 2 15
30 61 2 16
31 61 2 16
32 63 2 16
33 63 2 17
34 63 2 17
35 61 2 19
36 60 2 22
37 59 2 23
38 60 2 23
39 60 2 26
40 62 2 26
41 63 2 27
42 65 2 27
43 64 2 29
44 63 2 31
45 64 2 31
46 67 2 31
47 66 2 33
48 64 2 36
49 65 2 36
50 65 2 38
51 65 2 39
52 64 2 41
53 65 2 41
54 65 2 43
55 66 2 43
56 68 2 44
57 68 2 47
58 70 2 48
59 69 2 50
60 70 2 50
61 72 2 51
62 74 2 51
63 76 2 53
64 74 2 55
65 75 2 57
66 75 2 59
67 76 2 59
68 73 2 63
69 73 2 63
70 74 2 63
71 73 2 64
72 70 2 67
73 72 2 68
74 77 2 68
75 76 2 69
76 77 2 70
77 78 2 71
78 78 2 73
79 81 2 74
80 83 2 74
81 84 2 74
82 83 2 75
83 82 2 78
84 81 2 81
85 83 2 81
86 81 2 84
87 80 2 86
88 79 2 87
89 81 2 87
90 82 2 88
91 83 2 89
92 82 2 92
93 82 2 93
94 84 2 94
95 84 2 96
96 85 2 98
97 83 2 101
98 82 2 103
99 86 2 103
100 88 2 104
101 92 2 104
102 94 2 104
103 97 2 104
104 98 2 105
105 98 2 107
106 97 2 109
107 101 2 109
108 100 2 111
109 100 2 114
110 103 2 114
111 106 2 115
112 107 2 115
113 109 2 116
114 112 2 117
115 111 2 118
116 110 2 119
117 112 2 119
118 112 2 119
119 114 2 120
120 115 2 121
121 117 2 122
122 121 2 124
123 120 2 127
124 118 2 129
125 120 2 130
126 120 2 134
127 118 2 137
128 120 2 138
129 118 2 140
130 117 2 141
131 117 2 141
132 119 2 142
133 119 2 145
134 120 2 148
135 122 2 150
136 122 2 151
137 123 2 154
138 124 2 155
139 126 2 156
140 123 2 160
141 122 2 162
142 122 2 165
143 127 2 166
144 125 2 170
145 124 2 173
146 123 2 174
147 122 2 177
148 122 2 178
149 122 2 180
150 123 2 183
151 124 2 184
152 125 2 184
153 126 3 185
154 126 3 187
155 128 3 189
156 129 3 192
157 130 3 192
158 131 3 194
159 132 3 196
160 133 3 197
161 133 3 199
162 138 3 199
163 140 3 201
164 138 3 206
165 139 3 207
166 146 3 209
167 146 4 210
168 149 4 212
169 150 4 214
170 150 4 217
171 150 4 219
172 152 4 220
173 155 4 220
174 157 4 222
175 156 4 225
176 156 4 228
177 159 4 228
178 157 4 232
179 161 4 232
180 163 4 232
181 164 4 235
182 161 4 241
183 162 4 242
184 165 4 245
185 162 4 248
186 164 4 249
187 166 4 251
188 168 4 252
189 172 4 253
190 170 4 255
191 173 4 257
192 170 4 262
193 168 4 267
194 172 4 268
195 176 4 271
196 174 4 277
197 177 4 282
198 177 4 286
199 176 4 288
200 174 4 293
201 178 4 294
202 178 4 296
203 181 4 298
204 181 4 300
205 177 4 305
206 176 4 309
207 176 4 315
208 179 4 318
209 180 4 321
210 180 4 323
211 181 4 324
212 187 4 324
213 186 4 329
214 187 4 333
215 190 4 333
216 190 4 335
217 192 4 336
218 192 4 337
219 190 4 340
220 187 4 345
221 188 4 346
222 193 4 350
223 193 4 352
224 193 4 355
225 194 4 359
226 190 4 364
227 193 4 366
228 195 4 369
229 197 4 372
230 202 4 373
231 202 4 375
232 208 4 375
233 210 4 379
234 212 4 383
235 213 4 385
236 215 4 388
237 215 4 393
238 217 4 395
239 216 4 399
240 222 4 401
241 223 4 403
242 222 4 408
243 227 4 409
244 231 4 411
245 231 4 413
246 231 4 418
247 236 4 420
248 236 4 422
249 239 4 423
250 239 4 427
251 234 4 434
252 237 4 435
253 236 4 438
254 238 4 439
255 236 4 444
256 236 4 448
257 235 4 450
258 241 4 450
259 240 4 455
260 247 4 458
261 248 4 464
262 251 4 465
263 249 4 469
264 252 4 477
265 253 4 479
266 257 4 483
267 260 4 485
268 267 4 487
269 272 4 489
270 274 4 491
271 277 4 495
272 278 4 497
273 280 4 500
274 283 4 503
275 285 4 506
276 287 4 509
277 286 4 515
278 287 4 519
279 283 4 524
280 282 4 529
281 286 4 533
282 289 4 537
283 294 4 540
284 297 4 543
285 298 4 550
286 301 4 554
287 303 4 560
288 306 4 564
289 308 4 567
290 303 4 575
291 301 4 579
292 301 4 587
293 303 4 595
294 305 4 599
295 300 4 606
296 303 4 609
297 306 4 610
298 306 4 617
299 309 4 622
300 308 4 625
301 310 4 630
302 311 4 637
303 311 4 642
304 317 4 644
305 325 4 647
306 331 4 651
307 334 4 654
308 340 4 659
309 334 4 672
310 334 4 678
311 333 4 685
312 334 4 689
313 335 4 693
314 332 4 698
315 334 4 705
316 331 4 711
317 332 4 717
318 330 4 726
319 329 4 731
320 334 4 734
321 336 4 738
322 334 4 746
323 336 4 751
324 340 4 753
325 342 4 755
326 347 4 759
327 358 4 764
328 360 4 770
329 366 4 776
330 372 4 779
331 379 4 783
332 380 4 790
333 381 4 798
334 379 4 804
335 388 4 806
336 393 4 809
337 398 4 812
338 402 4 817
339 407 4 822
340 416 4 824
341 412 4 832
342 411 4 836
343 414 4 839
344 415 4 850
345 416 4 855
346 421 4 860
347 425 4 866
348 423 4 875
349 422 4 884
350 428 4 888
351 428 4 898
352 438 4 906
353 434 4 915
354 440 4 918
355 447 4 923
356 454 4 929
357 457 4 936
358 461 4 943
359 466 4 945
360 470 4 951
361 471 4 962
362 471 4 966
363 479 4 971
364 485 4 978
365 487 4 987
366 489 4 993
367 484 4 1004
368 486 4 1010
369 489 4 1017
370 490 4 1025
371 499 4 1029
372 510 4 1034
373 519 4 1041
374 525 4 1051
375 531 4 1057
376 538 4 1067
377 540 4 1075
378 539 4 1089
379 539 4 1095
380 543 4 1102
381 553 4 1111
382 562 4 1118
383 564 4 1127
384 569 4 1137
385 580 4 1142
386 583 4 1149
387 588 4 1156
388 594 4 1166
389 602 4 1175
390 608 4 1181
391 615 4 1191
392 617 4 1199
393 619 4 1211
394 624 4 1221
395 640 4 1227
396 646 4 1234
397 647 4 1248
398 663 4 1255
399 663 4 1265
400 670 4 1275
401 672 4 1284
402 671 4 1291
403 672 4 1303
404 675 4 1311
405 684 4 1320
406 696 4 1328
407 705 4 1339
408 709 4 1350
409 725 4 1359
410 726 4 1374
411 736 4 1385
412 735 4 1399
413 734 4 1415
414 736 4 1428
415 741 4 1437
416 741 4 1450
417 737 4 1460
418 743 4 1469
419 755 4 1477
420 767 4 1484
421 771 4 1497
422 783 4 1505
423 799 4 1509
424 809 4 1515
425 816 4 1528
426 823 4 1538
427 833 4 1547
428 833 4 1561
429 839 4 1576
430 855 4 1590
431 864 4 1602
432 864 4 1617
433 868 4 1629
434 870 4 1641
435 869 4 1659
436 874 4 1677
437 875 4 1691
438 881 4 1703
439 893 4 1714
440 894 4 1734
441 893 4 1754
442 898 4 1765
443 899 4 1779
444 915 4 1791
445 926 4 1805
446 933 4 1817
447 937 4 1827
448 940 4 1840
449 947 4 1858
450 954 4 1874
451 966 4 1886
452 976 4 1903
453 981 4 1923
454 995 4 1935
455 1003 4 1953
456 1015 4 1962
457 1020 4 1974
458 1027 4 1988
459 1033 4 2004
460 1048 4 2016
461 1045 4 2036
462 1050 4 2055
463 1059 4 2068
464 1082 4 2081
465 1081 4 2100
466 1088 4 2118
467 1088 4 2132
468 1092 4 2149
469 1104 4 2165
470 1112 4 2181
471 1120 4 2197
472 1121 4 2219
473 1123 4 2235
474 1126 4 2255
475 1134 4 2272
476 1134 4 2293
477 1129 4 2320
478 1136 4 2340
479 1144 4 2357
480 1146 4 2375
481 1161 4 2388
482 1171 4 2407
483 1185 4 2420
484 1178 4 2447
485 1190 4 2462
486 1188 4 2482
487 1200 4 2496
488 1204 4 2514
489 1207 4 2534
490 1216 4 2553
491 1228 4 2570
492 1250 4 2587
493 1257 4 2605
494 1277 4 2619
495 1278 4 2638
496 1282 4 2655
497 1291 4 2672
498 1303 4 2692
499 1302 4 2710
500 1318 4 2726
501 1332 4 2750
502 1347 4 2770
503 1365 4 2787
504 1366 4 2815
505 1376 4 2838
506 1377 4 2863
507 1384 4 2877
508 1394 4 2900
509 1396 4 2926
510 1401 4 2948
511 1411 4 2962
512 1417 4 2985
513 1426 4 3005
514 1435 4 3025
515 1439 4 3046
516 1461 4 3059
517 1476 4 3078
518 1486 4 3103
519 1490 4 3126
520 1496 4 3152
521 1495 4 3177
522 1508 4 3198
523 1511 4 3222
524 1526 4 3243
525 1528 4 3272
526 1551 4 3287
527 1551 4 3312
528 1560 4 3331
529 1565 4 3352
530 1580 4 3375
531 1594 4 3398
532 1609 4 3417
533 1615 4 3443
534 1606 4 3482
535 1628 4 3511
536 1641 4 3531
537 1654 4 3555
538 1670 4 3578
539 1678 4 3604
540 1699 4 3620
541 1723 4 3646
542 1731 4 3680
543 1731 4 3703
544 1745 4 3727
545 1758 4 3751
546 1775 4 3773
547 1790 4 3796
548 1787 4 3826
549 1796 4 3848
550 1818 4 3866
551 1835 4 3886
552 1838 4 3920
553 1843 4 3952
554 1858 4 3975
555 1869 4 4002
556 1885 4 4030
557 1900 5 4056
558 1902 5 4086
559 1904 5 4117
560 1914 5 4143
561 1924 5 4178
562 1928 5 4215
563 1960 5 4233
564 1982 5 4259
565 1995 5 4291
566 2004 5 4326
567 2033 5 4346
568 2045 5 4378
569 2078 5 4404
570 2108 5 4429
571 2122 5 4460
572 2140 5 4495
573 2156 5 4516
574 2160 5 4545
575 2182 5 4579
576 2210 5 4600
577 2233 5 4632
578 2248 5 4660
579 2270 5 4685
580 2284 5 4714
581 2315 5 4749
582 2330 5 4780
583 2365 5 4815
584 2383 5 4848
585 2413 5 4872
586 2443 5 4905
587 2469 5 4942
588 2481 6 4974
589 2502 6 5006
590 2522 6 5047
591 2550 6 5082
592 2566 6 5121
593 2578 6 5168
594 2612 6 5192
595 2647 6 5227
596 2656 6 5273
597 2639 6 5330
598 2653 6 5373
599 2674 7 5415
600 2699 7 5456
601 2723 7 5490
602 2743 7 5533
603 2770 7 5575
604 2790 7 5613
605 2811 7 5656
606 2820 7 5709
607 2846 7 5745
608 2857 7 5792
609 2871 7 5829
610 2902 7 5869
611 2918 7 5918
612 2940 7 5968
613 2960 7 6009
614 2976 7 6055
615 2996 7 6103
616 3018 7 6153
617 3035 7 6202
618 3055 7 6249
619 3053 7 6304
620 3072 7 6345
621 3093 7 6390
622 3111 7 6436
623 3142 7 6483
624 3162 7 6525
625 3199 7 6565
626 3217 7 6622
627 3235 7 6671
628 3232 7 6732
629 3233 8 6784
630 3257 8 6830
631 3280 8 6884
632 3315 8 6938
633 3330 8 6985
634 3347 8 7038
635 3366 8 7090
636 3391 8 7138
637 3430 8 7191
638 3467 8 7231
639 3491 8 7293
640 3494 8 7355
641 3513 8 7421
642 3527 8 7478
643 3561 8 7525
644 3592 8 7576
645 3624 8 7630
646 3634 9 7692
647 3676 9 7734
648 3708 9 7775
649 3730 9 7829
650 3751 9 7887
651 3767 9 7953
652 3793 9 8002
653 3818 9 8063
654 3817 9 8135
655 3830 9 8200
656 3863 9 8251
657 3904 9 8305
658 3923 9 8372
659 3946 9 8435
660 3964 9 8488
661 4003 9 8535
662 4016 9 8594
663 4040 9 8652
664 4072 9 8703
665 4121 10 8744
666 4129 10 8817
667 4173 10 8884
668 4191 10 8952
669 4209 10 9020
670 4263 10 9072
671 4297 10 9132
672 4332 10 9196
673 4369 10 9272
674 4398 10 9338
675 4425 10 9400
676 4456 10 9461
677 4474 10 9540
678 4520 10 9600
679 4568 10 9667
680 4580 10 9746
681 4610 10 9819
682 4615 10 9895
683 4657 10 9956
684 4694 10 10018
685 4713 10 10085
686 4758 10 10151
687 4820 10 10220
688 4835 10 10298
689 4879 10 10363
690 4891 10 10433
691 4953 10 10503
692 4982 11 10576
693 5010 11 10652
