0 50 0 0
1 49 0 2
2 48 0 3
3 49 0 3
4 49 0 3
5 50 0 3
6 51 0 3
7 53 0 5
8 53 0 5
9 54 0 5
10 53 0 6
11 52 0 8
12 53 0 8
13 50 0 11
14 48 0 13
15 49 0 13
16 51 0 14
17 52 0 16
18 52 0 18
19 53 0 18
20 57 0 18
21 58 0 19
22 59 0 19
23 60 0 20
24 60 0 21
25 60 0 22
26 59 0 24
27 61 0 24
28 60 0 25
29 60 0 26
30 61 0 27
31 59 0 30
32 57 0 33
33 61 0 34
34 61 0 35
35 60 0 36
36 60 0 36
37 61 0 36
38 60 0 37
39 60 0 37
40 60 0 37
41 61 0 37
42 62 0 38
43 64 0 38
44 63 0 39
45 63 0 40
46 64 0 41
47 67 0 41
48 67 0 41
49 68 0 42
50 71 0 42
51 71 0 44
52 69 0 46
53 69 0 47
54 69 0 47
55 69 0 49
56 71 0 50
57 70 0 51
58 69 0 52
59 69 0 53
60 71 0 53
61 72 0 54
62 72 0 54
63 73 0 55
64 73 0 56
65 75 0 57
66 77 0 57
67 79 0 59
68 82 0 60
69 81 0 62
70 81 0 63
71 81 0 65
72 82 0 65
73 82 0 66
74 81 0 69
75 79 0 72
76 80 0 72
77 79 0 74
78 76 0 78
79 76 0 80
80 78 0 80
81 78 0 82
82 79 0 83
83 80 0 84
84 80 0 86
85 79 0 88
86 79 0 89
87 79 0 91
88 81 0 91
89 84 0 91
90 83 0 92
91 86 0 92
92 86 0 93
93 85 0 94
94 85 0 95
95 84 0 97
96 84 0 97
97 83 0 99
98 86 0 99
99 89 0 99
100 91 0 99
101 92 0 99
102 91 0 101
103 95 0 102
104 96 0 102
105 96 0 103
106 97 0 105
107 98 0 106
108 101 0 106
109 102 0 107
110 98 0 111
111 100 0 114
112 100 0 115
113 99 0 117
114 98 0 119
115 100 0 122
116 101 0 122
117 104 0 123
118 106 0 123
119 102 0 128
120 104 0 129
121 103 1 130
122 108 1 131
123 108 1 132
124 107 1 134
125 109 1 136
126 114 1 136
127 113 1 139
128 114 1 140
129 117 1 141
130 118 1 142
131 118 1 143
132 118 1 144
133 117 1 145
134 118 1 147
135 117 1 149
136 115 1 151
137 117 1 151
138 116 1 154
139 115 1 158
140 114 1 162
141 114 1 164
142 114 1 165
143 112 1 168
144 110 1 172
145 110 1 175
146 109 1 177
147 110 1 178
148 112 1 179
149 116 1 180
150 116 1 181
151 119 1 182
152 117 1 187
153 120 1 187
154 120 1 188
155 119 1 192
156 118 1 195
157 121 1 196
158 125 1 198
159 124 1 200
160 128 1 201
161 127 1 202
162 125 1 206
163 130 1 208
164 129 1 211
165 130 1 212
166 125 1 218
167 125 1 220
168 126 1 222
169 127 1 224
170 128 1 226
171 131 1 227
172 132 1 228
173 131 1 231
174 130 1 233
175 131 1 236
176 130 1 238
177 130 1 239
178 130 1 239
179 131 1 242
180 133 1 244
181 136 1 244
182 142 1 245
183 142 1 247
184 142 1 249
185 146 1 252
186 147 1 256
187 147 1 258
188 148 1 261
189 150 1 261
190 157 1 261
191 160 1 263
192 164 1 265
193 168 1 265
194 168 1 267
195 164 1 272
196 171 1 272
197 167 1 277
198 171 1 278
199 170 1 281
200 169 1 285
201 168 1 288
202 170 1 289
203 168 1 293
204 168 1 295
205 171 1 296
206 171 1 300
207 175 1 302
208 177 1 305
209 179 1 307
210 179 1 310
211 182 1 314
212 182 1 316
213 180 1 321
214 185 1 322
215 181 1 328
216 186 1 329
217 189 1 331
218 187 1 336
219 186 1 343
220 187 1 345
221 186 1 349
222 189 1 351
223 191 1 353
224 192 1 354
225 192 1 357
226 196 1 358
227 193 1 362
228 191 1 366
229 193 1 371
230 193 1 374
231 194 1 376
232 199 1 379
233 202 1 381
234 204 1 384
235 206 1 388
236 206 1 394
237 206 2 397
238 205 2 402
239 207 2 404
240 210 2 405
241 211 2 408
242 214 2 412
243 209 2 418
244 209 2 423
245 212 2 425
246 211 2 431
247 212 2 434
248 208 2 440
249 211 2 443
250 210 2 447
251 205 2 453
252 206 2 455
253 208 2 457
254 211 2 460
255 218 2 462
256 223 2 462
257 224 2 468
258 225 2 471
259 231 2 473
260 232 2 476
261 239 2 478
262 237 2 485
263 243 2 487
264 246 2 492
265 241 2 498
266 245 2 501
267 248 3 504
268 243 3 512
269 247 3 513
270 251 3 515
271 257 3 517
272 256 3 521
273 261 3 525
274 265 3 525
275 270 3 528
276 278 3 531
277 282 3 535
278 288 3 539
279 292 3 542
280 293 3 547
281 294 3 552
282 297 3 557
283 297 3 562
284 296 3 568
285 300 3 571
286 299 3 579
287 302 3 585
288 307 3 588
289 306 3 593
290 310 3 597
291 311 3 603
292 313 3 609
293 316 3 613
294 310 3 621
295 312 3 626
296 318 3 629
297 324 3 634
298 328 3 638
299 329 3 647
300 333 3 650
301 331 3 655
302 333 3 661
303 333 3 667
304 338 3 671
305 344 3 674
306 347 3 679
307 347 3 686
308 350 3 691
309 351 3 695
310 354 3 699
311 358 3 703
312 356 3 711
313 361 3 715
314 365 4 719
315 361 5 727
316 367 5 731
317 368 5 737
318 373 5 744
319 382 5 745
320 384 5 751
321 388 5 755
322 391 5 761
323 401 5 766
324 401 5 771
325 403 5 778
326 406 5 780
327 408 5 786
328 408 5 791
329 414 6 794
330 425 6 798
331 428 6 803
332 434 6 806
333 433 6 815
334 438 6 818
335 444 6 822
336 452 6 825
337 451 6 835
338 450 6 843
339 455 7 849
340 458 7 856
341 462 7 861
342 464 7 870
343 462 9 878
344 466 9 885
345 474 9 889
346 473 9 897
347 469 9 909
348 478 9 913
349 485 9 919
350 487 9 924
351 495 10 927
352 507 10 932
353 507 11 938
354 509 11 947
355 506 11 958
356 509 11 965
357 512 11 972
358 512 11 983
359 515 11 990
360 520 11 996
361 521 11 1009
362 524 11 1013
363 530 11 1019
364 538 11 1024
365 546 11 1027
366 546 11 1033
367 545 11 1047
368 546 11 1057
369 559 11 1065
370 561 11 1075
371 569 11 1080
372 568 11 1095
373 571 11 1102
374 571 12 1109
375 579 12 1116
376 585 12 1127
377 590 12 1134
378 594 12 1143
379 606 12 1150
380 608 13 1158
381 612 13 1169
382 613 14 1183
383 622 15 1190
384 628 15 1196
385 633 15 1201
386 636 15 1211
387 638 15 1218
388 639 15 1227
389 635 15 1242
390 637 15 1252
391 646 17 1260
392 650 17 1272
393 655 17 1279
394 655 17 1288
395 658 17 1296
396 647 17 1317
397 643 18 1330
398 659 18 1336
399 659 18 1345
400 659 18 1358
401 664 18 1367
402 672 18 1372
403 672 18 1387
404 682 19 1396
405 682 20 1404
406 686 20 1415
407 687 21 1432
408 697 21 1439
409 706 22 1447
410 710 22 1460
411 719 22 1467
412 716 22 1479
413 725 22 1494
414 733 23 1500
415 734 25 1510
416 740 25 1519
417 739 25 1529
418 747 25 1540
419 757 25 1553
420 759 25 1562
421 762 26 1574
422 770 26 1582
423 772 28 1596
424 780 28 1605
425 786 28 1615
426 794 28 1627
427 794 28 1642
428 795 28 1659
429 808 28 1664
430 805 29 1675
431 806 29 1686
432 810 29 1697
433 815 29 1712
434 820 29 1722
435 826 29 1738
436 832 29 1751
437 834 29 1763
438 836 30 1775
439 848 30 1781
440 853 30 1791
441 856 30 1801
442 859 30 1814
443 867 30 1826
444 885 30 1835
445 886 30 1851
446 882 30 1871
447 886 30 1886
448 895 30 1899
449 897 30 1916
450 905 30 1935
451 914 30 1946
452 929 30 1957
453 937 32 1970
454 950 32 1982
455 950 32 2003
456 958 32 2012
457 973 32 2023
458 978 32 2039
459 971 33 2056
460 971 33 2078
461 973 33 2095
462 980 33 2110
463 990 33 2126
464 993 33 2141
465 994 33 2158
466 1006 34 2171
467 1013 34 2188
468 1010 34 2210
469 1013 34 2229
470 1012 34 2245
471 1017 34 2260
472 1016 34 2280
473 1022 35 2293
474 1035 35 2307
475 1047 35 2317
476 1046 36 2337
477 1048 36 2355
478 1053 36 2381
479 1055 36 2402
480 1061 36 2420
481 1067 36 2440
482 1078 36 2457
483 1078 37 2477
484 1068 38 2504
485 1074 38 2522
486 1078 38 2534
487 1080 39 2553
488 1097 39 2568
489 1106 39 2580
490 1110 40 2597
491 1123 40 2611
492 1134 40 2631
493 1139 40 2645
494 1141 40 2666
495 1146 40 2687
496 1140 40 2709
497 1150 40 2724
498 1166 40 2739
499 1179 40 2755
500 1177 41 2777
501 1185 41 2794
502 1193 41 2812
503 1200 41 2828
504 1199 41 2849
505 1204 41 2870
506 1211 41 2885
507 1210 42 2901
508 1212 42 2919
509 1211 42 2938
510 1229 42 2948
511 1240 42 2970
512 1250 42 2988
513 1268 42 3001
514 1277 42 3019
515 1281 43 3039
516 1288 43 3052
517 1293 43 3077
518 1302 43 3095
519 1303 43 3120
520 1317 43 3135
521 1336 43 3151
522 1341 43 3171
523 1364 43 3193
524 1395 43 3206
525 1403 43 3230
526 1420 43 3247
527 1422 43 3271
528 1440 43 3288
529 1443 43 3315
530 1456 43 3337
531 1465 43 3364
532 1471 43 3390
533 1485 44 3409
534 1494 44 3431
535 1507 44 3451
536 1524 44 3468
537 1532 44 3491
538 1540 44 3511
539 1553 44 3536
540 1565 44 3558
541 1562 44 3587
542 1576 44 3612
543 1584 44 3643
544 1587 44 3669
545 1582 44 3694
546 1598 44 3721
547 1603 44 3749
548 1609 44 3776
549 1633 45 3794
550 1637 45 3826
551 1653 45 3847
552 1662 47 3871
553 1676 47 3897
554 1696 47 3928
555 1693 47 3965
556 1704 48 3987
557 1721 48 4006
558 1724 49 4028
559 1735 51 4057
560 1737 52 4086
561 1746 53 4112
562 1748 54 4145
563 1753 55 4172
564 1760 55 4202
565 1783 55 4218
566 1802 55 4245
567 1804 56 4278
568 1812 58 4301
569 1823 58 4329
570 1830 58 4353
571 1843 58 4375
572 1862 59 4390
573 1865 59 4415
574 1879 59 4442
575 1887 60 4472
576 1885 61 4507
577 1887 61 4534
578 1903 61 4565
579 1904 62 4593
580 1919 62 4620
581 1928 62 4649
582 1947 62 4672
583 1972 62 4698
584 1984 62 4728
585 1993 64 4761
586 2013 64 4794
587 2013 65 4835
588 2026 66 4869
589 2026 66 4902
590 2040 69 4937
591 2052 70 4960
592 2076 70 4987
593 2099 70 5012
594 2111 71 5050
595 2125 71 5073
596 2137 72 5105
597 2142 72 5145
598 2146 73 5190
599 2169 73 5219
600 2177 73 5251
601 2185 74 5285
602 2191 74 5323
603 2211 74 5347
604 2217 74 5384
605 2228 75 5410
606 2237 76 5444
607 2235 76 5495
608 2246 76 5535
609 2271 76 5567
610 2295 76 5598
611 2311 76 5627
612 2315 79 5661
613 2326 79 5701
614 2338 80 5741
615 2349 80 5784
616 2370 80 5821
617 2388 80 5853
618 2420 80 5879
619 2440 80 5915
620 2437 80 5964
621 2471 81 5991
622 2489 81 6032
623 2500 81 6070
624 2523 82 6105
625 2516 83 6153
626 2540 83 6184
627 2554 84 6227
628 2568 86 6266
629 2571 88 6307
630 2582 89 6349
631 2592 89 6397
632 2620 89 6433
633 2628 89 6478
634 2635 89 6524
635 2675 89 6558
636 2684 89 6608
637 2708 89 6646
638 2709 90 6694
639 2728 90 6735
640 2739 91 6779
641 2754 93 6817
642 2784 93 6848
643 2797 93 6895
644 2818 93 6938
645 2845 93 6980
646 2881 94 7017
647 2904 94 7055
648 2921 94 7101
649 2953 94 7140
650 2973 95 7184
651 2977 99 7242
652 2998 100 7284
653 3018 100 7326
654 3030 100 7368
655 3042 100 7416
656 3051 101 7468
657 3076 101 7517
658 3084 103 7575
659 3098 103 7626
660 3110 104 7678
661 3126 106 7719
662 3148 106 7769
663 3166 107 7823
664 3201 107 7875
665 3224 107 7923
666 3260 108 7970
667 3286 109 8014
668 3297 109 8061
669 3328 109 8108
670 3349 109 8155
671 3358 109 8201
672 3365 110 8272
673 3398 111 8326
674 3429 112 8363
675 3447 114 8431
676 3494 114 8470
677 3534 114 8517
678 3539 116 8578
679 3564 118 8633
680 3574 122 8696
681 3608 124 8750
682 3624 124 8804
683 3659 124 8845
684 3678 125 8901
685 3706 125 8952
686 3720 127 9018
687 3743 129 9073
688 3773 129 9124
689 3786 131 9175
690 3802 131 9232
691 3806 131 9294
692 3824 131 9358
693 3846 134 9409
694 3880 134 9477
695 3910 135 9521
696 3939 137 9583
697 3958 137 9659
698 3974 137 9726
699 3987 137 9798
700 4027 137 9853
701 4038 139 9925
702 4089 139 9979
703 4107 140 10049
704 4133 140 10106
705 4147 142 10168
706 4177 145 10223
707 4222 145 10279
708 4225 146 10354
709 4248 146 10413
710 4280 147 10463
711 4297 147 10541
712 4319 150 10600
713 4365 150 10662
714 4396 150 10725
715 4431 150 10789
716 4449 150 10850
717 4480 153 10923
718 4505 153 10987
719 4547 153 11060
720 4597 155 11110
721 4633 156 11178
722 4669 158 11246
723 4714 160 11306
724 4757 160 11374
725 4776 162 11436
726 4815 162 11519
727 4873 164 11590
728 4893 165 11664
729 4931 167 11735
730 4973 167 11796
731 5017 167 11876
