0 50 0 0
1 51 0 0
2 54 0 1
3 53 0 3
4 54 0 3
5 54 0 4
6 54 0 6
7 56 0 7
8 54 0 9
9 55 0 9
10 55 0 10
11 55 0 10
12 58 0 10
13 58 0 12
14 57 0 13
15 59 0 14
16 56 0 17
17 57 0 18
18 58 0 18
19 59 0 19
20 60 0 19
21 61 0 19
22 61 0 19
23 63 0 20
24 64 0 21
25 65 0 21
26 67 0 21
27 69 0 22
28 68 0 23
29 68 0 23
30 68 0 23
31 72 0 24
32 73 0 24
33 73 0 25
34 76 0 25
35 76 0 26
36 77 0 26
37 76 0 28
38 77 0 30
39 78 0 31
40 79 0 31
41 80 0 34
42 79 0 36
43 83 0 36
44 86 0 36
45 84 0 39
46 82 0 42
47 83 0 43
48 85 0 43
49 85 0 44
50 85 0 47
51 89 0 47
52 89 0 49
53 87 0 51
54 89 0 52
55 90 0 52
56 90 0 55
57 92 0 56
58 91 0 57
59 91 0 59
60 91 0 61
61 90 0 62
62 94 0 62
63 94 1 63
64 96 1 64
65 96 1 65
66 97 1 65
67 101 1 65
68 102 1 66
69 105 1 68
70 106 1 71
71 106 1 72
72 108 1 72
73 108 1 73
74 110 1 73
75 113 1 74
76 115 1 76
77 114 1 77
78 118 1 77
79 119 1 77
80 118 1 78
81 119 1 79
82 121 1 79
83 124 1 79
84 125 1 80
85 128 1 82
86 129 1 84
87 132 1 86
88 136 1 86
89 137 1 86
90 136 1 88
91 138 1 89
92 139 1 91
93 141 1 93
94 140 1 95
95 144 1 96
96 144 1 99
97 147 1 101
98 152 1 103
99 155 1 104
100 158 1 105
101 160 1 107
102 162 1 109
103 163 1 116
104 165 1 119
105 165 1 122
106 172 1 123
107 170 1 126
108 168 1 130
109 169 1 131
110 169 1 134
111 171 1 137
112 175 1 138
113 176 1 139
114 174 1 142
115 176 1 148
116 178 1 149
117 176 2 153
118 178 2 155
119 175 2 159
120 175 2 161
121 180 2 162
122 179 2 165
123 183 2 166
124 181 2 170
125 182 2 173
126 187 2 175
127 189 2 178
128 184 2 186
129 183 2 188
130 186 2 189
131 188 2 191
132 191 2 193
133 192 2 198
134 195 2 200
135 201 2 200
136 203 2 202
137 202 2 205
138 205 2 207
139 206 2 210
140 209 2 214
141 207 2 219
142 208 2 226
143 213 2 227
144 217 2 227
145 218 2 229
146 225 2 230
147 226 2 233
148 228 2 237
149 229 2 239
150 228 2 243
151 231 2 245
152 230 2 251
153 232 2 255
154 237 2 256
155 241 2 261
156 243 2 264
157 246 2 267
158 241 2 275
159 239 2 281
160 237 2 286
161 242 2 288
162 243 2 291
163 238 2 298
164 237 2 302
165 238 2 308
166 244 2 309
167 242 2 313
168 246 2 314
169 245 2 318
170 245 2 320
171 243 2 326
172 249 2 329
173 253 2 332
174 253 2 335
175 256 2 336
176 264 2 336
177 269 2 341
178 271 2 343
179 276 2 345
180 273 2 353
181 277 2 361
182 276 3 367
183 278 3 369
184 281 4 370
185 278 4 375
186 275 5 381
187 276 5 385
188 279 5 389
189 283 5 391
190 284 5 394
191 283 5 398
192 281 5 405
193 282 5 410
194 287 5 411
195 290 5 414
196 288 6 421
197 292 6 424
198 289 6 431
199 297 6 433
200 305 6 437
201 306 6 443
202 302 6 451
203 304 6 456
204 305 6 461
205 306 6 465
206 308 6 469
207 306 6 475
208 305 6 479
209 308 6 482
210 311 6 488
211 308 6 495
212 309 6 502
213 308 6 506
214 308 6 509
215 307 6 516
216 309 6 520
217 307 6 527
218 316 6 528
219 317 6 535
220 316 6 539
221 316 6 547
222 318 6 550
223 317 6 557
224 316 6 560
225 324 6 562
226 325 6 569
227 329 6 571
228 335 6 575
229 340 6 581
230 342 6 586
231 340 6 594
232 342 6 599
233 341 6 605
234 342 6 612
235 342 6 618
236 350 6 623
237 352 6 629
238 354 6 634
239 352 6 640
240 358 6 643
241 361 6 648
242 365 6 652
243 371 6 657
244 365 6 665
245 370 6 668
246 374 6 672
247 375 6 679
248 384 6 681
249 388 6 685
250 391 6 689
251 394 6 693
252 398 6 699
253 401 6 705
254 406 6 707
255 409 6 712
256 415 6 716
257 422 6 718
258 422 6 726
259 419 6 737
260 426 6 739
261 427 6 747
262 430 6 753
263 431 6 758
264 430 6 766
265 435 6 770
266 439 6 776
267 436 6 786
268 438 6 795
269 432 6 806
270 437 6 809
271 440 6 816
272 440 6 823
273 446 6 826
274 450 6 834
275 456 6 839
276 451 6 849
277 454 6 856
278 458 6 864
279 455 6 875
280 460 6 882
281 463 6 889
282 461 6 899
283 464 6 904
284 469 6 907
285 472 6 915
286 467 6 929
287 466 6 936
288 473 6 941
289 475 6 950
290 477 6 958
291 484 6 966
292 482 6 974
293 485 6 979
294 490 6 984
295 489 6 996
296 494 6 1004
297 498 6 1007
298 508 6 1010
299 513 6 1017
300 515 6 1025
301 519 6 1033
302 527 6 1038
303 532 6 1049
304 535 6 1057
305 536 6 1066
306 535 6 1077
307 529 6 1089
308 534 6 1093
309 542 6 1100
310 543 6 1109
311 546 6 1113
312 546 6 1119
313 550 6 1123
314 555 6 1129
315 552 6 1142
316 547 6 1151
317 549 6 1164
318 552 6 1177
319 551 6 1184
320 555 6 1191
321 561 6 1203
322 561 6 1213
323 569 6 1216
324 571 6 1226
325 571 6 1234
326 578 6 1241
327 579 6 1250
328 581 6 1261
329 592 6 1268
330 595 6 1278
331 605 6 1286
332 616 6 1292
333 622 6 1300
334 631 6 1308
335 649 6 1310
336 655 6 1321
337 666 6 1330
338 677 6 1336
339 675 6 1352
340 682 6 1357
341 683 6 1368
342 680 6 1381
343 692 6 1388
344 702 6 1395
345 703 6 1411
346 703 6 1425
347 709 6 1434
348 719 6 1440
349 719 6 1455
350 720 6 1469
351 728 6 1480
352 737 7 1490
353 743 7 1507
354 748 7 1517
355 751 8 1523
356 764 8 1529
357 766 8 1543
358 771 8 1555
359 782 8 1563
360 784 8 1577
361 788 8 1588
362 790 8 1599
363 791 8 1618
364 799 8 1629
365 802 8 1640
366 819 8 1649
367 824 8 1663
368 823 8 1676
369 831 8 1685
370 836 8 1691
371 846 8 1701
372 852 8 1711
373 859 8 1726
374 873 8 1735
375 872 8 1744
376 872 8 1755
377 884 8 1767
378 891 8 1777
379 898 8 1789
380 895 8 1807
381 915 8 1813
382 919 8 1831
383 918 8 1846
384 914 8 1868
385 919 8 1881
386 921 8 1892
387 925 8 1905
388 937 8 1917
389 946 8 1928
390 953 8 1940
391 957 8 1955
392 964 8 1972
393 977 8 1989
394 987 8 2002
395 1008 8 2011
396 1020 8 2023
397 1031 8 2034
398 1043 8 2048
399 1065 8 2060
400 1081 8 2070
401 1079 8 2090
402 1084 8 2108
403 1090 8 2125
404 1102 8 2139
405 1106 8 2160
406 1115 8 2175
407 1128 8 2189
408 1137 8 2201
409 1139 8 2222
410 1146 8 2234
411 1148 8 2255
412 1157 8 2270
413 1153 8 2292
414 1163 8 2307
415 1181 8 2322
416 1187 8 2335
417 1192 8 2350
418 1195 8 2374
419 1204 8 2391
420 1207 8 2409
421 1217 8 2426
422 1226 8 2444
423 1239 8 2459
424 1242 8 2480
425 1263 8 2496
426 1284 9 2507
427 1279 9 2534
428 1281 9 2565
429 1291 9 2586
430 1302 9 2605
431 1303 9 2622
432 1314 9 2638
433 1328 9 2654
434 1338 9 2673
435 1359 9 2691
436 1378 9 2706
437 1388 9 2720
438 1387 9 2747
439 1395 9 2765
440 1396 9 2798
441 1406 9 2829
442 1413 10 2854
443 1412 10 2880
444 1432 10 2899
445 1449 10 2913
446 1469 10 2933
447 1483 10 2958
448 1487 10 2984
449 1494 10 3007
450 1508 11 3028
451 1513 12 3057
452 1521 12 3081
453 1529 13 3106
454 1540 13 3134
455 1536 14 3172
456 1545 14 3198
457 1558 14 3221
458 1578 15 3239
459 1587 15 3261
460 1584 15 3288
461 1605 15 3301
462 1609 15 3321
463 1608 16 3343
464 1614 17 3363
465 1619 17 3389
466 1632 17 3408
467 1642 17 3434
468 1648 17 3462
469 1667 17 3480
470 1672 17 3503
471 1681 17 3524
472 1671 17 3560
473 1685 17 3578
474 1701 17 3598
475 1720 17 3620
476 1734 17 3646
477 1742 17 3674
478 1754 17 3703
479 1770 17 3725
480 1783 17 3746
481 1798 17 3773
482 1803 17 3802
483 1817 17 3834
484 1840 17 3859
485 1864 17 3886
486 1881 17 3906
487 1894 17 3930
488 1908 17 3959
489 1917 17 3985
490 1926 17 4016
491 1947 17 4041
492 1955 17 4075
493 1967 17 4106
494 1991 17 4129
495 2000 17 4157
496 2016 17 4184
497 2022 17 4210
498 2036 17 4243
499 2058 17 4264
500 2075 17 4291
501 2082 17 4324
502 2097 17 4351
503 2110 17 4377
504 2114 17 4410
505 2129 17 4439
506 2138 17 4471
507 2137 17 4510
508 2152 17 4537
509 2161 18 4570
510 2179 18 4600
511 2185 18 4628
512 2203 18 4664
513 2216 18 4693
514 2219 18 4736
515 2256 18 4759
516 2269 18 4793
517 2292 18 4819
518 2325 18 4844
519 2329 18 4878
520 2335 18 4913
521 2357 18 4943
522 2367 18 4977
523 2369 18 5015
524 2376 18 5048
525 2389 18 5086
526 2385 18 5136
527 2401 18 5174
528 2427 18 5204
529 2439 18 5247
530 2464 18 5280
531 2486 18 5313
532 2500 18 5345
533 2525 18 5380
534 2548 18 5417
535 2569 18 5455
536 2595 18 5494
537 2614 18 5531
538 2634 18 5570
539 2644 18 5615
540 2665 18 5649
541 2696 18 5676
542 2729 18 5709
543 2754 18 5756
544 2758 18 5807
545 2774 18 5851
546 2794 18 5889
547 2827 18 5927
548 2843 18 5963
549 2861 18 6008
550 2873 18 6050
551 2897 18 6094
552 2906 18 6144
553 2936 18 6181
554 2955 18 6229
555 2974 18 6266
556 2985 18 6307
557 3011 18 6363
558 3026 18 6414
559 3045 18 6467
560 3072 18 6504
561 3107 18 6541
562 3136 18 6584
563 3163 18 6624
564 3195 18 6669
565 3209 18 6720
566 3245 18 6767
567 3251 18 6823
568 3269 18 6868
569 3298 18 6910
570 3311 19 6956
571 3325 19 7007
572 3336 19 7072
573 3359 19 7117
574 3382 19 7170
575 3400 19 7225
576 3432 19 7270
577 3448 19 7317
578 3475 19 7368
579 3501 19 7420
580 3542 19 7471
581 3582 19 7512
582 3581 19 7574
583 3609 19 7616
584 3616 19 7682
585 3650 19 7730
586 3673 19 7788
587 3703 19 7848
588 3721 19 7908
589 3754 19 7963
590 3789 19 8019
591 3824 19 8073
592 3855 19 8128
593 3884 19 8178
594 3917 19 8237
595 3930 19 8305
596 3956 19 8364
597 3983 19 8428
598 4021 19 8471
599 4040 19 8534
600 4077 19 8594
601 4092 19 8660
602 4131 19 8714
603 4181 19 8763
604 4199 19 8831
605 4237 19 8901
606 4279 19 8959
607 4289 19 9026
608 4307 19 9091
609 4327 19 9156
610 4368 19 9207
611 4395 19 9271
612 4447 19 9325
613 4447 19 9405
614 4474 19 9472
615 4487 19 9559
616 4516 19 9626
617 4519 19 9710
618 4567 20 9770
619 4621 20 9826
620 4645 20 9900
621 4671 20 9982
622 4720 20 10042
623 4734 20 10116
624 4762 20 10200
625 4795 20 10266
626 4829 20 10346
627 4887 20 10405
628 4932 20 10480
629 4950 20 10554
630 4989 20 10627
631 5007 21 10715
