0 50 0 0
1 49 0 1
2 49 0 1
3 52 0 1
4 54 0 1
5 54 0 2
6 56 0 3
7 57 0 4
8 58 0 4
9 56 0 7
10 54 0 9
11 55 0 9
12 53 0 11
13 52 0 12
14 51 0 14
15 52 0 14
16 51 1 14
17 51 1 15
18 52 1 15
19 52 1 16
20 50 1 18
21 51 1 18
22 51 1 18
23 51 1 19
24 53 1 20
25 55 1 20
26 55 1 20
27 52 2 22
28 51 2 23
29 53 2 24
30 51 2 26
31 51 2 27
32 53 3 27
33 51 3 29
34 50 3 30
35 50 3 31
36 50 3 31
37 50 3 32
38 49 3 33
39 52 3 33
40 52 3 34
41 50 3 36
42 50 3 38
43 48 3 40
44 50 3 40
45 51 3 41
46 50 3 42
47 51 3 42
48 51 3 44
49 46 3 49
50 44 3 52
51 44 3 52
52 44 3 53
53 46 3 53
54 46 3 54
55 46 3 54
56 47 3 54
57 48 3 54
58 47 3 55
59 48 3 55
60 48 3 55
61 49 3 55
62 49 3 56
63 48 3 57
64 48 3 58
65 48 3 58
66 49 3 58
67 50 3 58
68 52 3 58
69 52 3 60
70 51 3 61
71 53 3 61
72 53 3 61
73 54 3 61
74 58 3 61
75 58 3 61
76 58 3 62
77 56 3 64
78 56 3 64
79 59 3 64
80 59 3 64
81 59 3 65
82 60 3 66
83 62 3 66
84 63 3 67
85 62 3 70
86 63 3 72
87 64 3 73
88 65 3 74
89 64 3 76
90 65 3 77
91 67 3 77
92 66 3 78
93 68 3 79
94 70 3 79
95 70 3 81
96 71 3 82
97 71 4 82
98 70 4 84
99 72 4 86
100 71 4 87
101 73 4 87
102 71 4 89
103 70 4 91
104 72 4 91
105 74 4 93
106 74 4 96
107 75 4 97
108 78 4 97
109 79 4 99
110 77 4 101
111 77 4 102
112 79 4 102
113 78 4 104
114 80 4 104
115 81 4 104
116 81 4 106
117 80 4 107
118 80 4 109
119 83 4 110
120 83 4 112
121 86 4 112
122 86 4 113
123 84 4 115
124 83 4 117
125 83 4 118
126 85 4 118
127 82 4 122
128 82 4 122
129 83 4 124
130 82 4 125
131 80 4 127
132 79 4 129
133 79 4 130
134 81 4 130
135 81 4 131
136 81 4 133
137 81 4 135
138 79 4 139
139 79 4 141
140 76 4 145
141 76 4 146
142 77 4 148
143 78 4 148
144 78 4 148
145 79 4 150
146 80 4 152
147 80 4 152
148 82 4 154
149 82 4 155
150 83 4 155
151 83 4 156
152 84 4 156
153 88 4 157
154 86 4 159
155 91 4 159
156 90 4 160
157 95 4 160
158 94 4 161
159 96 4 162
160 100 4 162
161 101 4 162
162 101 4 164
163 105 4 164
164 105 4 166
165 105 4 167
166 105 4 167
167 104 4 170
168 104 4 171
169 105 4 172
170 103 4 174
171 104 4 176
172 105 4 177
173 104 4 180
174 103 4 181
175 103 4 181
176 101 4 184
177 103 4 185
178 104 4 186
179 104 4 189
180 106 4 189
181 108 4 191
182 110 4 193
183 112 4 194
184 112 4 197
185 113 4 199
186 118 4 199
187 121 4 199
188 124 4 202
189 124 4 202
190 128 4 203
191 129 4 205
192 132 4 208
193 131 4 210
194 125 4 217
195 125 4 219
196 126 4 221
197 126 4 223
198 129 4 226
199 129 4 229
200 129 4 231
201 131 4 232
202 129 4 237
203 132 4 238
204 131 4 241
205 129 4 244
206 125 4 248
207 124 4 253
208 122 4 257
209 124 4 258
210 128 4 259
211 129 4 261
212 132 4 262
213 132 4 264
214 132 4 266
215 131 4 269
216 132 4 271
217 133 4 272
218 136 4 273
219 137 4 275
220 139 4 276
221 142 4 278
222 143 4 281
223 148 4 283
224 145 4 287
225 147 4 288
226 147 4 292
227 149 4 296
228 148 4 301
229 147 4 302
230 148 4 305
231 146 4 308
232 147 4 309
233 145 4 314
234 149 4 316
235 151 4 319
236 152 4 321
237 151 4 324
238 155 4 326
239 155 4 328
240 154 4 329
241 155 4 331
242 156 4 332
243 157 4 333
244 159 4 334
245 164 4 336
246 162 4 338
247 163 4 340
248 163 4 341
249 164 4 344
250 165 4 345
251 166 4 348
252 163 4 355
253 163 4 357
254 164 4 358
255 164 4 360
256 163 4 364
257 163 4 365
258 164 4 366
259 164 4 368
260 171 4 370
261 174 4 372
262 176 4 373
263 179 4 374
264 181 4 377
265 184 4 379
266 191 4 380
267 191 4 385
268 193 4 386
269 196 4 386
270 196 4 390
271 203 4 390
272 208 4 392
273 208 4 396
274 205 4 402
275 204 4 407
276 208 4 409
277 208 4 410
278 204 4 417
279 206 4 418
280 206 4 420
281 210 4 422
282 209 4 426
283 212 4 426
284 215 4 426
285 213 4 433
286 215 4 434
287 215 4 437
288 214 4 441
289 215 4 446
290 216 4 450
291 225 4 452
292 224 4 456
293 220 4 463
294 221 4 468
295 222 4 470
296 221 4 472
297 227 4 475
298 229 4 477
299 234 4 479
300 234 4 480
301 234 4 484
302 238 4 487
303 241 4 488
304 239 4 494
305 243 4 498
306 252 4 499
307 252 4 501
308 256 4 505
309 259 4 510
310 262 4 513
311 261 4 521
312 259 4 526
313 263 4 528
314 265 4 531
315 268 4 535
316 268 4 542
317 268 4 546
318 271 4 548
319 271 4 554
320 268 4 559
321 272 4 563
322 277 4 567
323 279 4 571
324 286 4 571
325 287 4 577
326 283 4 582
327 280 4 590
328 268 4 605
329 270 4 613
330 267 4 621
331 266 4 626
332 264 4 630
333 268 4 633
334 272 4 638
335 271 4 642
336 269 4 650
337 270 4 657
338 276 4 660
339 279 4 662
340 280 4 668
341 281 4 675
342 278 4 679
343 282 4 682
344 283 4 687
345 279 4 695
346 278 4 698
347 280 4 701
348 281 4 706
349 287 4 707
350 290 4 711
351 294 4 714
352 297 4 720
353 298 4 723
354 299 4 727
355 302 4 728
356 300 4 737
357 299 4 741
358 302 4 743
359 308 4 745
360 308 4 751
361 311 4 755
362 310 4 762
363 310 4 767
364 310 4 773
365 311 4 780
366 308 4 786
367 307 4 794
368 311 4 797
369 308 4 804
370 310 4 812
371 314 4 814
372 317 4 818
373 320 4 823
374 323 4 828
375 330 4 831
376 335 4 835
377 342 4 840
378 344 4 844
379 345 4 850
380 341 4 856
381 339 4 862
382 341 4 866
383 344 4 870
384 351 4 871
385 359 4 873
386 361 4 879
387 368 4 881
388 377 4 884
389 373 4 890
390 373 4 896
391 371 4 902
392 369 4 907
393 380 4 909
394 384 4 911
395 383 4 920
396 387 4 927
397 391 4 934
398 387 4 944
399 385 4 950
400 387 4 955
401 387 4 960
402 393 4 963
403 398 4 965
404 397 4 972
405 404 4 975
406 405 4 981
407 414 4 983
408 418 4 994
409 414 4 1002
410 418 4 1006
411 425 4 1010
412 432 4 1011
413 438 4 1015
414 444 4 1021
415 447 4 1023
416 453 4 1029
417 454 4 1037
418 456 4 1042
419 458 4 1047
420 459 4 1056
421 460 4 1063
422 471 4 1067
423 477 4 1074
424 480 4 1085
425 488 4 1090
426 484 4 1099
427 486 4 1108
428 492 4 1114
429 488 4 1126
430 491 4 1131
431 491 4 1140
432 497 4 1145
433 504 4 1153
434 506 4 1164
435 506 4 1169
436 507 4 1176
437 507 4 1182
438 515 4 1189
439 521 4 1197
440 524 4 1207
441 523 4 1221
442 522 4 1233
443 529 4 1240
444 540 4 1249
445 541 4 1257
446 543 4 1263
447 548 4 1271
448 558 4 1278
449 566 4 1284
450 574 4 1289
451 575 4 1299
452 577 4 1306
453 580 4 1317
454 590 4 1321
455 594 4 1332
456 600 4 1340
457 600 4 1355
458 608 4 1360
459 617 4 1363
460 625 4 1375
461 629 4 1387
462 636 4 1394
463 642 4 1401
464 638 4 1416
465 644 4 1422
466 647 4 1434
467 642 4 1451
468 648 4 1460
469 655 4 1472
470 657 4 1483
471 673 4 1488
472 678 4 1496
473 680 4 1506
474 691 4 1510
475 695 4 1518
476 703 4 1527
477 703 4 1540
478 708 4 1555
479 711 4 1565
480 715 4 1575
481 719 4 1586
482 722 4 1597
483 731 4 1609
484 732 4 1620
485 739 4 1626
486 754 4 1632
487 759 4 1644
488 764 4 1656
489 764 4 1673
490 768 4 1686
491 796 4 1693
492 797 4 1706
493 797 4 1721
494 798 4 1735
495 799 4 1748
496 803 4 1758
497 812 4 1770
498 825 4 1776
499 821 4 1794
500 834 4 1804
501 845 4 1813
502 849 4 1824
503 849 4 1834
504 866 4 1838
505 872 4 1849
506 883 4 1860
507 890 4 1874
508 890 4 1891
509 898 4 1905
510 905 4 1917
511 916 4 1929
512 927 4 1943
513 942 4 1954
514 954 4 1966
515 960 4 1977
516 968 4 1986
517 966 4 2005
518 971 4 2021
519 981 4 2035
520 986 4 2045
521 996 4 2059
522 1001 4 2078
523 1002 4 2096
524 1007 4 2112
525 1002 4 2131
526 1012 4 2144
527 1018 4 2158
528 1028 4 2172
529 1035 4 2185
530 1029 4 2202
531 1034 4 2215
532 1037 4 2229
533 1045 4 2247
534 1047 4 2266
535 1045 4 2286
536 1049 4 2307
537 1057 4 2319
538 1057 4 2338
539 1065 4 2356
540 1076 4 2367
541 1078 4 2387
542 1078 4 2406
543 1079 4 2427
544 1081 4 2448
545 1090 4 2464
546 1103 4 2480
547 1108 4 2497
548 1111 4 2520
549 1118 4 2538
550 1127 4 2550
551 1130 4 2565
552 1139 4 2581
553 1143 4 2597
554 1156 4 2610
555 1160 4 2626
556 1158 4 2644
557 1163 4 2663
558 1180 4 2672
559 1193 4 2687
560 1205 4 2705
561 1205 4 2736
562 1219 4 2754
563 1230 4 2769
564 1228 4 2793
565 1224 4 2817
566 1226 4 2833
567 1246 4 2849
568 1255 4 2861
569 1276 4 2875
570 1291 4 2893
571 1290 4 2916
572 1297 4 2939
573 1313 4 2954
574 1330 4 2973
575 1342 4 2991
576 1355 4 3005
577 1353 4 3031
578 1371 4 3050
579 1390 4 3067
580 1402 4 3090
581 1417 4 3103
582 1428 4 3126
583 1444 4 3142
584 1464 4 3158
585 1486 4 3176
586 1496 4 3194
587 1505 4 3223
588 1511 4 3248
589 1519 4 3266
590 1530 4 3291
591 1537 4 3312
592 1544 4 3345
593 1547 4 3363
594 1553 4 3388
595 1556 4 3412
596 1577 4 3432
597 1578 4 3464
598 1587 4 3482
599 1592 4 3508
600 1594 4 3535
601 1597 4 3559
602 1618 4 3584
603 1622 4 3608
604 1639 4 3635
605 1652 4 3665
606 1646 4 3704
607 1657 4 3726
608 1671 4 3748
609 1684 4 3774
610 1682 4 3811
611 1688 4 3843
612 1694 4 3872
613 1690 4 3905
614 1689 4 3935
615 1697 4 3956
616 1707 4 3974
617 1720 4 3995
618 1729 4 4026
619 1744 4 4054
620 1742 4 4084
621 1735 4 4123
622 1750 4 4146
623 1752 4 4176
624 1769 4 4209
625 1786 4 4227
626 1790 4 4257
627 1796 4 4287
628 1794 4 4326
629 1792 4 4358
630 1800 4 4391
631 1820 4 4413
632 1840 4 4441
633 1860 4 4468
634 1878 4 4484
635 1884 4 4519
636 1896 4 4541
637 1905 4 4571
638 1894 4 4613
639 1897 4 4643
640 1907 4 4672
641 1908 4 4701
642 1916 4 4729
643 1927 4 4760
644 1937 4 4792
645 1942 4 4822
646 1952 4 4845
647 1966 4 4869
648 1989 4 4895
649 2006 4 4918
650 2018 4 4957
651 2033 4 4993
652 2036 4 5031
653 2057 4 5064
654 2070 4 5097
655 2079 4 5130
656 2077 4 5170
657 2092 4 5205
658 2114 4 5232
659 2131 4 5265
660 2142 4 5293
661 2168 4 5318
662 2175 4 5355
663 2181 4 5388
664 2184 4 5420
665 2196 4 5450
666 2208 4 5485
667 2235 4 5509
668 2258 4 5537
669 2265 4 5569
670 2280 4 5605
671 2283 4 5645
672 2301 4 5683
673 2311 4 5719
674 2311 4 5758
675 2326 4 5791
676 2340 4 5833
677 2334 4 5873
678 2348 4 5904
679 2370 4 5937
680 2399 4 5964
681 2418 4 5997
682 2417 4 6040
683 2438 4 6071
684 2452 4 6109
685 2477 4 6138
686 2479 4 6174
687 2491 4 6215
688 2505 4 6255
689 2524 4 6293
690 2536 4 6327
691 2538 4 6370
692 2543 4 6420
693 2579 4 6450
694 2584 4 6493
695 2594 4 6534
696 2611 4 6574
697 2632 4 6612
698 2662 4 6648
699 2694 4 6679
700 2721 4 6717
701 2740 4 6753
702 2771 4 6796
703 2795 4 6832
704 2802 4 6870
705 2819 4 6921
706 2839 4 6963
707 2870 4 6998
708 2884 4 7033
709 2905 4 7075
710 2915 4 7122
711 2947 4 7161
712 2977 4 7197
713 3010 4 7231
714 3026 4 7271
715 3036 4 7315
716 3053 4 7359
717 3082 4 7399
718 3099 4 7453
719 3131 4 7490
720 3147 4 7535
721 3176 4 7585
722 3207 4 7628
723 3223 4 7685
724 3246 4 7728
725 3288 4 7773
726 3304 4 7818
727 3297 4 7882
728 3337 4 7926
729 3357 4 7971
730 3403 4 8008
731 3422 4 8054
732 3434 4 8110
733 3457 4 8163
734 3486 4 8218
735 3518 4 8264
736 3551 4 8310
737 3593 4 8358
738 3629 4 8411
739 3658 4 8462
740 3697 4 8512
741 3721 4 8572
742 3734 4 8634
743 3774 4 8687
744 3814 4 8743
745 3836 4 8796
746 3853 4 8860
747 3878 4 8928
748 3897 4 8993
749 3919 4 9053
750 3959 4 9111
751 4001 4 9164
752 4024 4 9221
753 4043 4 9290
754 4075 4 9355
755 4110 4 9410
756 4120 4 9485
757 4168 4 9538
758 4203 4 9603
759 4222 4 9674
760 4260 4 9742
761 4302 4 9798
762 4341 4 9867
763 4379 4 9933
764 4394 4 9997
765 4420 4 10066
766 4437 4 10141
767 4458 4 10212
768 4465 4 10287
769 4484 4 10358
770 4530 4 10415
771 4553 4 10491
772 4575 4 10567
773 4609 4 10639
774 4636 4 10711
775 4671 4 10774
776 4706 4 10842
777 4739 4 10912
778 4787 4 10981
779 4803 4 11065
780 4834 4 11128
781 4875 4 11194
782 4922 4 11256
783 4977 4 11314
784 5004 4 11400
