0 50 0 0
1 51 1 1
2 46 5 2
3 47 6 2
4 46 6 4
5 47 6 4
6 46 6 5
7 44 6 7
8 46 7 7
9 47 7 7
10 44 7 10
11 45 7 12
12 46 7 12
13 47 7 12
14 47 7 14
15 49 7 14
16 49 7 15
17 49 7 15
18 50 7 15
19 51 7 16
20 47 8 19
21 48 8 19
22 49 8 20
23 49 8 20
24 50 8 20
25 51 8 21
26 51 8 22
27 51 8 23
28 50 8 25
29 50 8 25
30 52 8 25
31 49 9 28
32 49 9 30
33 50 9 30
34 50 10 30
35 48 11 31
36 47 11 33
37 46 11 34
38 45 11 35
39 45 11 36
40 46 11 37
41 44 11 39
42 43 11 41
43 42 12 41
44 42 13 41
45 44 13 42
46 45 13 42
47 44 13 43
48 44 13 46
49 43 14 46
50 45 14 47
51 43 15 49
52 42 16 49
53 43 16 49
54 44 16 49
55 45 16 49
56 45 16 49
57 44 16 50
58 42 16 52
59 42 16 52
60 40 17 54
61 41 17 54
62 43 17 54
63 43 17 55
64 42 17 56
65 43 17 56
66 46 17 57
67 45 17 58
68 45 17 59
69 46 17 59
70 46 18 60
71 48 18 60
72 48 18 60
73 47 18 62
74 46 18 63
75 45 19 65
76 46 19 66
77 47 19 66
78 48 19 67
79 45 19 71
80 45 20 71
81 43 21 72
82 46 21 72
83 46 22 72
84 46 22 72
85 45 23 72
86 46 23 74
87 46 23 75
88 43 24 77
89 41 25 78
90 40 25 79
91 40 25 80
92 40 25 80
93 38 25 82
94 38 25 82
95 38 25 82
96 40 25 82
97 43 25 83
98 43 25 84
99 43 25 86
100 44 25 86
101 44 26 87
102 43 27 87
103 43 27 88
104 43 27 88
105 41 28 89
106 42 28 89
107 44 28 89
108 42 28 93
109 39 29 95
110 40 29 95
111 40 29 95
112 42 29 95
113 42 29 97
114 41 29 98
115 40 29 100
116 40 30 100
117 39 30 101
118 40 30 101
119 40 30 101
120 40 30 102
121 40 30 103
122 40 30 103
123 43 30 103
124 43 30 103
125 43 30 103
126 42 30 104
127 42 30 104
128 42 31 104
129 41 31 106
130 39 31 108
131 39 31 108
132 40 31 109
133 39 31 110
134 39 31 111
135 39 31 111
136 37 31 113
137 36 31 114
138 37 31 114
139 37 31 115
140 37 31 116
141 36 31 117
142 37 31 117
143 38 32 117
144 39 32 117
145 40 32 117
146 40 32 117
147 41 32 117
148 39 32 119
149 36 32 122
150 37 32 122
151 38 32 122
152 38 32 122
153 37 32 124
154 36 33 124
155 35 34 124
156 35 34 125
157 35 34 125
158 36 34 125
159 37 34 125
160 38 34 125
161 38 35 125
162 37 35 126
163 36 37 126
164 37 37 126
165 35 38 127
166 35 38 127
167 33 39 128
168 33 39 128
169 32 39 130
170 32 39 130
171 33 39 130
172 34 39 130
173 33 39 132
174 32 39 133
175 32 39 133
176 32 39 133
177 31 39 134
178 32 39 134
179 33 39 135
180 33 39 135
181 33 39 135
182 33 40 135
183 33 40 135
184 32 41 135
185 31 41 136
186 31 41 136
187 30 41 137
188 31 41 137
189 32 41 137
190 30 41 139
191 31 41 139
192 30 42 139
193 29 43 139
194 28 43 140
195 27 43 141
196 27 43 141
197 25 43 143
198 25 43 143
199 25 43 143
200 24 44 144
201 23 44 145
202 22 44 146
203 23 44 146
204 24 44 146
205 24 45 146
206 24 45 146
207 22 45 148
208 21 45 149
209 21 45 150
210 19 45 152
211 19 45 152
212 17 45 154
213 18 45 154
214 19 45 154
215 19 45 154
216 19 45 154
217 19 45 155
218 19 45 155
219 19 45 155
220 19 45 155
221 19 45 155
222 20 45 155
223 20 45 155
224 18 47 155
225 18 47 155
226 18 47 155
227 18 47 155
228 19 47 155
229 19 47 155
230 20 47 155
231 21 47 155
232 22 47 155
233 22 47 155
234 20 50 155
235 20 50 155
236 19 50 156
237 19 50 157
238 19 50 157
239 20 50 157
240 21 50 157
241 21 50 157
242 20 50 158
243 20 50 158
244 21 50 158
245 22 50 158
246 21 50 159
247 21 50 159
248 20 50 160
249 19 51 160
250 19 51 161
251 19 51 161
252 19 52 161
253 18 53 161
254 18 53 161
255 18 53 161
256 18 53 161
257 19 53 161
258 21 53 161
259 21 53 162
260 20 53 163
261 19 53 164
262 19 53 164
263 19 53 164
264 20 53 164
265 19 53 165
266 18 53 166
267 19 53 166
268 19 53 166
269 19 53 166
270 19 53 167
271 20 53 167
272 21 53 167
273 22 53 167
274 22 53 168
275 22 53 168
276 22 53 169
277 21 53 170
278 21 53 170
279 21 53 170
280 22 53 170
281 23 53 170
282 22 53 172
283 20 53 174
284 21 53 174
285 19 53 176
286 18 53 177
287 18 53 177
288 17 53 179
289 17 53 179
290 17 53 180
291 18 53 180
292 18 53 180
293 17 53 181
294 16 53 182
295 17 53 182
296 17 53 183
297 17 53 183
298 19 53 183
299 21 53 183
300 19 55 183
301 19 55 183
302 18 55 184
303 17 56 184
304 14 56 187
305 13 56 188
306 13 56 188
307 14 56 188
308 14 56 189
309 14 56 189
310 14 56 189
311 14 56 189
312 13 56 190
313 15 56 190
314 15 56 190
315 14 56 191
316 13 56 192
317 13 56 192
318 14 56 192
319 14 56 193
320 14 56 193
321 14 56 193
322 14 56 193
323 14 56 193
324 15 56 193
325 16 56 193
326 15 57 193
327 16 57 193
328 15 57 194
329 15 57 194
330 15 57 194
331 15 57 194
332 15 57 194
333 15 57 194
334 15 57 194
335 16 57 194
336 16 57 194
337 16 57 195
338 16 57 195
339 16 57 195
340 16 57 195
341 16 57 195
342 16 57 195
343 15 57 196
344 15 57 196
345 15 57 196
346 15 57 196
347 17 57 196
348 17 57 196
349 17 57 196
350 17 57 197
351 18 57 197
352 17 58 197
353 16 58 198
354 18 58 198
355 17 58 199
356 18 58 199
357 18 58 199
358 19 58 199
359 19 58 199
360 19 58 199
361 20 58 199
362 20 59 199
363 22 59 199
364 22 59 199
365 21 59 200
366 20 60 201
367 22 60 201
368 21 60 202
369 21 60 202
370 20 60 203
371 20 60 203
372 21 60 203
373 22 60 203
374 23 60 203
375 22 60 204
376 22 60 204
377 24 60 204
378 24 60 204
379 25 60 204
380 25 60 205
381 25 60 205
382 24 60 206
383 22 60 208
384 22 60 208
385 22 60 208
386 22 60 208
387 24 60 208
388 25 60 208
389 25 60 208
390 25 60 209
391 25 60 209
392 25 60 210
393 25 60 210
394 26 60 210
395 27 60 210
396 27 60 210
397 27 60 211
398 26 61 211
399 25 62 212
400 27 62 212
401 27 62 212
402 28 62 212
403 29 63 212
404 28 63 213
405 26 65 213
406 26 65 213
407 25 66 214
408 25 67 214
409 23 68 215
410 24 68 215
411 23 68 216
412 23 68 216
413 23 68 216
414 23 68 216
415 22 68 217
416 24 68 217
417 25 68 217
418 25 68 217
419 26 68 217
420 26 68 217
421 26 68 217
422 26 68 217
423 27 68 217
424 26 68 218
425 27 68 218
426 27 68 218
427 27 68 218
428 27 68 218
429 24 69 220
430 24 69 221
431 23 70 221
432 23 70 222
433 23 70 222
434 24 70 222
435 24 70 222
436 24 70 222
437 24 70 223
438 25 70 223
439 24 70 224
440 28 70 224
441 28 70 224
442 28 70 224
443 29 70 224
444 28 71 224
445 27 71 226
446 28 71 226
447 27 71 227
448 26 71 229
449 26 72 229
450 27 72 229
451 27 72 229
452 29 72 229
453 28 72 230
454 28 72 230
455 28 72 231
456 29 72 231
457 29 72 231
458 28 72 232
459 29 72 232
460 31 72 232
461 31 72 232
462 31 72 232
463 28 72 235
464 28 72 236
465 26 72 238
466 28 72 238
467 28 72 238
468 26 72 240
469 28 72 240
470 28 72 240
471 26 73 241
472 25 75 241
473 25 75 242
474 25 75 242
475 25 75 243
476 25 75 243
477 25 75 244
478 27 75 244
479 27 75 244
480 27 75 244
481 27 75 244
482 27 75 244
483 28 76 244
484 29 76 244
485 30 77 244
486 27 77 247
487 28 77 248
488 28 77 248
489 30 77 248
490 32 77 248
491 32 77 249
492 32 77 250
493 33 78 250
494 33 78 250
495 33 78 250
496 31 79 252
497 31 79 253
498 31 79 254
499 30 79 255
500 29 79 256
501 28 79 257
502 29 79 257
503 29 79 257
504 29 79 257
505 29 79 257
506 30 79 257
507 31 79 257
508 31 79 257
509 31 79 257
510 32 79 257
511 31 79 258
512 31 79 258
513 30 79 259
514 29 80 259
515 29 80 260
516 29 80 260
517 29 80 260
518 29 80 260
519 30 80 260
520 29 80 261
521 29 80 261
522 29 80 261
523 29 80 261
524 30 80 261
525 30 80 261
526 30 80 261
527 31 80 261
528 31 80 261
529 31 80 261
530 30 80 262
531 33 80 262
532 33 81 262
533 34 81 264
534 35 82 264
535 35 82 264
536 36 82 264
537 36 83 264
538 37 83 264
539 37 83 264
540 37 83 264
541 36 84 264
542 38 84 264
543 40 84 264
544 41 84 264
545 39 84 266
546 38 84 267
547 40 84 267
548 37 86 268
549 37 86 268
550 37 86 269
551 37 86 270
552 37 87 270
553 37 88 270
554 35 88 272
555 35 88 272
556 35 88 272
557 37 88 272
558 37 88 274
559 36 89 274
560 34 90 275
561 34 90 275
562 36 90 275
563 37 90 275
564 39 90 275
565 41 90 275
566 42 90 275
567 43 90 275
568 42 90 278
569 44 90 278
570 45 90 278
571 44 90 279
572 50 90 279
573 50 90 279
574 47 90 283
575 45 91 284
576 47 91 284
577 49 91 284
578 52 91 284
579 50 91 287
580 49 91 288
581 47 91 290
582 44 91 294
583 41 92 296
584 43 93 296
585 44 93 296
586 44 93 296
587 45 93 297
588 48 93 298
589 47 94 298
590 48 94 298
591 47 95 300
592 47 95 301
593 47 95 302
594 47 95 303
595 48 95 304
596 48 95 305
597 48 95 305
598 48 95 306
599 48 95 307
600 48 95 307
601 50 95 308
602 49 95 310
603 47 95 312
604 45 96 313
605 44 97 313
606 44 97 314
607 44 97 314
608 42 98 315
609 43 98 315
610 44 98 315
611 45 98 315
612 46 98 315
613 46 98 316
614 46 99 316
615 46 99 316
616 45 99 317
617 46 99 318
618 45 100 318
619 45 101 319
620 48 101 319
621 47 101 320
622 47 101 320
623 47 102 320
624 48 102 320
625 47 102 321
626 49 102 321
627 49 102 322
628 49 103 322
629 51 103 322
630 51 103 324
631 50 103 325
632 52 103 325
633 51 103 326
634 52 103 326
635 51 103 327
636 51 103 328
637 51 104 328
638 51 104 330
639 53 104 330
640 51 105 331
641 50 105 332
642 50 105 332
643 50 105 332
644 53 105 332
645 54 105 333
646 55 105 333
647 55 106 333
648 53 107 334
649 54 107 334
650 55 107 335
651 54 107 336
652 53 107 337
653 53 107 337
654 55 107 337
655 59 107 338
656 59 108 338
657 63 108 338
658 64 109 338
659 64 109 340
660 64 110 341
661 63 110 342
662 63 110 343
663 64 110 344
664 63 111 344
665 63 111 344
666 65 111 345
667 67 111 347
668 67 111 347
669 66 111 349
670 70 111 349
671 69 112 351
672 73 112 351
673 76 112 352
674 81 112 352
675 80 113 354
676 77 113 357
677 77 113 358
678 79 113 359
679 81 113 360
680 83 113 360
681 83 113 360
682 84 113 362
683 84 113 363
684 83 114 364
685 83 114 364
686 84 115 365
687 83 115 368
688 81 116 373
689 83 116 374
690 83 116 375
691 83 116 377
692 82 116 380
693 82 116 380
694 83 116 383
695 83 116 384
696 84 116 385
697 84 117 387
698 87 117 388
699 85 117 390
700 87 117 391
701 85 117 393
702 87 118 394
703 87 118 395
704 92 118 396
705 92 118 397
706 93 118 398
707 92 118 400
708 94 118 401
709 93 118 402
710 96 118 402
711 96 118 404
712 100 118 404
713 103 118 404
714 101 118 407
715 99 119 410
716 96 120 413
717 96 120 414
718 97 120 416
719 96 122 417
720 97 123 417
721 96 124 418
722 96 125 419
723 93 125 423
724 95 125 424
725 97 125 424
726 101 125 424
727 103 125 425
728 107 125 426
729 111 126 426
730 112 126 428
731 113 126 429
732 117 126 429
733 119 126 430
734 119 126 433
735 119 126 435
736 119 126 436
737 120 127 438
738 121 127 440
739 119 127 443
740 119 127 444
741 120 127 446
742 120 127 447
743 120 128 450
744 122 128 451
745 120 128 455
746 119 130 457
747 119 130 461
748 116 132 465
749 116 132 468
750 116 132 471
751 116 133 473
752 119 133 473
753 119 134 473
754 119 136 474
755 120 136 475
756 123 137 475
757 121 137 477
758 120 137 479
759 120 137 480
760 118 137 482
761 119 137 484
762 119 137 486
763 123 137 486
764 119 138 489
765 119 139 490
766 119 140 493
767 120 140 495
768 122 141 497
769 123 141 499
770 125 141 500
771 125 141 502
772 128 141 503
773 129 143 504
774 127 145 505
775 125 145 508
776 125 145 512
777 126 145 513
778 126 146 516
779 129 146 516
780 131 146 517
781 133 147 517
782 131 147 521
783 129 150 523
784 137 151 524
785 140 151 524
786 143 151 525
787 142 152 527
788 144 153 527
789 143 154 529
790 144 154 532
791 142 155 537
792 138 157 541
793 140 157 541
794 143 157 542
795 143 157 547
796 145 157 548
797 146 157 549
798 143 157 554
799 143 157 557
800 146 157 558
801 147 157 559
802 148 157 560
803 146 158 563
804 146 158 564
805 146 158 566
806 146 158 568
807 146 158 571
808 148 159 572
809 147 159 575
810 148 159 576
811 150 160 577
812 151 160 578
813 153 160 580
814 157 160 581
815 157 161 584
816 158 161 587
817 157 162 589
818 158 162 591
819 157 163 593
820 155 163 595
821 158 163 595
822 160 163 599
823 160 163 603
824 162 163 603
825 162 164 606
826 162 164 608
827 163 164 613
828 164 164 616
829 168 164 619
830 168 164 623
831 169 164 624
832 174 164 625
833 174 165 627
834 174 165 632
835 179 165 632
836 177 167 634
837 179 168 635
838 178 169 639
839 179 169 642
840 183 169 642
841 182 169 647
842 185 169 651
843 185 169 655
844 184 169 658
845 183 169 661
846 182 171 663
847 186 171 664
848 190 171 665
849 188 171 669
850 191 171 669
851 193 171 671
852 201 171 673
853 193 173 681
854 195 173 683
855 202 173 684
856 205 173 685
857 208 174 689
858 208 174 692
859 207 175 695
860 207 177 695
861 209 177 698
862 209 178 701
863 212 178 704
864 210 178 709
865 210 181 712
866 211 183 715
867 213 184 719
868 213 185 722
869 218 186 725
870 218 187 729
871 223 187 732
872 225 187 734
873 231 187 737
874 235 188 738
875 231 190 746
876 230 192 750
877 229 193 754
878 229 193 757
879 234 194 759
880 238 194 759
881 243 194 761
882 239 195 767
883 235 195 775
884 234 195 780
885 236 195 783
886 248 195 786
887 248 195 789
888 249 195 793
889 250 198 794
890 248 199 800
891 246 199 805
892 250 199 808
893 251 200 810
894 250 203 813
895 250 203 817
896 247 206 819
897 251 206 822
898 255 206 825
899 257 206 829
900 263 206 830
901 263 206 833
902 264 207 837
903 261 209 841
904 262 211 847
905 260 212 853
906 257 212 857
907 258 214 859
908 261 214 863
909 257 215 867
910 262 215 867
911 266 215 872
912 269 215 875
913 267 215 879
914 268 216 885
915 264 217 893
916 261 217 900
917 262 217 904
918 260 219 912
919 262 219 917
920 262 220 920
921 259 223 925
922 261 225 926
923 266 228 927
924 266 229 929
925 266 232 932
926 261 234 940
927 258 234 947
928 256 236 952
929 258 237 955
930 257 238 959
931 259 238 963
932 263 240 964
933 265 241 967
934 269 241 970
935 267 242 973
936 262 243 978
937 266 243 979
938 268 243 981
939 269 243 987
940 268 244 991
941 268 244 993
942 275 244 994
943 275 245 998
944 275 245 1002
945 275 246 1005
946 281 247 1007
947 283 248 1011
948 286 249 1014
949 297 249 1017
950 298 251 1021
951 297 252 1026
952 297 253 1031
953 303 254 1033
954 305 255 1040
955 304 256 1043
956 306 256 1051
957 309 256 1053
958 317 256 1055
959 316 258 1060
960 324 258 1061
961 324 260 1066
962 324 261 1071
963 328 261 1075
964 329 263 1077
965 335 264 1082
966 337 266 1087
967 343 266 1091
968 344 266 1098
969 340 266 1105
970 343 266 1108
971 348 266 1112
972 349 268 1115
973 353 268 1119
974 351 270 1126
975 345 270 1137
976 345 275 1140
977 346 276 1149
978 351 276 1151
979 362 276 1153
980 366 278 1155
981 372 281 1160
982 368 283 1168
983 365 287 1174
984 371 288 1178
985 373 291 1180
986 373 291 1187
987 369 295 1195
988 385 295 1199
989 398 295 1202
990 403 296 1205
991 402 299 1208
992 391 301 1219
993 389 302 1226
994 389 304 1229
995 390 306 1234
996 399 307 1237
997 404 308 1242
998 402 308 1252
999 397 314 1259
1000 405 314 1262
1001 400 317 1269
1002 404 317 1270
1003 395 319 1282
1004 401 319 1286
1005 401 323 1288
1006 409 325 1291
1007 408 325 1296
1008 408 327 1303
1009 411 328 1308
1010 412 331 1310
1011 412 334 1315
1012 412 335 1320
1013 409 336 1327
1014 413 336 1334
1015 412 336 1343
1016 416 337 1347
1017 409 340 1356
1018 406 341 1362
1019 401 343 1372
1020 402 343 1379
1021 393 344 1390
1022 397 344 1393
1023 400 346 1397
1024 405 347 1400
1025 405 350 1404
1026 410 350 1408
1027 411 350 1414
1028 409 350 1423
1029 407 353 1431
1030 405 354 1439
1031 403 355 1447
1032 405 357 1454
1033 398 360 1463
1034 400 362 1467
1035 404 362 1474
1036 402 368 1476
1037 406 369 1480
1038 411 370 1490
1039 410 371 1498
1040 408 374 1506
1041 413 374 1509
1042 411 378 1516
1043 406 379 1527
1044 409 382 1533
1045 408 384 1541
1046 403 388 1549
1047 405 389 1549
1048 403 389 1560
1049 400 392 1568
1050 403 394 1576
1051 407 394 1582
1052 408 395 1588
1053 410 397 1596
1054 419 399 1600
1055 431 401 1602
1056 425 405 1608
1057 432 406 1614
1058 442 407 1617
1059 444 407 1625
1060 449 409 1632
1061 446 411 1642
1062 451 412 1644
1063 455 412 1647
1064 450 414 1655
1065 446 416 1664
1066 440 419 1673
1067 442 422 1678
1068 439 422 1688
1069 433 427 1695
1070 437 428 1700
1071 442 429 1704
1072 440 431 1713
1073 437 434 1724
1074 436 440 1729
1075 443 442 1735
1076 446 444 1739
1077 453 444 1746
1078 453 444 1754
1079 454 445 1761
1080 460 448 1763
1081 458 450 1769
1082 455 455 1774
1083 454 457 1781
1084 459 458 1785
1085 463 460 1791
1086 467 461 1797
1087 471 463 1803
1088 474 468 1812
1089 485 468 1816
1090 496 469 1817
1091 505 471 1821
1092 500 474 1832
1093 495 475 1849
1094 500 475 1855
1095 506 478 1863
1096 511 479 1869
1097 509 482 1874
1098 518 483 1880
1099 519 483 1888
1100 520 484 1895
1101 524 486 1903
1102 519 490 1915
1103 529 492 1919
1104 532 495 1922
1105 533 497 1928
1106 542 498 1934
1107 547 499 1943
1108 549 499 1955
1109 550 501 1963
1110 549 501 1976
1111 546 505 1981
1112 552 509 1988
1113 557 510 1993
1114 556 516 2001
1115 558 518 2008
1116 570 519 2010
1117 560 524 2024
1118 551 531 2032
1119 554 532 2036
1120 548 534 2046
1121 558 534 2052
1122 559 537 2061
1123 562 538 2069
1124 554 541 2083
1125 553 542 2098
1126 548 544 2115
1127 549 546 2123
1128 549 547 2134
1129 552 547 2145
1130 551 550 2156
1131 556 553 2165
1132 561 553 2176
1133 558 556 2187
1134 565 557 2196
1135 573 559 2201
1136 578 561 2208
1137 584 562 2214
1138 583 563 2229
1139 592 568 2238
1140 598 570 2246
1141 599 573 2254
1142 595 576 2268
1143 594 579 2278
1144 599 583 2285
1145 594 584 2301
1146 584 586 2316
1147 581 590 2327
1148 580 592 2341
1149 586 593 2346
1150 587 595 2358
1151 593 597 2366
1152 594 599 2373
1153 589 601 2384
1154 593 601 2393
1155 601 602 2404
1156 596 603 2420
1157 603 603 2429
1158 603 604 2439
1159 602 606 2454
1160 602 609 2467
1161 608 611 2475
1162 616 611 2487
1163 622 613 2502
1164 621 615 2511
1165 627 617 2521
1166 637 617 2529
1167 647 619 2534
1168 646 621 2541
1169 647 621 2553
1170 657 621 2558
1171 663 623 2568
1172 662 623 2583
1173 664 623 2594
1174 673 624 2606
1175 673 628 2620
1176 676 631 2633
1177 676 639 2643
1178 668 639 2663
1179 664 645 2669
1180 660 648 2683
1181 664 650 2693
1182 671 651 2703
1183 669 654 2714
1184 670 657 2724
1185 673 661 2733
1186 672 669 2739
1187 667 675 2749
1188 666 677 2762
1189 669 678 2772
1190 666 680 2787
1191 672 681 2794
1192 674 682 2803
1193 677 687 2811
1194 683 691 2815
1195 689 692 2827
1196 696 693 2834
1197 696 693 2849
1198 696 696 2864
1199 704 698 2871
1200 706 703 2876
1201 713 706 2885
1202 706 710 2897
1203 710 710 2906
1204 720 710 2915
1205 721 714 2925
1206 729 716 2938
1207 733 717 2950
1208 726 719 2967
1209 731 721 2973
1210 743 722 2981
1211 749 724 2992
1212 748 726 3008
1213 748 732 3026
1214 745 738 3042
1215 739 742 3052
1216 739 745 3066
1217 740 748 3080
1218 736 752 3097
1219 738 754 3106
1220 740 755 3116
1221 742 759 3123
1222 746 760 3134
1223 754 762 3143
1224 755 765 3156
1225 757 766 3169
1226 759 769 3181
1227 764 774 3190
1228 764 777 3202
1229 768 779 3207
1230 764 783 3219
1231 761 785 3231
1232 761 790 3241
1233 762 793 3248
1234 759 794 3264
1235 757 799 3279
1236 754 803 3299
1237 766 803 3306
1238 771 805 3319
1239 773 809 3332
1240 778 810 3341
1241 778 813 3356
1242 787 813 3370
1243 798 814 3376
1244 801 815 3390
1245 799 819 3405
1246 798 821 3420
1247 794 828 3426
1248 797 831 3436
1249 797 836 3449
1250 792 840 3465
1251 791 844 3477
1252 800 845 3488
1253 801 850 3498
1254 809 853 3510
1255 815 853 3518
1256 823 856 3529
1257 821 862 3543
1258 827 867 3558
1259 822 872 3576
1260 816 880 3593
1261 817 883 3606
1262 827 887 3618
1263 821 891 3628
1264 818 898 3645
1265 819 902 3655
1266 827 903 3666
1267 838 904 3677
1268 848 907 3687
1269 848 908 3702
1270 844 912 3718
1271 849 914 3730
1272 851 915 3741
1273 863 917 3749
1274 863 920 3761
1275 858 923 3774
1276 865 926 3784
1277 875 929 3794
1278 874 935 3810
1279 872 938 3825
1280 880 943 3834
1281 885 946 3843
1282 889 946 3859
1283 904 946 3863
1284 909 950 3876
1285 910 951 3890
1286 929 953 3899
1287 933 955 3918
1288 949 957 3924
1289 948 959 3940
1290 954 963 3951
1291 961 966 3957
1292 969 966 3968
1293 975 969 3985
1294 976 972 4005
1295 980 978 4020
1296 988 982 4034
1297 988 986 4053
1298 997 987 4063
1299 1002 992 4079
1300 1013 997 4090
1301 1023 1000 4105
1302 1023 1003 4126
1303 1018 1010 4148
1304 1020 1014 4163
1305 1021 1017 4181
1306 1013 1023 4198
1307 1019 1025 4216
1308 1026 1031 4228
1309 1032 1037 4241
1310 1040 1043 4250
1311 1038 1050 4264
1312 1046 1051 4280
1313 1049 1054 4297
1314 1055 1056 4309
1315 1064 1062 4318
1316 1065 1064 4330
1317 1065 1070 4348
1318 1074 1075 4361
1319 1081 1079 4374
1320 1087 1084 4393
1321 1096 1088 4410
1322 1100 1090 4419
1323 1117 1092 4433
1324 1119 1096 4450
1325 1134 1097 4462
1326 1138 1102 4481
1327 1139 1107 4494
1328 1148 1112 4510
1329 1164 1114 4522
1330 1159 1117 4546
1331 1163 1120 4562
1332 1159 1125 4576
1333 1155 1130 4594
1334 1159 1133 4609
1335 1152 1141 4631
1336 1160 1144 4642
1337 1165 1150 4653
1338 1171 1154 4673
1339 1157 1159 4704
1340 1171 1163 4714
1341 1181 1168 4724
1342 1191 1172 4738
1343 1198 1177 4757
1344 1193 1181 4773
1345 1192 1185 4797
1346 1204 1188 4813
1347 1203 1196 4833
1348 1208 1203 4846
1349 1210 1209 4862
1350 1223 1214 4877
1351 1217 1221 4894
1352 1205 1225 4923
1353 1204 1228 4944
1354 1209 1232 4964
1355 1215 1236 4981
1356 1222 1243 4998
1357 1228 1249 5012
1358 1230 1256 5034
1359 1243 1258 5050
1360 1241 1265 5065
1361 1250 1270 5078
1362 1263 1274 5090
1363 1270 1280 5104
1364 1267 1283 5125
1365 1272 1290 5141
1366 1280 1295 5158
1367 1285 1297 5176
1368 1274 1303 5205
1369 1279 1307 5225
1370 1280 1312 5243
1371 1285 1317 5256
1372 1287 1320 5278
1373 1309 1323 5294
1374 1314 1325 5316
1375 1317 1333 5336
1376 1321 1337 5361
1377 1322 1342 5381
1378 1312 1349 5407
1379 1326 1356 5423
1380 1334 1360 5444
1381 1340 1365 5461
1382 1351 1372 5478
1383 1352 1381 5500
1384 1365 1385 5513
1385 1369 1388 5533
1386 1376 1393 5557
1387 1366 1407 5574
1388 1372 1418 5596
1389 1378 1424 5617
1390 1397 1431 5630
1391 1393 1437 5657
1392 1403 1441 5675
1393 1394 1448 5696
1394 1390 1455 5722
1395 1392 1460 5739
1396 1389 1466 5757
1397 1378 1475 5784
1398 1392 1485 5802
1399 1404 1491 5817
1400 1396 1497 5842
1401 1400 1501 5863
1402 1396 1507 5892
1403 1391 1511 5914
1404 1397 1516 5936
1405 1399 1523 5951
1406 1401 1531 5976
1407 1397 1536 6000
1408 1389 1547 6025
1409 1385 1552 6046
1410 1387 1559 6062
1411 1374 1566 6087
1412 1378 1570 6107
1413 1380 1573 6130
1414 1399 1575 6148
1415 1404 1578 6168
1416 1401 1595 6187
1417 1401 1605 6211
1418 1410 1606 6231
1419 1414 1617 6248
1420 1417 1625 6266
1421 1434 1630 6285
1422 1426 1635 6310
1423 1419 1644 6332
1424 1421 1649 6354
1425 1434 1657 6371
1426 1449 1665 6385
1427 1468 1671 6405
1428 1467 1675 6427
1429 1465 1682 6451
1430 1473 1692 6472
1431 1471 1696 6496
1432 1474 1700 6517
1433 1473 1709 6534
1434 1488 1715 6553
1435 1483 1724 6581
1436 1492 1729 6600
1437 1486 1735 6626
1438 1487 1741 6648
1439 1495 1747 6669
1440 1516 1751 6679
1441 1514 1756 6710
1442 1524 1759 6729
1443 1525 1770 6749
1444 1531 1775 6772
1445 1541 1788 6796
1446 1554 1790 6813
1447 1566 1794 6833
1448 1574 1798 6860
1449 1567 1808 6885
1450 1561 1812 6911
1451 1565 1822 6928
1452 1571 1826 6950
1453 1569 1829 6979
1454 1598 1831 7004
1455 1592 1838 7035
1456 1611 1842 7056
1457 1611 1847 7089
1458 1608 1852 7119
1459 1606 1856 7149
1460 1612 1862 7170
1461 1617 1867 7197
1462 1634 1870 7224
1463 1648 1876 7248
1464 1649 1885 7273
1465 1658 1890 7302
1466 1675 1893 7319
1467 1689 1898 7346
1468 1688 1903 7375
1469 1694 1910 7408
1470 1696 1921 7432
1471 1708 1930 7457
1472 1729 1932 7476
1473 1731 1941 7507
1474 1737 1948 7531
1475 1732 1953 7564
1476 1737 1958 7590
1477 1752 1965 7617
1478 1752 1974 7645
1479 1750 1980 7673
1480 1756 1986 7703
1481 1750 1998 7735
1482 1762 2003 7761
1483 1767 2015 7780
1484 1748 2025 7814
1485 1743 2031 7842
1486 1750 2037 7867
1487 1753 2041 7892
1488 1759 2048 7912
1489 1771 2052 7936
1490 1774 2062 7966
1491 1778 2072 7992
1492 1784 2079 8018
1493 1788 2084 8046
1494 1796 2089 8066
1495 1794 2097 8100
1496 1799 2108 8124
1497 1792 2115 8158
1498 1786 2122 8190
1499 1799 2129 8212
1500 1815 2134 8237
1501 1828 2142 8261
1502 1847 2148 8284
1503 1852 2155 8312
1504 1871 2161 8339
1505 1878 2167 8366
1506 1883 2173 8391
1507 1864 2180 8432
1508 1876 2189 8455
1509 1893 2194 8482
1510 1895 2199 8511
1511 1890 2207 8549
1512 1901 2214 8576
1513 1913 2221 8603
1514 1930 2227 8628
1515 1939 2236 8655
1516 1942 2246 8682
1517 1938 2254 8719
1518 1932 2258 8759
1519 1932 2262 8791
1520 1936 2267 8824
1521 1923 2279 8866
1522 1922 2288 8893
1523 1933 2290 8920
1524 1934 2299 8949
1525 1951 2301 8979
1526 1955 2312 9000
1527 1966 2321 9028
1528 1976 2328 9054
1529 1980 2336 9083
1530 1981 2339 9121
1531 2003 2343 9143
1532 2009 2348 9168
1533 2016 2358 9200
1534 2018 2365 9229
1535 2020 2376 9260
1536 2020 2384 9289
1537 2023 2393 9316
1538 2027 2400 9347
1539 2019 2405 9377
1540 2033 2408 9400
1541 2039 2417 9428
1542 2045 2424 9459
1543 2041 2434 9494
1544 2050 2443 9523
1545 2057 2451 9552
1546 2076 2461 9576
1547 2096 2472 9596
1548 2090 2481 9633
1549 2107 2489 9657
1550 2108 2494 9688
1551 2124 2504 9707
1552 2119 2517 9745
1553 2118 2526 9784
1554 2112 2536 9816
1555 2117 2545 9851
1556 2124 2552 9889
1557 2115 2558 9931
1558 2136 2569 9959
1559 2144 2572 9996
1560 2159 2577 10026
1561 2161 2589 10058
1562 2169 2598 10097
1563 2176 2603 10129
1564 2184 2608 10169
1565 2183 2609 10209
1566 2195 2614 10240
1567 2208 2625 10271
1568 2216 2632 10308
1569 2237 2638 10340
1570 2242 2644 10369
1571 2272 2654 10395
1572 2294 2664 10421
1573 2304 2674 10452
1574 2310 2684 10481
1575 2306 2693 10522
1576 2312 2701 10557
1577 2318 2704 10595
1578 2328 2711 10630
1579 2323 2724 10659
1580 2340 2732 10695
1581 2348 2735 10725
1582 2368 2742 10755
1583 2376 2749 10793
1584 2379 2757 10827
1585 2385 2763 10875
1586 2382 2772 10909
1587 2407 2783 10941
1588 2430 2785 10978
1589 2425 2801 11017
1590 2434 2814 11044
1591 2455 2829 11070
1592 2484 2833 11098
1593 2499 2846 11126
1594 2518 2852 11155
1595 2527 2863 11192
1596 2544 2872 11222
1597 2545 2884 11259
1598 2566 2898 11287
1599 2576 2910 11323
1600 2587 2920 11363
1601 2603 2931 11407
1602 2604 2941 11454
1603 2603 2949 11496
1604 2617 2963 11532
1605 2624 2971 11571
1606 2627 2984 11617
1607 2649 2991 11650
1608 2667 3004 11689
1609 2673 3014 11733
1610 2677 3020 11777
1611 2688 3028 11822
1612 2705 3033 11856
1613 2727 3041 11888
1614 2733 3048 11924
1615 2739 3061 11956
1616 2749 3066 12004
1617 2769 3077 12043
1618 2780 3088 12088
1619 2794 3099 12121
1620 2792 3110 12161
1621 2791 3120 12203
1622 2811 3129 12244
1623 2823 3135 12284
1624 2830 3146 12318
1625 2830 3154 12374
1626 2838 3159 12422
1627 2841 3170 12469
1628 2859 3180 12509
1629 2894 3188 12543
1630 2908 3199 12588
1631 2916 3207 12637
1632 2941 3211 12678
1633 2950 3231 12717
1634 2970 3241 12763
1635 2972 3251 12812
1636 2990 3259 12848
1637 2989 3269 12897
1638 2981 3279 12959
1639 2973 3295 13013
1640 2992 3309 13052
1641 2980 3330 13112
1642 2979 3338 13168
1643 2990 3342 13222
1644 3002 3352 13267
1645 3001 3367 13314
1646 3019 3374 13364
1647 3015 3382 13414
1648 3014 3393 13458
1649 3025 3403 13509
1650 3039 3415 13552
1651 3048 3429 13591
1652 3059 3436 13644
1653 3081 3448 13675
1654 3086 3456 13726
1655 3096 3463 13767
1656 3115 3469 13817
1657 3130 3478 13864
1658 3131 3491 13923
1659 3155 3500 13969
1660 3181 3508 14017
1661 3185 3519 14071
1662 3194 3530 14125
1663 3212 3547 14164
1664 3219 3559 14209
1665 3221 3571 14256
1666 3233 3587 14307
1667 3245 3597 14356
1668 3279 3606 14387
1669 3275 3620 14445
1670 3277 3634 14494
1671 3302 3650 14534
1672 3311 3662 14587
1673 3343 3669 14634
1674 3350 3684 14692
1675 3369 3698 14737
1676 3380 3718 14786
1677 3403 3738 14828
1678 3392 3753 14886
1679 3382 3762 14949
1680 3397 3774 14993
1681 3403 3787 15039
1682 3420 3801 15093
1683 3425 3819 15154
1684 3442 3831 15201
1685 3469 3843 15244
1686 3489 3857 15289
1687 3507 3867 15338
1688 3537 3878 15381
1689 3543 3886 15431
1690 3541 3897 15496
1691 3536 3913 15553
1692 3568 3921 15598
1693 3561 3935 15652
1694 3594 3944 15690
1695 3596 3959 15752
1696 3616 3973 15799
1697 3622 3988 15862
1698 3649 3998 15907
1699 3661 4011 15966
1700 3658 4032 16021
1701 3660 4044 16073
1702 3656 4053 16145
1703 3657 4077 16195
1704 3658 4090 16246
1705 3665 4106 16304
1706 3662 4121 16361
1707 3686 4128 16408
1708 3703 4143 16459
1709 3704 4155 16514
1710 3723 4166 16567
1711 3747 4179 16616
1712 3772 4190 16668
1713 3806 4204 16719
1714 3812 4218 16771
1715 3821 4229 16835
1716 3842 4240 16899
1717 3857 4255 16954
1718 3870 4271 17011
1719 3895 4288 17066
1720 3932 4303 17121
1721 3947 4311 17184
1722 3978 4324 17241
1723 3983 4337 17307
1724 4001 4352 17372
1725 4028 4364 17421
1726 4057 4386 17470
1727 4053 4402 17538
1728 4072 4414 17608
1729 4101 4432 17661
1730 4153 4449 17709
1731 4151 4464 17776
1732 4156 4476 17847
1733 4173 4483 17922
1734 4203 4494 17982
1735 4228 4507 18034
1736 4234 4518 18099
1737 4244 4533 18150
1738 4274 4555 18191
1739 4294 4562 18259
1740 4318 4584 18321
1741 4342 4596 18387
1742 4366 4610 18447
1743 4418 4619 18501
1744 4429 4632 18575
1745 4443 4648 18641
1746 4473 4659 18698
1747 4497 4673 18767
1748 4487 4701 18843
1749 4506 4717 18914
1750 4531 4733 18976
1751 4552 4748 19037
1752 4568 4765 19094
1753 4595 4786 19159
1754 4614 4803 19232
1755 4618 4817 19309
1756 4652 4833 19371
1757 4667 4852 19431
1758 4701 4872 19495
1759 4719 4887 19565
1760 4734 4903 19625
1761 4740 4927 19685
1762 4757 4948 19749
1763 4789 4959 19810
1764 4815 4981 19874
1765 4856 4999 19927
1766 4860 5021 20005
1767 4890 5032 20069
1768 4892 5052 20149
1769 4910 5062 20227
1770 4908 5082 20322
1771 4927 5100 20398
1772 4963 5121 20455
1773 4963 5143 20550
1774 4963 5164 20627
1775 4962 5190 20700
1776 4977 5199 20775
1777 4977 5213 20864
1778 4981 5228 20934
1779 4991 5250 21002
1780 5040 5266 21066
