0 50 0 0
1 50 0 0
2 52 0 1
3 50 1 4
4 50 2 4
5 50 2 4
6 50 2 4
7 49 2 5
8 47 2 7
9 44 3 10
10 44 4 12
11 45 4 12
12 45 4 13
13 45 4 13
14 46 5 13
15 49 5 13
16 51 5 13
17 50 5 15
18 47 5 18
19 49 6 18
20 47 7 20
21 47 7 21
22 48 7 21
23 47 8 21
24 44 10 23
25 43 10 24
26 46 11 24
27 46 12 24
28 45 12 25
29 43 13 26
30 42 14 26
31 42 14 27
32 43 14 27
33 45 15 27
34 45 15 28
35 44 15 30
36 42 15 32
37 41 15 34
38 42 15 34
39 42 15 36
40 41 15 38
41 41 15 39
42 41 15 40
43 41 15 41
44 42 15 41
45 41 15 42
46 40 15 44
47 39 15 45
48 39 16 45
49 38 17 45
50 37 18 45
51 36 20 45
52 35 20 46
53 36 20 47
54 36 20 48
55 37 20 48
56 36 20 50
57 35 21 50
58 32 22 52
59 32 22 52
60 32 22 53
61 31 23 53
62 31 23 53
63 31 23 53
64 31 23 53
65 31 23 53
66 32 23 53
67 33 23 53
68 33 23 54
69 33 23 55
70 33 24 55
71 33 24 56
72 37 24 56
73 37 24 56
74 38 24 56
75 37 24 57
76 38 24 57
77 40 24 57
78 40 24 57
79 42 24 57
80 45 24 58
81 44 24 59
82 43 25 60
83 43 25 60
84 44 25 60
85 43 25 61
86 41 25 64
87 42 25 64
88 45 25 64
89 46 25 65
90 45 25 66
91 44 25 68
92 43 25 70
93 44 25 72
94 47 25 72
95 46 25 73
96 46 25 74
97 46 25 75
98 46 25 77
99 47 25 77
100 44 26 80
101 42 27 82
102 42 27 82
103 43 27 82
104 41 27 84
105 42 28 84
106 41 29 84
107 41 29 84
108 42 29 84
109 43 29 84
110 42 30 84
111 43 30 84
112 42 30 86
113 43 31 86
114 42 33 86
115 41 33 87
116 40 33 88
117 39 34 88
118 38 35 88
119 36 35 90
120 34 35 92
121 35 35 92
122 36 35 92
123 37 35 92
124 36 35 93
125 34 35 95
126 34 36 95
127 34 36 95
128 33 36 96
129 33 36 96
130 33 36 96
131 35 36 96
132 37 36 96
133 37 36 96
134 36 37 96
135 37 37 96
136 38 37 96
137 38 37 96
138 36 37 98
139 36 38 98
140 37 38 98
141 36 39 98
142 37 39 98
143 37 39 98
144 37 39 98
145 37 39 98
146 37 39 99
147 37 39 99
148 38 40 99
149 39 40 99
150 41 40 100
151 43 40 101
152 43 40 101
153 42 40 102
154 42 40 102
155 41 40 103
156 42 40 104
157 41 41 104
158 39 41 106
159 37 41 108
160 37 41 108
161 35 41 110
162 35 41 110
163 34 41 111
164 34 41 112
165 34 41 112
166 34 41 112
167 34 41 112
168 36 41 112
169 37 41 112
170 37 41 112
171 39 41 112
172 38 41 113
173 38 41 113
174 37 41 114
175 36 41 116
176 36 41 116
177 36 41 117
178 36 41 117
179 34 41 119
180 33 41 120
181 34 41 120
182 34 42 120
183 33 42 121
184 32 42 123
185 32 43 123
186 33 43 123
187 34 44 123
188 35 44 123
189 33 44 125
190 34 44 125
191 35 44 126
192 36 44 126
193 35 44 127
194 36 44 127
195 37 44 127
196 39 44 127
197 38 44 128
198 36 44 131
199 35 45 131
200 35 45 131
201 36 45 131
202 36 45 131
203 37 45 132
204 38 45 133
205 39 45 133
206 41 45 133
207 42 45 134
208 41 45 136
209 41 45 137
210 40 46 137
211 41 46 138
212 42 46 138
213 43 46 138
214 42 46 139
215 43 46 139
216 45 46 139
217 45 46 139
218 45 46 139
219 46 46 139
220 46 46 140
221 46 46 140
222 46 46 141
223 46 46 141
224 47 46 141
225 47 46 142
226 47 46 142
227 45 47 144
228 42 48 146
229 44 48 146
230 47 48 146
231 47 48 147
232 48 48 148
233 47 48 150
234 46 49 151
235 45 49 152
236 48 50 152
237 45 51 154
238 46 51 155
239 47 51 155
240 48 51 155
241 48 51 156
242 48 51 156
243 51 51 156
244 48 51 160
245 49 51 160
246 49 52 161
247 49 52 162
248 50 52 162
249 49 52 164
250 49 52 164
251 49 52 165
252 53 52 165
253 56 52 165
254 55 52 168
255 55 53 168
256 54 53 169
257 55 53 169
258 56 53 170
259 56 53 171
260 57 53 172
261 58 54 172
262 57 55 174
263 56 55 175
264 55 55 177
265 54 55 179
266 55 55 180
267 55 55 181
268 55 55 181
269 53 56 182
270 51 56 184
271 51 56 185
272 51 57 186
273 51 57 186
274 50 57 188
275 50 57 188
276 50 57 189
277 48 58 190
278 49 58 190
279 49 58 191
280 49 58 192
281 50 58 193
282 49 58 195
283 51 58 195
284 51 59 195
285 51 59 196
286 52 59 197
287 52 59 197
288 51 59 199
289 50 59 200
290 48 60 201
291 46 60 204
292 45 60 205
293 44 60 207
294 45 60 208
295 44 60 209
296 45 60 209
297 45 60 209
298 46 60 209
299 45 60 210
300 45 60 210
301 46 60 211
302 46 60 211
303 51 60 211
304 52 60 211
305 53 60 212
306 56 60 212
307 56 60 213
308 59 60 213
309 58 60 214
310 58 60 214
311 58 60 215
312 57 60 216
313 55 60 218
314 55 60 218
315 55 60 219
316 54 60 220
317 55 60 221
318 55 60 222
319 52 60 225
320 51 60 226
321 52 60 226
322 51 60 228
323 52 60 228
324 54 60 229
325 57 60 229
326 57 60 231
327 56 60 233
328 56 60 233
329 53 60 236
330 54 60 237
331 58 60 237
332 58 60 238
333 57 60 239
334 55 60 241
335 56 61 241
336 57 61 242
337 58 61 242
338 58 61 244
339 57 61 245
340 57 61 245
341 60 61 245
342 60 62 245
343 60 62 247
344 61 63 247
345 62 63 248
346 65 63 249
347 67 63 250
348 70 63 251
349 68 64 254
350 70 64 255
351 68 64 257
352 69 64 258
353 69 66 258
354 69 66 259
355 72 66 259
356 73 66 261
357 74 66 261
358 75 66 262
359 76 66 263
360 75 66 266
361 75 66 266
362 75 66 267
363 75 66 267
364 77 66 268
365 79 66 268
366 80 66 268
367 82 66 268
368 85 66 268
369 85 66 272
370 84 67 274
371 81 68 278
372 81 68 280
373 82 68 282
374 82 68 284
375 83 68 284
376 82 68 286
377 82 68 286
378 85 68 287
379 85 68 290
380 85 68 291
381 86 68 292
382 87 68 293
383 87 68 294
384 88 68 295
385 90 68 296
386 90 68 296
387 86 69 299
388 86 69 300
389 91 69 300
390 92 69 301
391 93 69 303
392 94 69 304
393 96 69 304
394 94 70 306
395 94 70 306
396 94 71 307
397 92 71 309
398 93 71 311
399 92 71 312
400 95 72 313
401 94 72 315
402 93 75 316
403 95 75 317
404 96 75 317
405 100 75 317
406 97 77 319
407 99 78 319
408 98 78 321
409 94 80 323
410 95 80 323
411 95 80 324
412 97 80 325
413 98 81 327
414 96 82 329
415 98 82 329
416 97 82 332
417 98 82 334
418 97 83 336
419 96 84 339
420 98 84 339
421 97 86 340
422 98 86 342
423 97 86 345
424 96 86 347
425 95 87 349
426 96 88 350
427 97 89 351
428 96 90 353
429 97 90 354
430 97 90 354
431 96 90 356
432 98 91 356
433 97 91 359
434 96 91 361
435 94 91 365
436 93 91 368
437 93 92 370
438 95 92 374
439 93 92 377
440 92 92 378
441 93 92 379
442 93 93 380
443 93 93 382
444 94 93 383
445 94 93 383
446 93 94 385
447 94 94 386
448 97 94 386
449 96 94 388
450 96 95 390
451 95 95 391
452 95 96 391
453 94 96 392
454 96 97 392
455 97 97 394
456 96 97 398
457 96 98 399
458 97 99 400
459 98 99 400
460 98 99 403
461 96 101 404
462 99 101 404
463 101 103 404
464 102 103 405
465 101 104 407
466 102 105 409
467 103 106 409
468 104 106 411
469 106 106 412
470 107 106 414
471 108 106 416
472 108 106 418
473 111 106 420
474 110 106 423
475 111 106 424
476 113 106 426
477 110 106 429
478 110 106 432
479 109 107 432
480 110 107 434
481 111 107 438
482 114 107 438
483 112 107 443
484 110 107 446
485 111 107 447
486 113 107 449
487 113 107 451
488 112 107 454
489 111 108 456
490 113 108 456
491 114 108 457
492 115 108 459
493 119 108 460
494 118 108 462
495 118 108 463
496 119 108 466
497 120 108 466
498 122 108 467
499 122 108 470
500 126 108 472
501 127 110 472
502 128 110 473
503 132 110 473
504 133 110 475
505 133 110 476
506 140 110 477
507 145 110 478
508 148 110 480
509 148 111 485
510 148 111 489
511 151 111 492
512 151 111 495
513 153 111 495
514 157 111 496
515 159 111 497
516 162 113 499
517 161 113 504
518 163 113 507
519 165 113 509
520 170 115 510
521 172 115 515
522 173 116 515
523 171 117 517
524 175 117 519
525 171 119 522
526 162 120 534
527 164 120 535
528 168 120 535
529 172 120 537
530 172 121 540
531 171 122 543
532 171 123 545
533 169 123 551
534 172 123 552
535 173 123 553
536 173 123 558
537 175 124 562
538 177 125 563
539 177 127 564
540 177 127 567
541 174 127 571
542 178 128 572
543 178 128 575
544 181 129 576
545 183 129 576
546 187 129 577
547 188 130 579
548 191 130 579
549 191 131 583
550 193 131 584
551 189 132 587
552 191 133 590
553 191 133 592
554 188 136 596
555 191 137 598
556 190 138 600
557 193 138 601
558 196 138 603
559 194 138 606
560 194 138 608
561 193 138 612
562 196 138 613
563 198 138 615
564 197 138 618
565 195 139 622
566 192 140 627
567 192 141 629
568 192 142 632
569 191 144 633
570 193 144 638
571 197 145 638
572 198 145 641
573 197 145 645
574 200 145 646
575 197 146 651
576 200 146 652
577 200 147 655
578 201 148 658
579 205 148 661
580 204 148 663
581 206 148 665
582 208 149 667
583 203 152 674
584 205 152 678
585 204 153 680
586 203 154 682
587 205 156 685
588 205 157 690
589 205 157 693
590 207 158 697
591 206 159 700
592 209 160 703
593 210 161 706
594 213 161 707
595 216 161 710
596 217 161 711
597 213 165 714
598 218 165 716
599 217 166 722
600 215 166 729
601 212 169 733
602 210 170 737
603 210 171 742
604 213 171 744
605 215 172 744
606 218 172 748
607 215 173 754
608 216 174 755
609 216 176 757
610 211 177 766
611 208 177 771
612 205 177 777
613 203 179 780
614 200 179 786
615 198 179 792
616 201 179 795
617 200 182 798
618 197 184 801
619 191 187 805
620 188 188 810
621 191 188 812
622 191 188 813
623 188 190 818
624 189 190 819
625 188 190 824
626 197 190 824
627 199 191 825
628 199 192 829
629 200 193 833
630 203 194 835
631 206 194 838
632 204 194 843
633 201 195 848
634 202 195 855
635 204 195 857
636 207 195 859
637 206 196 863
638 206 197 865
639 203 197 871
640 207 197 875
641 207 198 877
642 212 198 878
643 207 201 881
644 205 201 884
645 202 201 890
646 201 202 894
647 198 202 899
648 199 202 904
649 201 202 907
650 201 202 908
651 209 202 910
652 213 203 911
653 214 204 913
654 218 204 915
655 220 207 916
656 215 208 924
657 210 209 930
658 210 209 937
659 210 210 939
660 210 211 940
661 207 211 945
662 199 213 953
663 203 213 955
664 202 213 960
665 204 213 962
666 201 214 966
667 202 215 970
668 201 217 974
669 204 218 978
670 206 219 980
671 200 220 987
672 203 220 991
673 201 220 996
674 197 220 1002
675 194 221 1007
676 193 221 1009
677 191 222 1014
678 189 222 1019
679 193 222 1020
680 198 223 1021
681 196 223 1026
682 199 223 1028
683 194 228 1032
684 194 229 1033
685 193 229 1038
686 195 229 1040
687 198 229 1042
688 199 229 1047
689 204 229 1049
690 203 232 1053
691 207 232 1054
692 209 235 1054
693 208 235 1058
694 209 235 1062
695 212 237 1062
696 213 238 1066
697 217 238 1071
698 215 239 1076
699 213 239 1079
700 209 239 1084
701 217 239 1085
702 216 241 1088
703 216 242 1092
704 217 242 1095
705 216 242 1099
706 217 243 1103
707 220 244 1106
708 225 244 1110
709 229 245 1111
710 229 245 1115
711 232 245 1118
712 230 246 1123
713 231 246 1127
714 230 246 1132
715 229 247 1134
716 224 248 1140
717 227 249 1143
718 227 250 1146
719 227 251 1150
720 230 253 1153
721 234 254 1154
722 235 254 1157
723 235 255 1160
724 236 256 1161
725 234 256 1165
726 235 257 1170
727 237 258 1172
728 235 259 1179
729 236 260 1181
730 234 261 1191
731 238 264 1192
732 241 264 1197
733 241 265 1200
734 231 267 1208
735 229 268 1213
736 229 269 1217
737 232 269 1220
738 237 271 1222
739 239 271 1226
740 243 272 1230
741 247 272 1230
742 243 273 1237
743 246 273 1239
744 250 273 1243
745 250 275 1244
746 253 275 1247
747 259 275 1251
748 256 275 1257
749 260 275 1261
750 267 276 1264
751 272 276 1266
752 269 277 1272
753 269 279 1277
754 271 280 1279
755 274 281 1281
756 279 282 1284
757 283 283 1287
758 285 283 1290
759 278 287 1296
760 281 289 1299
761 286 289 1303
762 285 291 1305
763 288 293 1308
764 290 294 1311
765 289 296 1313
766 286 298 1319
767 284 299 1322
768 283 301 1326
769 290 303 1328
770 295 304 1329
771 302 305 1332
772 299 307 1342
773 307 307 1343
774 308 307 1348
775 307 308 1354
776 314 309 1357
777 315 309 1362
778 314 309 1371
779 317 309 1377
780 319 311 1379
781 318 311 1386
782 318 313 1390
783 315 313 1402
784 313 313 1408
785 312 314 1414
786 314 314 1417
787 319 316 1418
788 329 316 1420
789 331 317 1425
790 338 318 1425
791 341 320 1429
792 341 320 1434
793 345 321 1436
794 342 322 1442
795 342 324 1446
796 342 324 1454
797 344 324 1458
798 341 325 1469
799 346 329 1474
800 351 330 1478
801 354 330 1483
802 356 331 1488
803 355 332 1494
804 348 333 1508
805 355 333 1511
806 359 333 1517
807 363 333 1523
808 361 336 1529
809 357 339 1534
810 362 339 1539
811 367 341 1544
812 369 342 1551
813 370 342 1556
814 375 343 1561
815 371 343 1572
816 373 343 1578
817 377 343 1583
818 381 344 1585
819 382 344 1587
820 384 344 1595
821 386 345 1600
822 387 345 1603
823 391 346 1612
824 389 347 1622
825 392 347 1629
826 395 347 1633
827 394 348 1638
828 399 349 1643
829 394 350 1651
830 395 351 1659
831 396 351 1667
832 395 351 1674
833 394 353 1679
834 394 354 1686
835 399 354 1693
836 399 355 1699
837 408 356 1703
838 416 357 1707
839 421 358 1709
840 423 359 1715
841 432 360 1720
842 428 362 1727
843 432 365 1730
844 427 366 1741
845 423 368 1749
846 427 369 1755
847 425 370 1765
848 425 372 1766
849 415 377 1777
850 412 377 1787
851 411 378 1793
852 410 379 1800
853 406 381 1810
854 409 382 1815
855 410 383 1824
856 408 385 1831
857 407 385 1837
858 407 386 1844
859 408 386 1850
860 411 388 1858
861 406 389 1867
862 403 390 1875
863 403 392 1884
864 406 393 1895
865 408 397 1901
866 411 399 1907
867 405 399 1916
868 402 399 1925
869 408 399 1929
870 408 399 1934
871 405 400 1942
872 407 401 1949
873 402 401 1960
874 400 405 1967
875 404 407 1971
876 404 407 1976
877 402 410 1982
878 407 411 1987
879 410 412 1994
880 411 412 1999
881 407 413 2008
882 415 415 2012
883 415 418 2018
884 416 419 2025
885 414 419 2035
886 414 420 2041
887 412 420 2049
888 415 421 2055
889 421 421 2059
890 416 423 2068
891 415 425 2076
892 414 425 2084
893 408 428 2090
894 401 432 2100
895 406 434 2103
896 410 434 2109
897 408 435 2116
898 407 437 2125
899 409 439 2132
900 416 440 2137
901 424 442 2141
902 425 447 2146
903 431 447 2147
904 442 449 2150
905 445 449 2157
906 453 450 2162
907 456 450 2166
908 460 450 2170
909 464 450 2178
910 467 452 2182
911 470 453 2186
912 466 454 2195
913 465 455 2202
914 463 458 2210
915 470 459 2216
916 467 461 2224
917 468 462 2230
918 478 463 2233
919 487 463 2239
920 485 465 2249
921 487 466 2255
922 500 466 2259
923 506 468 2265
924 506 471 2274
925 505 473 2284
926 502 474 2299
927 501 475 2308
928 504 475 2318
929 503 479 2324
930 503 481 2332
931 506 484 2335
932 512 487 2345
933 508 490 2355
934 508 494 2362
935 511 496 2371
936 511 498 2382
937 515 500 2389
938 519 501 2393
939 519 503 2400
940 520 505 2413
941 518 506 2422
942 519 508 2430
943 529 508 2433
944 527 508 2445
945 531 508 2451
946 537 509 2460
947 538 512 2474
948 547 513 2481
949 558 517 2488
950 558 521 2497
951 559 523 2501
952 562 526 2510
953 574 528 2517
954 575 530 2526
955 578 531 2535
956 580 531 2546
957 582 532 2557
958 584 535 2565
959 580 536 2579
960 584 539 2584
961 584 542 2590
962 589 545 2598
963 597 546 2605
964 599 547 2616
965 600 548 2625
966 606 551 2628
967 607 552 2636
968 609 555 2645
969 614 555 2658
970 609 558 2670
971 608 562 2678
972 625 563 2680
973 622 565 2690
974 625 567 2699
975 635 568 2703
976 630 571 2711
977 628 576 2720
978 627 577 2737
979 635 578 2743
980 637 580 2751
981 639 581 2760
982 638 584 2769
983 651 586 2773
984 656 590 2780
985 652 593 2793
986 662 594 2799
987 661 595 2808
988 660 599 2817
989 656 604 2825
990 660 605 2832
991 669 606 2841
992 671 606 2856
993 677 607 2868
994 684 609 2880
995 690 613 2887
996 692 616 2895
997 695 618 2907
998 693 620 2919
999 689 620 2930
1000 689 622 2938
1001 692 625 2949
1002 695 629 2959
1003 702 630 2971
1004 699 634 2986
1005 703 638 2999
1006 694 638 3019
1007 704 640 3027
1008 703 644 3041
1009 698 647 3057
1010 703 648 3065
1011 702 650 3077
1012 698 650 3092
1013 701 651 3102
1014 699 653 3117
1015 701 656 3126
1016 697 658 3139
1017 700 661 3154
1018 699 664 3165
1019 695 668 3173
1020 695 671 3184
1021 693 676 3196
1022 701 681 3204
1023 703 682 3212
1024 698 684 3228
1025 699 686 3237
1026 697 687 3248
1027 692 689 3261
1028 689 690 3276
1029 692 692 3287
1030 694 696 3297
1031 701 697 3307
1032 701 700 3317
1033 704 705 3325
1034 702 707 3340
1035 706 710 3351
1036 720 711 3357
1037 707 717 3371
1038 713 718 3381
1039 717 720 3390
1040 721 721 3399
1041 724 722 3410
1042 731 723 3418
1043 735 724 3431
1044 737 727 3441
1045 742 730 3451
1046 746 732 3455
1047 744 736 3469
1048 739 737 3483
1049 739 740 3495
1050 746 743 3506
1051 758 743 3521
1052 757 745 3530
1053 770 746 3537
1054 771 750 3549
1055 760 756 3572
1056 761 758 3586
1057 760 762 3604
1058 762 765 3615
1059 767 768 3625
1060 758 773 3638
1061 765 777 3651
1062 772 782 3661
1063 774 785 3672
1064 766 791 3685
1065 774 794 3692
1066 779 794 3712
1067 787 796 3720
1068 788 799 3733
1069 794 801 3742
1070 801 805 3754
1071 808 809 3763
1072 816 810 3773
1073 821 815 3785
1074 818 818 3793
1075 823 823 3805
1076 827 827 3814
1077 820 835 3831
1078 828 838 3842
1079 822 840 3862
1080 822 844 3873
1081 824 850 3886
1082 813 853 3912
1083 812 856 3923
1084 814 857 3935
1085 826 861 3943
1086 828 862 3952
1087 829 867 3962
1088 831 870 3976
1089 829 875 3991
1090 836 880 3999
1091 832 885 4017
1092 838 888 4030
1093 845 892 4044
1094 841 897 4059
1095 844 898 4074
1096 847 900 4086
1097 843 905 4097
1098 839 911 4116
1099 830 915 4134
1100 835 920 4147
1101 840 924 4156
1102 850 927 4165
1103 844 931 4183
1104 835 938 4198
1105 834 944 4211
1106 850 948 4218
1107 846 954 4233
1108 840 956 4247
1109 852 961 4260
1110 864 962 4271
1111 874 963 4282
1112 870 967 4303
1113 878 972 4311
1114 874 977 4325
1115 878 979 4335
1116 877 984 4344
1117 885 987 4355
1118 901 989 4365
1119 907 995 4371
1120 906 1000 4384
1121 913 1002 4397
1122 920 1005 4409
1123 931 1007 4418
1124 940 1013 4433
1125 950 1016 4443
1126 952 1023 4452
1127 962 1027 4464
1128 976 1029 4471
1129 981 1034 4478
1130 982 1041 4487
1131 976 1047 4508
1132 977 1053 4525
1133 986 1060 4533
1134 982 1068 4549
1135 987 1072 4559
1136 987 1076 4572
1137 993 1079 4589
1138 987 1085 4607
1139 984 1089 4622
1140 997 1093 4632
1141 1002 1096 4645
1142 1006 1103 4656
1143 1011 1110 4667
1144 1013 1116 4681
1145 1013 1118 4698
1146 1020 1118 4709
1147 1036 1122 4718
1148 1035 1128 4732
1149 1027 1133 4752
1150 1018 1142 4771
1151 1028 1146 4780
1152 1020 1148 4803
1153 1022 1156 4820
1154 1028 1158 4834
1155 1032 1163 4848
1156 1039 1169 4864
1157 1041 1174 4882
1158 1053 1179 4897
1159 1053 1182 4916
1160 1065 1185 4930
1161 1073 1187 4946
1162 1074 1195 4963
1163 1075 1202 4980
1164 1084 1210 4990
1165 1090 1212 5005
1166 1092 1214 5023
1167 1091 1220 5041
1168 1089 1227 5062
1169 1096 1231 5074
1170 1100 1241 5088
1171 1111 1242 5104
1172 1121 1249 5117
1173 1119 1257 5138
1174 1121 1265 5151
1175 1131 1268 5169
1176 1141 1272 5185
1177 1142 1278 5204
1178 1146 1285 5221
1179 1133 1297 5242
1180 1130 1302 5260
1181 1133 1306 5279
1182 1138 1313 5294
1183 1144 1320 5306
1184 1138 1324 5329
1185 1129 1332 5349
1186 1132 1333 5365
1187 1138 1335 5386
1188 1145 1342 5405
1189 1149 1348 5423
1190 1149 1355 5436
1191 1151 1358 5453
1192 1141 1364 5473
1193 1144 1365 5496
1194 1150 1372 5508
1195 1152 1377 5528
1196 1160 1382 5552
1197 1145 1387 5579
1198 1149 1389 5600
1199 1146 1394 5621
1200 1139 1403 5647
1201 1136 1408 5668
1202 1138 1414 5688
1203 1132 1421 5709
1204 1135 1426 5726
1205 1128 1428 5750
1206 1126 1440 5764
1207 1139 1445 5779
1208 1145 1449 5792
1209 1141 1454 5810
1210 1145 1456 5832
1211 1142 1458 5856
1212 1139 1462 5874
1213 1135 1466 5897
1214 1141 1472 5911
1215 1141 1476 5928
1216 1145 1480 5945
1217 1150 1480 5961
1218 1139 1485 5988
1219 1137 1493 6011
1220 1134 1499 6031
1221 1139 1504 6044
1222 1148 1508 6061
1223 1157 1514 6075
1224 1155 1519 6093
1225 1154 1523 6109
1226 1168 1528 6114
1227 1171 1532 6136
1228 1178 1538 6153
1229 1182 1543 6171
1230 1181 1544 6195
1231 1171 1553 6219
1232 1177 1556 6240
1233 1189 1560 6254
1234 1197 1564 6267
1235 1207 1569 6275
1236 1214 1574 6295
1237 1223 1575 6314
1238 1228 1582 6336
1239 1229 1590 6361
1240 1245 1593 6375
1241 1252 1596 6396
1242 1247 1600 6420
1243 1262 1602 6438
1244 1266 1607 6456
1245 1272 1615 6466
1246 1276 1620 6479
1247 1272 1624 6498
1248 1263 1625 6527
1249 1272 1629 6545
1250 1283 1632 6562
1251 1267 1641 6588
1252 1285 1648 6601
1253 1278 1654 6627
1254 1278 1665 6645
1255 1283 1671 6662
1256 1281 1675 6681
1257 1279 1678 6700
1258 1285 1682 6721
1259 1299 1689 6739
1260 1303 1692 6760
1261 1307 1695 6783
1262 1312 1699 6809
1263 1332 1703 6828
1264 1330 1708 6846
1265 1346 1712 6867
1266 1349 1724 6886
1267 1357 1729 6909
1268 1356 1736 6932
1269 1351 1741 6959
1270 1352 1749 6985
1271 1351 1759 7003
1272 1349 1762 7034
1273 1348 1767 7057
1274 1349 1779 7076
1275 1363 1781 7092
1276 1379 1783 7111
1277 1391 1790 7128
1278 1395 1793 7145
1279 1395 1796 7165
1280 1401 1800 7191
1281 1412 1805 7208
1282 1409 1812 7229
1283 1425 1819 7244
1284 1441 1825 7262
1285 1446 1831 7281
1286 1447 1838 7303
1287 1447 1841 7327
1288 1453 1846 7348
1289 1460 1848 7374
1290 1452 1857 7399
1291 1464 1862 7420
1292 1466 1865 7443
1293 1456 1871 7475
1294 1455 1878 7501
1295 1461 1882 7524
1296 1459 1888 7549
1297 1476 1892 7567
1298 1477 1898 7588
1299 1489 1900 7614
1300 1479 1902 7652
1301 1502 1902 7669
1302 1515 1907 7687
1303 1519 1916 7710
1304 1525 1921 7741
1305 1531 1929 7763
1306 1549 1933 7783
1307 1552 1938 7806
1308 1566 1940 7822
1309 1566 1948 7848
1310 1567 1952 7874
1311 1568 1952 7903
1312 1583 1954 7924
1313 1598 1960 7941
1314 1598 1967 7962
1315 1603 1972 7989
1316 1612 1978 8010
1317 1629 1983 8031
1318 1615 1991 8064
1319 1615 2002 8089
1320 1632 2008 8116
1321 1643 2019 8142
1322 1655 2024 8163
1323 1665 2028 8188
1324 1669 2032 8209
1325 1676 2041 8236
1326 1683 2044 8258
1327 1684 2049 8282
1328 1690 2056 8302
1329 1696 2062 8328
1330 1695 2068 8358
1331 1690 2073 8395
1332 1702 2080 8416
1333 1695 2086 8451
1334 1687 2093 8486
1335 1689 2100 8507
1336 1692 2106 8535
1337 1704 2112 8560
1338 1711 2119 8589
1339 1721 2124 8621
1340 1737 2126 8639
1341 1757 2133 8660
1342 1767 2140 8691
1343 1778 2148 8710
1344 1781 2152 8739
1345 1799 2158 8758
1346 1812 2164 8771
1347 1810 2170 8802
1348 1805 2181 8834
1349 1817 2185 8854
1350 1818 2193 8878
1351 1822 2198 8909
1352 1828 2205 8941
1353 1834 2216 8969
1354 1855 2222 8992
1355 1845 2231 9025
1356 1852 2240 9055
1357 1860 2248 9079
1358 1863 2258 9106
1359 1861 2266 9125
1360 1867 2273 9147
1361 1864 2283 9175
1362 1871 2290 9200
1363 1889 2295 9223
1364 1899 2305 9251
1365 1905 2310 9284
1366 1904 2317 9321
1367 1896 2325 9351
1368 1911 2328 9378
1369 1923 2335 9397
1370 1927 2340 9431
1371 1934 2346 9466
1372 1934 2357 9498
1373 1947 2363 9526
1374 1951 2372 9550
1375 1960 2377 9577
1376 1958 2390 9601
1377 1967 2396 9628
1378 1979 2402 9656
1379 1992 2411 9687
1380 1997 2416 9724
1381 2000 2424 9754
1382 2012 2433 9781
1383 2021 2446 9815
1384 2024 2451 9844
1385 2027 2458 9874
1386 2014 2464 9912
1387 2027 2472 9937
1388 2023 2483 9969
1389 2018 2491 10005
1390 2025 2498 10038
1391 2012 2508 10075
1392 2027 2514 10102
1393 2032 2521 10132
1394 2040 2532 10167
1395 2034 2542 10199
1396 2037 2547 10227
1397 2045 2554 10255
1398 2051 2560 10283
1399 2042 2571 10322
1400 2045 2580 10356
1401 2051 2590 10389
1402 2053 2600 10422
1403 2045 2607 10463
1404 2052 2617 10495
1405 2063 2619 10535
1406 2059 2624 10564
1407 2073 2629 10590
1408 2084 2634 10625
1409 2086 2644 10661
1410 2090 2653 10697
1411 2085 2660 10734
1412 2074 2671 10772
1413 2086 2677 10802
1414 2089 2686 10832
1415 2093 2695 10854
1416 2097 2704 10894
1417 2091 2712 10929
1418 2085 2719 10971
1419 2089 2729 11011
1420 2090 2740 11042
1421 2094 2749 11078
1422 2122 2753 11105
1423 2120 2760 11143
1424 2144 2768 11167
1425 2163 2776 11189
1426 2160 2788 11219
1427 2155 2802 11253
1428 2168 2808 11284
1429 2176 2819 11305
1430 2178 2823 11340
1431 2191 2831 11359
1432 2207 2840 11387
1433 2214 2849 11418
1434 2223 2861 11443
1435 2227 2866 11473
1436 2240 2878 11501
1437 2244 2885 11536
1438 2270 2893 11563
1439 2279 2904 11598
1440 2293 2910 11629
1441 2284 2919 11670
1442 2290 2929 11711
1443 2302 2935 11745
1444 2312 2942 11781
1445 2319 2952 11813
1446 2318 2959 11853
1447 2322 2968 11886
1448 2341 2980 11916
1449 2347 2986 11946
1450 2355 2993 11978
1451 2349 3005 12014
1452 2354 3018 12045
1453 2366 3024 12077
1454 2369 3032 12116
1455 2385 3038 12146
1456 2388 3048 12191
1457 2399 3062 12228
1458 2403 3074 12260
1459 2408 3084 12297
1460 2399 3100 12343
1461 2405 3110 12382
1462 2394 3125 12431
1463 2401 3133 12465
1464 2407 3143 12502
1465 2411 3153 12541
1466 2423 3167 12575
1467 2441 3175 12614
1468 2437 3186 12655
1469 2451 3191 12685
1470 2444 3199 12741
1471 2437 3213 12780
1472 2464 3222 12810
1473 2477 3232 12843
1474 2487 3239 12877
1475 2495 3247 12917
1476 2505 3258 12958
1477 2506 3269 13006
1478 2498 3282 13046
1479 2502 3289 13083
1480 2504 3300 13124
1481 2519 3307 13157
1482 2515 3311 13206
1483 2518 3317 13248
1484 2538 3325 13277
1485 2549 3331 13313
1486 2545 3343 13356
1487 2550 3358 13392
1488 2557 3372 13421
1489 2564 3381 13455
1490 2577 3393 13480
1491 2593 3407 13523
1492 2597 3417 13561
1493 2601 3429 13596
1494 2609 3436 13642
1495 2603 3449 13677
1496 2620 3458 13708
1497 2617 3468 13761
1498 2623 3481 13799
1499 2626 3498 13834
1500 2630 3503 13875
1501 2638 3514 13912
1502 2653 3522 13955
1503 2666 3533 13995
1504 2664 3545 14039
1505 2678 3562 14072
1506 2673 3575 14115
1507 2669 3585 14152
1508 2683 3601 14187
1509 2698 3609 14226
1510 2703 3620 14261
1511 2710 3632 14300
1512 2721 3638 14337
1513 2707 3647 14394
1514 2729 3659 14426
1515 2736 3672 14468
1516 2738 3685 14508
1517 2707 3701 14565
1518 2714 3710 14609
1519 2725 3721 14649
1520 2736 3729 14697
1521 2765 3740 14728
1522 2779 3753 14771
1523 2797 3759 14820
1524 2807 3766 14867
1525 2829 3775 14911
1526 2827 3790 14963
1527 2846 3795 14997
1528 2844 3803 15054
1529 2879 3807 15085
1530 2877 3815 15136
1531 2892 3832 15174
1532 2889 3841 15217
1533 2907 3850 15254
1534 2907 3859 15296
1535 2906 3870 15339
1536 2904 3884 15385
1537 2920 3897 15437
1538 2913 3913 15486
1539 2922 3926 15526
1540 2935 3932 15564
1541 2944 3942 15610
1542 2947 3953 15669
1543 2969 3966 15711
1544 2969 3984 15756
1545 2978 3998 15798
1546 3001 4006 15831
1547 3016 4020 15873
1548 3019 4028 15917
1549 3026 4039 15968
1550 3040 4055 15996
1551 3046 4062 16042
1552 3056 4078 16082
1553 3067 4093 16124
1554 3063 4104 16176
1555 3070 4115 16222
1556 3087 4127 16267
1557 3110 4135 16300
1558 3119 4144 16336
1559 3130 4156 16382
1560 3139 4164 16438
1561 3158 4175 16485
1562 3160 4191 16531
1563 3162 4202 16582
1564 3177 4220 16624
1565 3185 4232 16667
1566 3202 4247 16713
1567 3223 4260 16754
1568 3236 4266 16796
1569 3257 4273 16834
1570 3269 4287 16884
1571 3282 4298 16936
1572 3292 4310 16982
1573 3296 4331 17027
1574 3289 4345 17087
1575 3282 4361 17136
1576 3286 4374 17185
1577 3304 4387 17233
1578 3323 4400 17279
1579 3335 4414 17324
1580 3338 4425 17377
1581 3350 4446 17427
1582 3347 4460 17483
1583 3355 4471 17536
1584 3360 4483 17599
1585 3372 4500 17655
1586 3391 4507 17705
1587 3408 4518 17755
1588 3418 4535 17806
1589 3425 4546 17858
1590 3453 4551 17908
1591 3485 4563 17952
1592 3500 4579 18000
1593 3502 4593 18056
1594 3492 4606 18113
1595 3502 4616 18170
1596 3487 4628 18241
1597 3489 4638 18294
1598 3498 4648 18349
1599 3503 4660 18410
1600 3521 4669 18459
1601 3545 4678 18501
1602 3558 4692 18559
1603 3593 4705 18596
1604 3587 4712 18663
1605 3593 4725 18725
1606 3630 4744 18764
1607 3659 4753 18812
1608 3672 4766 18875
1609 3682 4782 18943
1610 3689 4796 18992
1611 3720 4805 19034
1612 3745 4814 19089
1613 3766 4828 19137
1614 3752 4849 19200
1615 3775 4858 19254
1616 3782 4871 19317
1617 3781 4883 19371
1618 3803 4900 19413
1619 3822 4915 19463
1620 3848 4934 19511
1621 3850 4944 19578
1622 3845 4954 19649
1623 3861 4965 19704
1624 3863 4973 19764
1625 3883 4992 19819
1626 3906 4999 19874
1627 3915 5010 19933
1628 3913 5021 19989
1629 3933 5036 20045
1630 3949 5053 20100
1631 3959 5069 20152
1632 3972 5084 20218
1633 3986 5099 20265
1634 4000 5108 20325
1635 3998 5123 20393
1636 3989 5138 20462
1637 4016 5155 20510
1638 4024 5169 20570
1639 4038 5184 20624
1640 4049 5207 20677
1641 4059 5222 20722
1642 4050 5248 20778
1643 4056 5258 20840
1644 4065 5268 20911
1645 4096 5285 20974
1646 4100 5299 21040
1647 4097 5317 21102
1648 4110 5334 21158
1649 4125 5345 21217
1650 4133 5363 21290
1651 4153 5382 21355
1652 4146 5403 21425
1653 4138 5422 21499
1654 4150 5438 21565
1655 4169 5449 21639
1656 4182 5468 21701
1657 4206 5492 21754
1658 4232 5507 21821
1659 4231 5520 21881
1660 4234 5539 21946
1661 4260 5554 22001
1662 4265 5573 22054
1663 4268 5592 22121
1664 4289 5610 22173
1665 4305 5627 22244
1666 4324 5642 22304
1667 4316 5660 22372
1668 4315 5672 22444
1669 4327 5689 22515
1670 4351 5703 22571
1671 4360 5723 22636
1672 4376 5737 22702
1673 4407 5751 22763
1674 4411 5776 22839
1675 4422 5789 22909
1676 4439 5799 22967
1677 4485 5806 23021
1678 4506 5819 23091
1679 4504 5837 23157
1680 4518 5852 23221
1681 4528 5868 23280
1682 4544 5883 23350
1683 4579 5895 23422
1684 4561 5903 23499
1685 4573 5912 23568
1686 4594 5926 23628
1687 4598 5939 23714
1688 4593 5958 23789
1689 4599 5979 23851
1690 4621 5993 23921
1691 4636 6006 23992
1692 4658 6026 24060
1693 4679 6053 24115
1694 4691 6066 24190
1695 4720 6075 24263
1696 4727 6092 24325
1697 4755 6102 24388
1698 4766 6119 24458
1699 4774 6143 24535
1700 4776 6157 24623
1701 4796 6168 24689
1702 4796 6180 24777
1703 4796 6196 24858
1704 4816 6225 24933
1705 4861 6239 25001
1706 4879 6252 25069
1707 4897 6269 25152
1708 4898 6289 25227
1709 4900 6304 25316
1710 4919 6320 25379
1711 4936 6340 25447
1712 4938 6366 25530
1713 4937 6384 25609
1714 4958 6397 25690
1715 4971 6419 25759
1716 4979 6436 25838
1717 4981 6460 25928
1718 5013 6476 25990
