0 50 0 0
1 50 1 0
2 48 2 2
3 49 2 2
4 48 2 4
5 46 2 6
6 51 2 6
7 50 2 9
8 49 2 10
9 50 3 11
10 50 3 12
11 51 3 13
12 52 3 13
13 49 5 15
14 49 5 15
15 51 5 17
16 47 7 21
17 46 7 22
18 47 7 23
19 50 7 23
20 50 8 23
21 48 9 26
22 48 9 27
23 48 9 28
24 49 9 28
25 46 10 30
26 45 10 32
27 47 10 32
28 48 10 32
29 48 10 32
30 51 10 34
31 51 10 34
32 52 10 34
33 52 10 34
34 52 11 35
35 50 13 35
36 51 13 35
37 52 14 36
38 50 15 39
39 52 15 39
40 54 15 40
41 55 15 41
42 53 15 43
43 53 15 44
44 51 16 46
45 49 17 48
46 49 17 48
47 50 17 49
48 50 17 50
49 47 17 53
50 48 17 53
51 47 17 54
52 47 17 54
53 47 17 55
54 49 17 55
55 48 17 57
56 48 17 57
57 47 17 58
58 45 17 60
59 45 17 61
60 44 19 61
61 43 19 63
62 42 19 65
63 44 19 65
64 46 19 65
65 46 19 65
66 47 19 65
67 48 19 65
68 50 19 65
69 50 20 65
70 51 20 65
71 51 21 66
72 50 21 68
73 49 22 69
74 48 22 71
75 46 22 73
76 47 22 73
77 46 22 74
78 48 22 74
79 48 22 74
80 45 22 77
81 49 22 77
82 49 23 77
83 48 23 79
84 50 23 79
85 50 24 80
86 48 25 82
87 49 25 82
88 49 25 83
89 51 25 83
90 52 25 83
91 52 25 84
92 48 27 86
93 49 27 86
94 48 27 87
95 50 27 87
96 50 27 88
97 50 27 89
98 48 27 92
99 50 27 92
100 49 28 92
101 46 29 94
102 46 29 94
103 44 29 96
104 42 30 98
105 42 31 98
106 44 31 98
107 46 31 98
108 47 31 98
109 47 31 98
110 48 31 99
111 47 33 100
112 45 33 102
113 46 33 102
114 46 33 103
115 47 33 104
116 46 34 104
117 46 35 104
118 42 37 106
119 41 38 106
120 42 38 107
121 43 38 108
122 44 38 109
123 45 39 110
124 46 39 110
125 47 39 110
126 49 39 110
127 47 40 112
128 47 40 112
129 48 40 113
130 49 40 113
131 49 40 114
132 50 40 114
133 52 40 114
134 53 40 114
135 53 40 115
136 53 40 117
137 56 40 117
138 58 40 117
139 60 40 117
140 60 40 118
141 58 40 121
142 57 40 123
143 59 40 123
144 56 40 126
145 56 40 128
146 57 40 128
147 59 41 128
148 57 42 129
149 55 42 131
150 55 42 131
151 57 43 132
152 58 43 132
153 58 45 132
154 57 45 133
155 58 45 134
156 57 46 135
157 59 46 135
158 60 46 135
159 61 46 137
160 62 46 138
161 64 46 139
162 63 46 141
163 62 46 143
164 61 46 145
165 60 46 147
166 61 47 148
167 62 47 148
168 61 47 149
169 61 47 151
170 63 47 152
171 64 47 153
172 64 47 154
173 64 47 156
174 64 47 156
175 61 48 158
176 61 48 159
177 62 48 160
178 62 48 161
179 63 48 162
180 62 48 163
181 63 48 164
182 63 49 165
183 65 49 166
184 64 50 166
185 63 50 168
186 63 50 169
187 64 51 169
188 64 51 171
189 64 51 171
190 64 51 173
191 62 52 175
192 61 52 177
193 62 52 178
194 65 52 179
195 63 54 181
196 64 55 181
197 63 55 184
198 61 55 187
199 60 55 189
200 61 55 189
201 59 55 191
202 59 56 193
203 58 57 194
204 59 57 194
205 60 57 194
206 61 57 194
207 61 57 194
208 61 57 196
209 61 57 197
210 60 57 198
211 59 57 199
212 57 58 200
213 57 58 201
214 58 59 201
215 58 59 202
216 59 59 202
217 58 59 203
218 59 59 203
219 61 59 204
220 59 59 206
221 58 60 207
222 58 60 207
223 58 60 208
224 58 61 209
225 58 61 210
226 55 61 213
227 55 61 214
228 56 61 215
229 54 61 217
230 58 61 217
231 58 61 217
232 55 62 220
233 55 62 220
234 55 62 221
235 52 63 224
236 53 63 224
237 53 63 225
238 50 63 228
239 49 63 229
240 47 63 232
241 48 63 232
242 48 63 232
243 45 63 235
244 45 63 235
245 46 63 235
246 45 63 237
247 47 63 237
248 47 63 238
249 45 64 239
250 45 64 239
251 43 64 242
252 44 64 242
253 44 64 242
254 46 64 242
255 44 64 244
256 43 64 245
257 43 64 246
258 44 64 246
259 45 64 248
260 47 64 248
261 44 64 252
262 41 65 255
263 43 66 256
264 42 66 257
265 41 66 258
266 41 66 259
267 40 66 260
268 38 66 263
269 38 66 263
270 38 66 263
271 36 67 264
272 36 67 264
273 35 67 266
274 36 67 266
275 34 67 268
276 34 67 268
277 34 67 268
278 34 67 269
279 34 67 269
280 35 67 270
281 36 67 270
282 35 67 271
283 35 67 271
284 38 67 271
285 38 67 272
286 39 67 272
287 38 67 274
288 37 67 275
289 41 67 276
290 40 67 278
291 39 67 279
292 40 67 279
293 39 67 280
294 37 68 281
295 37 68 281
296 38 68 281
297 39 68 281
298 40 68 282
299 41 68 282
300 42 68 283
301 42 68 283
302 39 69 285
303 40 70 286
304 40 70 287
305 41 70 287
306 41 70 288
307 40 71 288
308 41 71 288
309 39 71 291
310 39 71 291
311 41 71 291
312 44 71 291
313 44 71 292
314 45 71 294
315 45 71 295
316 44 71 296
317 48 71 296
318 48 71 296
319 49 71 296
320 50 71 296
321 51 71 296
322 51 71 296
323 52 71 297
324 52 71 298
325 52 71 298
326 52 71 300
327 52 71 300
328 53 71 301
329 53 71 303
330 51 71 306
331 50 71 308
332 51 71 308
333 50 71 309
334 51 71 309
335 52 71 309
336 51 71 311
337 52 71 311
338 53 71 311
339 54 71 314
340 52 71 317
341 53 71 317
342 53 71 318
343 53 71 318
344 53 73 318
345 50 74 320
346 50 74 321
347 49 74 323
348 50 74 323
349 49 74 324
350 49 74 325
351 48 74 327
352 50 74 327
353 53 74 327
354 55 74 327
355 53 74 329
356 53 74 329
357 54 74 330
358 55 74 330
359 58 74 331
360 60 74 331
361 58 74 333
362 59 75 333
363 60 75 333
364 64 75 334
365 64 75 335
366 65 75 336
367 64 75 337
368 65 75 339
369 67 75 339
370 67 75 340
371 69 75 340
372 70 75 341
373 68 75 344
374 70 75 344
375 73 75 344
376 73 75 344
377 75 75 345
378 75 75 348
379 76 75 348
380 78 75 349
381 80 75 350
382 77 75 354
383 75 76 357
384 75 77 359
385 76 77 359
386 76 77 360
387 76 77 361
388 75 77 363
389 77 77 363
390 75 77 367
391 76 77 369
392 74 78 371
393 73 78 373
394 74 78 374
395 74 78 375
396 78 78 375
397 77 78 377
398 78 78 377
399 79 78 378
400 78 80 380
401 78 80 380
402 80 80 380
403 80 80 382
404 76 80 386
405 78 80 387
406 79 80 387
407 78 82 388
408 80 82 388
409 78 83 389
410 78 83 390
411 80 83 390
412 81 84 390
413 79 86 390
414 82 86 390
415 83 87 390
416 84 87 391
417 83 87 394
418 87 87 395
419 85 90 396
420 82 92 397
421 82 93 398
422 80 94 400
423 78 95 402
424 80 95 402
425 80 96 402
426 79 97 403
427 81 97 403
428 82 98 403
429 80 99 404
430 80 99 406
431 79 99 409
432 81 99 409
433 80 101 409
434 79 101 411
435 76 102 413
436 78 102 414
437 76 104 414
438 76 104 415
439 77 105 415
440 78 105 416
441 80 105 416
442 82 106 416
443 81 106 418
444 80 106 420
445 81 106 423
446 83 106 423
447 82 106 425
448 83 107 425
449 81 107 427
450 82 107 428
451 81 107 430
452 85 108 430
453 84 108 432
454 85 108 432
455 84 108 433
456 86 108 434
457 88 108 434
458 91 109 435
459 88 111 436
460 89 111 436
461 89 111 439
462 89 111 441
463 90 112 441
464 94 112 441
465 98 112 441
466 99 112 443
467 101 112 444
468 101 113 445
469 100 114 446
470 100 114 448
471 99 115 449
472 104 115 450
473 106 115 451
474 106 116 453
475 104 116 456
476 101 119 458
477 102 119 459
478 106 119 462
479 104 120 464
480 102 120 468
481 104 120 471
482 106 120 472
483 106 121 472
484 109 124 472
485 106 125 474
486 109 126 474
487 110 126 474
488 111 127 474
489 111 128 477
490 106 130 481
491 103 130 484
492 104 130 486
493 103 131 486
494 102 132 489
495 104 132 490
496 104 134 490
497 105 135 492
498 102 137 494
499 100 137 496
500 100 137 497
501 100 137 500
502 104 137 501
503 102 137 505
504 102 138 507
505 104 138 508
506 104 138 510
507 103 138 513
508 102 138 514
509 105 138 514
510 106 138 518
511 107 138 520
512 109 138 521
513 110 139 522
514 115 139 522
515 112 140 524
516 112 141 526
517 113 141 528
518 113 142 532
519 112 142 535
520 116 142 535
521 115 142 537
522 113 142 539
523 112 142 540
524 115 142 540
525 117 142 541
526 116 142 543
527 117 143 544
528 115 143 547
529 117 143 548
530 114 144 551
531 116 144 552
532 116 145 553
533 116 145 555
534 115 146 556
535 116 147 556
536 120 147 557
537 121 147 558
538 124 147 558
539 123 148 560
540 122 151 562
541 124 151 564
542 125 152 566
543 126 152 568
544 124 152 570
545 125 154 573
546 127 156 575
547 125 157 576
548 127 157 578
549 127 157 580
550 129 157 580
551 130 157 580
552 133 157 580
553 132 158 582
554 131 159 585
555 131 160 586
556 136 160 587
557 139 160 588
558 142 160 588
559 143 160 589
560 141 161 592
561 143 162 592
562 146 162 592
563 146 164 595
564 151 165 596
565 149 166 599
566 153 167 602
567 154 168 604
568 155 168 606
569 155 168 606
570 155 169 609
571 150 170 615
572 153 171 615
573 150 172 617
574 150 172 621
575 150 173 624
576 152 174 624
577 155 174 626
578 158 175 626
579 159 175 627
580 161 176 630
581 163 176 632
582 164 176 634
583 165 177 636
584 162 177 640
585 167 177 641
586 169 178 641
587 171 178 642
588 176 178 644
589 173 179 648
590 175 180 649
591 172 181 652
592 171 182 654
593 177 183 656
594 174 184 661
595 176 184 665
596 177 184 666
597 179 184 667
598 178 184 672
599 184 184 672
600 184 184 677
601 185 184 682
602 184 185 685
603 180 185 692
604 181 186 693
605 182 187 695
606 184 187 695
607 188 187 696
608 192 188 696
609 194 188 696
610 196 188 699
611 196 188 704
612 197 188 706
613 195 189 711
614 204 190 713
615 208 190 715
616 209 191 717
617 210 191 720
618 216 191 721
619 220 192 722
620 222 192 724
621 224 192 726
622 222 194 730
623 221 194 734
624 219 195 739
625 216 195 746
626 218 196 748
627 216 196 754
628 213 196 761
629 221 196 762
630 219 198 765
631 218 198 769
632 225 198 769
633 228 198 769
634 231 198 774
635 239 198 776
636 240 201 778
637 240 203 780
638 240 204 785
639 242 206 788
640 248 206 791
641 248 207 795
642 247 208 797
643 245 208 801
644 247 208 805
645 245 208 809
646 249 208 812
647 253 208 815
648 256 209 817
649 254 210 824
650 254 210 830
651 257 210 833
652 256 211 837
653 259 212 839
654 265 212 842
655 268 212 845
656 275 212 847
657 273 213 854
658 274 214 856
659 270 217 866
660 271 217 868
661 277 218 872
662 278 219 874
663 276 219 880
664 270 219 891
665 269 220 897
666 270 222 899
667 273 222 903
668 270 223 908
669 271 224 911
670 277 226 912
671 277 227 916
672 276 229 921
673 271 230 933
674 272 231 934
675 271 232 938
676 275 233 942
677 272 233 947
678 274 235 949
679 278 237 952
680 281 238 954
681 279 239 959
682 287 240 960
683 295 240 962
684 297 242 967
685 295 243 975
686 293 245 979
687 295 246 983
688 295 246 988
689 290 247 994
690 299 247 997
691 295 248 1004
692 295 249 1010
693 290 250 1014
694 291 252 1017
695 288 253 1021
696 288 254 1025
697 294 257 1027
698 299 257 1028
699 295 259 1034
700 297 259 1035
701 295 259 1042
702 304 259 1044
703 301 260 1051
704 299 261 1059
705 300 263 1061
706 302 264 1064
707 304 268 1069
708 306 269 1070
709 306 270 1076
710 307 272 1076
711 310 272 1079
712 309 275 1087
713 308 276 1093
714 305 277 1100
715 307 279 1105
716 308 282 1107
717 305 284 1113
718 303 286 1118
719 303 287 1124
720 310 287 1126
721 310 287 1129
722 304 290 1136
723 312 291 1138
724 319 291 1141
725 316 295 1147
726 313 299 1152
727 316 302 1158
728 317 302 1159
729 322 303 1164
730 325 304 1167
731 325 306 1171
732 325 307 1175
733 329 308 1182
734 328 310 1190
735 330 311 1195
736 329 313 1199
737 333 313 1203
738 332 315 1210
739 333 316 1215
740 331 318 1221
741 329 318 1228
742 329 319 1233
743 329 319 1239
744 333 319 1242
745 333 320 1247
746 332 322 1253
747 332 323 1259
748 336 325 1260
749 335 327 1263
750 336 329 1267
751 334 329 1273
752 338 330 1275
753 340 332 1277
754 340 332 1283
755 336 335 1288
756 330 337 1295
757 327 338 1305
758 323 340 1312
759 321 340 1319
760 320 341 1323
761 321 344 1326
762 320 344 1333
763 318 348 1338
764 324 350 1342
765 328 353 1345
766 332 353 1352
767 334 354 1359
768 331 355 1366
769 331 358 1370
770 334 358 1375
771 341 358 1381
772 342 361 1384
773 343 364 1389
774 341 364 1395
775 345 366 1401
776 348 367 1402
777 353 367 1407
778 357 367 1411
779 356 367 1420
780 356 368 1427
781 359 369 1431
782 364 369 1434
783 364 369 1442
784 366 371 1444
785 363 372 1450
786 362 373 1459
787 366 374 1462
788 368 376 1468
789 371 377 1471
790 373 379 1475
791 373 380 1479
792 375 381 1482
793 375 381 1490
794 380 381 1496
795 382 382 1500
796 382 385 1503
797 380 387 1509
798 379 388 1515
799 383 389 1519
800 383 389 1527
801 384 389 1534
802 383 389 1543
803 384 390 1549
804 388 391 1555
805 387 392 1560
806 381 394 1573
807 382 394 1585
808 388 395 1588
809 389 395 1597
810 388 397 1603
811 392 397 1610
812 398 398 1616
813 396 398 1624
814 395 400 1630
815 399 403 1636
816 397 405 1646
817 398 406 1650
818 398 407 1655
819 399 410 1661
820 405 411 1664
821 409 412 1670
822 408 415 1680
823 409 416 1686
824 409 419 1691
825 410 420 1698
826 413 422 1705
827 411 423 1713
828 412 424 1722
829 414 426 1727
830 421 428 1730
831 423 429 1736
832 425 430 1740
833 430 430 1743
834 428 433 1750
835 426 433 1758
836 422 435 1768
837 421 439 1777
838 423 439 1780
839 428 440 1785
840 421 442 1794
841 424 444 1798
842 428 446 1803
843 429 449 1810
844 426 452 1819
845 427 454 1825
846 432 454 1828
847 429 455 1837
848 430 456 1844
849 429 456 1855
850 436 456 1860
851 442 457 1863
852 443 458 1872
853 450 460 1878
854 449 464 1883
855 458 466 1887
856 464 469 1889
857 466 472 1893
858 468 473 1899
859 467 475 1908
860 469 476 1914
861 474 476 1923
862 472 479 1928
863 475 482 1931
864 475 483 1937
865 468 487 1945
866 471 489 1951
867 469 489 1961
868 471 492 1965
869 470 495 1970
870 471 497 1977
871 466 497 1990
872 464 500 1994
873 466 503 2002
874 471 506 2009
875 471 511 2014
876 477 512 2021
877 476 513 2029
878 477 514 2033
879 479 515 2041
880 478 517 2047
881 477 517 2057
882 475 522 2064
883 474 523 2073
884 473 525 2081
885 476 526 2090
886 480 526 2097
887 482 527 2104
888 480 529 2113
889 481 529 2123
890 487 530 2128
891 486 532 2139
892 480 533 2150
893 489 533 2156
894 498 533 2162
895 496 535 2171
896 494 537 2179
897 504 539 2181
898 500 539 2190
899 495 540 2201
900 493 540 2212
901 493 543 2219
902 496 543 2225
903 499 544 2231
904 505 545 2240
905 507 545 2251
906 511 547 2257
907 507 548 2269
908 511 550 2274
909 511 552 2281
910 516 553 2287
911 522 556 2294
912 526 557 2299
913 524 559 2305
914 516 560 2318
915 513 561 2329
916 523 562 2332
917 535 564 2337
918 537 565 2346
919 546 565 2350
920 545 566 2359
921 555 567 2366
922 556 569 2373
923 562 569 2378
924 566 572 2383
925 563 574 2394
926 567 574 2400
927 575 574 2405
928 568 575 2419
929 567 578 2432
930 564 581 2443
931 569 583 2449
932 568 587 2460
933 574 590 2467
934 566 591 2480
935 567 593 2492
936 567 594 2501
937 563 599 2519
938 564 600 2534
939 571 601 2542
940 572 602 2550
941 576 603 2555
942 581 605 2563
943 582 607 2572
944 580 609 2581
945 587 611 2588
946 595 612 2593
947 599 616 2601
948 598 622 2608
949 597 624 2617
950 593 626 2629
951 593 627 2639
952 596 627 2647
953 597 628 2657
954 595 629 2674
955 594 632 2685
956 605 634 2691
957 604 634 2701
958 607 634 2712
959 614 636 2720
960 613 639 2728
961 622 641 2734
962 617 648 2745
963 630 649 2750
964 631 651 2758
965 631 655 2769
966 629 659 2777
967 634 660 2788
968 636 663 2799
969 649 663 2805
970 653 664 2814
971 654 668 2822
972 663 670 2827
973 665 676 2834
974 669 676 2844
975 676 678 2850
976 683 678 2857
977 693 680 2864
978 702 683 2872
979 705 685 2882
980 702 688 2897
981 701 688 2909
982 696 691 2924
983 705 691 2933
984 709 695 2942
985 710 696 2953
986 713 697 2968
987 718 699 2975
988 724 703 2982
989 726 706 2994
990 728 707 3005
991 735 712 3019
992 738 715 3033
993 730 718 3045
994 724 720 3058
995 719 721 3073
996 723 723 3083
997 730 724 3094
998 735 725 3106
999 742 726 3113
1000 741 730 3125
1001 740 732 3136
1002 753 734 3145
1003 749 739 3157
1004 742 746 3169
1005 742 747 3175
1006 747 748 3182
1007 757 751 3189
1008 758 754 3200
1009 754 755 3218
1010 765 759 3221
1011 771 760 3230
1012 772 762 3244
1013 771 764 3257
1014 771 764 3270
1015 772 764 3280
1016 778 768 3288
1017 778 769 3300
1018 768 771 3322
1019 768 772 3337
1020 776 774 3344
1021 781 776 3354
1022 784 777 3366
1023 785 781 3377
1024 778 784 3392
1025 789 787 3398
1026 787 791 3411
1027 790 793 3423
1028 795 799 3436
1029 802 799 3446
1030 797 801 3467
1031 796 804 3477
1032 797 807 3494
1033 802 811 3506
1034 817 813 3512
1035 820 818 3522
1036 816 820 3540
1037 821 822 3551
1038 827 829 3562
1039 837 831 3571
1040 834 838 3583
1041 838 843 3593
1042 836 844 3608
1043 842 847 3620
1044 850 847 3631
1045 843 850 3648
1046 833 854 3670
1047 843 857 3681
1048 854 857 3692
1049 866 859 3704
1050 865 864 3715
1051 870 867 3726
1052 868 870 3739
1053 875 871 3750
1054 886 875 3762
1055 888 877 3775
1056 893 881 3790
1057 901 882 3795
1058 908 888 3804
1059 907 890 3817
1060 908 890 3832
1061 913 893 3844
1062 923 897 3857
1063 931 899 3866
1064 929 901 3882
1065 943 903 3894
1066 945 909 3908
1067 943 913 3923
1068 947 918 3939
1069 941 920 3950
1070 952 923 3965
1071 964 926 3982
1072 968 931 3999
1073 975 933 4012
1074 979 936 4024
1075 984 938 4040
1076 984 939 4057
1077 992 940 4070
1078 998 944 4085
1079 1007 949 4096
1080 1015 951 4108
1081 1009 957 4128
1082 1014 961 4148
1083 1005 964 4167
1084 1013 964 4180
1085 1017 970 4192
1086 1017 976 4203
1087 1025 977 4218
1088 1029 980 4237
1089 1037 983 4252
1090 1046 984 4263
1091 1053 984 4278
1092 1048 989 4296
1093 1045 992 4316
1094 1047 993 4331
1095 1041 998 4354
1096 1037 1003 4371
1097 1046 1007 4383
1098 1049 1010 4400
1099 1050 1015 4418
1100 1052 1024 4435
1101 1067 1024 4446
1102 1062 1027 4466
1103 1060 1032 4482
1104 1063 1035 4496
1105 1058 1044 4511
1106 1057 1051 4526
1107 1064 1055 4538
1108 1064 1059 4556
1109 1067 1063 4575
1110 1068 1064 4589
1111 1071 1068 4605
1112 1080 1071 4623
1113 1087 1072 4637
1114 1086 1079 4652
1115 1085 1082 4676
1116 1098 1084 4686
1117 1117 1085 4696
1118 1109 1086 4720
1119 1117 1087 4735
1120 1118 1095 4749
1121 1110 1100 4772
1122 1112 1103 4790
1123 1112 1108 4816
1124 1124 1112 4825
1125 1129 1114 4844
1126 1137 1117 4867
1127 1148 1122 4885
1128 1152 1125 4905
1129 1150 1129 4925
1130 1153 1140 4946
1131 1167 1144 4957
1132 1170 1151 4978
1133 1181 1157 4991
1134 1189 1161 5005
1135 1200 1163 5021
1136 1204 1166 5035
1137 1202 1171 5056
1138 1206 1176 5072
1139 1204 1184 5093
1140 1210 1186 5108
1141 1231 1188 5117
1142 1233 1193 5138
1143 1224 1198 5164
1144 1225 1202 5176
1145 1230 1207 5195
1146 1217 1210 5220
1147 1220 1212 5238
1148 1214 1215 5259
1149 1216 1217 5272
1150 1214 1225 5292
1151 1217 1230 5308
1152 1218 1236 5326
1153 1230 1237 5343
1154 1236 1245 5357
1155 1243 1248 5376
1156 1250 1254 5393
1157 1247 1261 5413
1158 1244 1268 5434
1159 1241 1274 5451
1160 1239 1284 5464
1161 1248 1287 5483
1162 1255 1294 5496
1163 1256 1297 5515
1164 1258 1300 5536
1165 1271 1304 5553
1166 1275 1310 5572
1167 1300 1314 5583
1168 1305 1321 5604
1169 1311 1326 5620
1170 1314 1327 5642
1171 1320 1333 5657
1172 1321 1338 5679
1173 1328 1342 5704
1174 1324 1349 5721
1175 1340 1352 5741
1176 1347 1356 5761
1177 1352 1356 5784
1178 1349 1359 5804
1179 1356 1364 5824
1180 1361 1370 5846
1181 1363 1376 5872
1182 1380 1377 5887
1183 1375 1378 5914
1184 1384 1383 5928
1185 1382 1386 5955
1186 1396 1390 5972
1187 1415 1392 5990
1188 1413 1398 6016
1189 1420 1400 6034
1190 1424 1405 6057
1191 1434 1408 6077
1192 1450 1415 6094
1193 1449 1420 6123
1194 1448 1424 6149
1195 1459 1426 6168
1196 1467 1433 6185
1197 1469 1437 6202
1198 1462 1445 6225
1199 1471 1450 6243
1200 1474 1455 6260
1201 1486 1459 6277
1202 1482 1464 6308
1203 1490 1470 6331
1204 1509 1476 6349
1205 1517 1482 6369
1206 1514 1491 6395
1207 1521 1496 6416
1208 1535 1501 6438
1209 1536 1505 6459
1210 1554 1510 6475
1211 1552 1514 6507
1212 1566 1521 6525
1213 1563 1528 6548
1214 1567 1532 6574
1215 1586 1538 6593
1216 1600 1545 6616
1217 1599 1552 6647
1218 1600 1554 6670
1219 1598 1558 6689
1220 1601 1560 6717
1221 1596 1562 6749
1222 1599 1567 6776
1223 1596 1572 6808
1224 1583 1578 6832
1225 1578 1584 6856
1226 1571 1593 6890
1227 1575 1605 6911
1228 1563 1611 6941
1229 1570 1617 6967
1230 1570 1621 6993
1231 1565 1628 7019
1232 1578 1636 7032
1233 1572 1642 7063
1234 1574 1647 7091
1235 1585 1651 7115
1236 1600 1660 7133
1237 1599 1666 7159
1238 1592 1669 7193
1239 1590 1674 7225
1240 1590 1680 7252
1241 1596 1688 7274
1242 1604 1691 7300
1243 1605 1696 7329
1244 1615 1699 7347
1245 1619 1704 7374
1246 1617 1711 7397
1247 1628 1711 7417
1248 1633 1717 7440
1249 1637 1724 7462
1250 1648 1729 7480
1251 1648 1736 7502
1252 1654 1739 7528
1253 1666 1741 7554
1254 1667 1747 7581
1255 1676 1753 7606
1256 1678 1757 7637
1257 1669 1765 7671
1258 1666 1768 7700
1259 1664 1775 7727
1260 1661 1787 7745
1261 1664 1791 7767
1262 1661 1801 7791
1263 1665 1807 7817
1264 1666 1812 7848
1265 1667 1819 7873
1266 1669 1824 7900
1267 1676 1833 7928
1268 1680 1838 7947
1269 1680 1843 7968
1270 1672 1850 7994
1271 1681 1859 8021
1272 1690 1868 8047
1273 1705 1874 8066
1274 1709 1880 8094
1275 1705 1887 8120
1276 1716 1894 8136
1277 1713 1900 8168
1278 1718 1905 8194
1279 1728 1910 8220
1280 1725 1924 8244
1281 1730 1931 8266
1282 1742 1934 8290
1283 1751 1943 8309
1284 1744 1950 8345
1285 1754 1952 8369
1286 1746 1959 8397
1287 1742 1969 8423
1288 1747 1978 8444
1289 1754 1983 8471
1290 1753 1992 8495
1291 1758 1995 8522
1292 1775 2002 8550
1293 1782 2008 8577
1294 1782 2014 8604
1295 1779 2019 8636
1296 1781 2024 8656
1297 1788 2033 8684
1298 1789 2037 8718
1299 1814 2049 8731
1300 1821 2057 8765
1301 1831 2057 8796
1302 1829 2062 8827
1303 1816 2072 8859
1304 1821 2075 8890
1305 1830 2083 8909
1306 1823 2094 8943
1307 1836 2100 8966
1308 1846 2105 8996
1309 1857 2109 9015
1310 1865 2115 9049
1311 1873 2121 9077
1312 1875 2126 9108
1313 1868 2139 9142
1314 1886 2142 9170
1315 1886 2147 9196
1316 1899 2155 9230
1317 1906 2165 9254
1318 1923 2170 9283
1319 1931 2179 9310
1320 1942 2189 9341
1321 1948 2191 9372
1322 1957 2197 9400
1323 1949 2207 9435
1324 1959 2215 9460
1325 1954 2226 9494
1326 1967 2230 9523
1327 1967 2240 9560
1328 1962 2245 9602
1329 1954 2253 9631
1330 1964 2259 9656
1331 1976 2263 9690
1332 1972 2275 9718
1333 1979 2279 9745
1334 1997 2282 9774
1335 1995 2289 9814
1336 2007 2296 9842
1337 2007 2305 9869
1338 2020 2314 9901
1339 2022 2322 9934
1340 2017 2326 9968
1341 2014 2333 10001
1342 2024 2341 10028
1343 2020 2350 10064
1344 2025 2359 10083
1345 2022 2362 10116
1346 2044 2367 10140
1347 2043 2371 10177
1348 2051 2383 10203
1349 2057 2391 10230
1350 2062 2401 10262
1351 2083 2409 10285
1352 2085 2411 10323
1353 2096 2422 10358
1354 2107 2433 10377
1355 2102 2445 10410
1356 2118 2452 10440
1357 2103 2458 10488
1358 2111 2464 10519
1359 2120 2470 10551
1360 2126 2475 10589
1361 2130 2484 10618
1362 2130 2492 10651
1363 2127 2498 10690
1364 2144 2507 10719
1365 2161 2513 10746
1366 2172 2520 10772
1367 2172 2525 10806
1368 2187 2534 10834
1369 2179 2544 10872
1370 2186 2552 10902
1371 2190 2563 10935
1372 2188 2572 10977
1373 2202 2580 11002
1374 2216 2590 11031
1375 2221 2599 11058
1376 2204 2604 11100
1377 2204 2615 11136
1378 2208 2621 11175
1379 2217 2632 11214
1380 2212 2641 11247
1381 2208 2651 11284
1382 2198 2660 11323
1383 2218 2664 11353
1384 2225 2676 11386
1385 2226 2684 11413
1386 2238 2694 11443
1387 2236 2703 11487
1388 2253 2711 11517
1389 2257 2719 11556
1390 2261 2727 11590
1391 2264 2736 11627
1392 2263 2748 11655
1393 2274 2754 11691
1394 2285 2765 11727
1395 2296 2772 11762
1396 2316 2784 11788
1397 2340 2788 11820
1398 2347 2798 11852
1399 2355 2806 11893
1400 2362 2815 11933
1401 2366 2823 11971
1402 2366 2839 12010
1403 2360 2846 12050
1404 2372 2851 12086
1405 2400 2863 12109
1406 2410 2874 12143
1407 2422 2880 12187
1408 2429 2891 12220
1409 2436 2901 12255
1410 2441 2909 12293
1411 2455 2919 12328
1412 2477 2926 12361
1413 2489 2937 12395
1414 2476 2943 12441
1415 2497 2950 12471
1416 2502 2959 12499
1417 2498 2968 12548
1418 2521 2979 12580
1419 2527 2989 12618
1420 2549 2992 12653
1421 2567 2996 12690
1422 2582 3009 12720
1423 2588 3019 12761
1424 2581 3027 12809
1425 2570 3034 12855
1426 2579 3042 12894
1427 2572 3055 12949
1428 2598 3059 12984
1429 2614 3069 13024
1430 2624 3079 13061
1431 2644 3091 13100
1432 2645 3100 13147
1433 2669 3115 13183
1434 2680 3122 13215
1435 2695 3131 13259
1436 2701 3134 13300
1437 2707 3141 13341
1438 2692 3158 13385
1439 2691 3173 13420
1440 2695 3181 13466
1441 2694 3198 13509
1442 2714 3207 13549
1443 2717 3218 13600
1444 2731 3228 13630
1445 2734 3233 13677
1446 2730 3243 13718
1447 2748 3258 13747
1448 2751 3268 13795
1449 2757 3275 13837
1450 2759 3288 13873
1451 2783 3295 13904
1452 2782 3301 13953
1453 2778 3315 13990
1454 2788 3327 14029
1455 2798 3335 14072
1456 2806 3346 14107
1457 2808 3361 14144
1458 2808 3371 14190
1459 2834 3383 14227
1460 2864 3389 14261
1461 2872 3399 14306
1462 2890 3407 14352
1463 2900 3421 14389
1464 2897 3433 14435
1465 2918 3445 14474
1466 2922 3457 14515
1467 2950 3466 14551
1468 2969 3471 14589
1469 2976 3482 14637
1470 2975 3489 14687
1471 2981 3498 14736
1472 3011 3510 14776
1473 3035 3522 14812
1474 3047 3536 14855
1475 3039 3550 14897
1476 3070 3561 14937
1477 3074 3571 14979
1478 3084 3583 15026
1479 3088 3597 15065
1480 3099 3604 15121
1481 3102 3611 15171
1482 3134 3621 15211
1483 3162 3632 15251
1484 3173 3643 15302
1485 3192 3651 15346
1486 3212 3662 15385
1487 3238 3673 15429
1488 3228 3685 15490
1489 3261 3692 15527
1490 3289 3701 15569
1491 3290 3711 15624
1492 3300 3725 15671
1493 3319 3734 15714
1494 3346 3746 15756
1495 3363 3758 15806
1496 3378 3775 15852
1497 3389 3788 15901
1498 3413 3801 15940
1499 3445 3809 15979
1500 3485 3823 16014
1501 3519 3830 16063
1502 3530 3838 16115
1503 3533 3852 16181
1504 3556 3870 16229
1505 3563 3878 16286
1506 3575 3893 16330
1507 3581 3903 16386
1508 3599 3920 16429
1509 3600 3937 16491
1510 3626 3946 16537
1511 3613 3965 16601
1512 3630 3979 16653
1513 3640 3991 16721
1514 3649 4003 16779
1515 3668 4011 16831
1516 3688 4029 16880
1517 3713 4037 16934
1518 3702 4064 16995
1519 3724 4072 17047
1520 3734 4085 17098
1521 3743 4097 17155
1522 3751 4117 17210
1523 3767 4132 17266
1524 3782 4147 17331
1525 3777 4164 17396
1526 3799 4185 17449
1527 3824 4199 17505
1528 3857 4213 17549
1529 3860 4230 17602
1530 3872 4241 17663
1531 3883 4252 17720
1532 3903 4269 17777
1533 3915 4291 17838
1534 3925 4310 17883
1535 3931 4319 17941
1536 3957 4334 18000
1537 3956 4346 18075
1538 3987 4359 18120
1539 4018 4377 18170
1540 4036 4391 18224
1541 4047 4413 18272
1542 4068 4423 18320
1543 4052 4443 18387
1544 4066 4454 18450
1545 4078 4475 18512
1546 4071 4495 18569
1547 4088 4510 18623
1548 4061 4532 18703
1549 4054 4549 18779
1550 4083 4562 18833
1551 4091 4582 18888
1552 4113 4590 18947
1553 4128 4609 19000
1554 4129 4629 19061
1555 4153 4644 19118
1556 4167 4657 19190
1557 4181 4676 19251
1558 4192 4692 19320
1559 4198 4713 19388
1560 4237 4720 19443
1561 4241 4740 19511
1562 4266 4752 19566
1563 4260 4765 19635
1564 4246 4783 19708
1565 4254 4805 19755
1566 4260 4817 19828
1567 4264 4831 19900
1568 4255 4851 19973
1569 4261 4866 20032
1570 4275 4881 20098
1571 4304 4890 20161
1572 4286 4908 20238
1573 4308 4923 20299
1574 4322 4935 20360
1575 4348 4954 20412
1576 4353 4968 20473
1577 4356 4986 20541
1578 4347 5012 20607
1579 4357 5027 20671
1580 4382 5040 20736
1581 4387 5054 20813
1582 4400 5067 20889
1583 4425 5081 20955
1584 4428 5102 21013
1585 4443 5124 21068
1586 4437 5144 21146
1587 4464 5159 21193
1588 4467 5172 21265
1589 4488 5189 21330
1590 4501 5206 21397
1591 4515 5217 21464
1592 4541 5232 21530
1593 4527 5248 21607
1594 4560 5266 21677
1595 4582 5279 21742
1596 4599 5301 21800
1597 4592 5319 21876
1598 4623 5333 21938
1599 4648 5352 21999
1600 4669 5371 22071
1601 4703 5383 22140
1602 4723 5405 22205
1603 4741 5426 22269
1604 4749 5445 22342
1605 4752 5465 22413
1606 4751 5484 22497
1607 4795 5504 22562
1608 4802 5523 22649
1609 4818 5542 22711
1610 4856 5557 22780
1611 4871 5585 22847
1612 4880 5604 22927
1613 4894 5618 23011
1614 4886 5645 23099
1615 4892 5664 23190
1616 4900 5679 23275
1617 4927 5702 23343
1618 4969 5721 23408
1619 4998 5744 23471
1620 4997 5770 23552
1621 5022 5794 23626
