0 50 0 0
1 48 3 0
2 48 3 1
3 49 3 2
4 48 3 3
5 49 3 4
6 49 5 4
7 49 5 4
8 50 5 4
9 47 7 5
10 48 7 5
11 48 7 6
12 48 7 6
13 49 7 6
14 49 7 7
15 48 7 8
16 47 7 10
17 46 7 11
18 47 7 12
19 46 7 14
20 45 8 14
21 46 8 14
22 45 8 15
23 47 8 15
24 45 9 16
25 43 9 18
26 44 10 18
27 44 10 18
28 42 10 20
29 42 10 21
30 41 10 23
31 41 10 23
32 41 10 23
33 41 10 23
34 42 10 23
35 40 10 25
36 39 10 27
37 39 10 27
38 37 10 29
39 37 10 29
40 38 10 29
41 38 10 29
42 38 10 30
43 37 10 31
44 37 10 31
45 36 10 32
46 35 10 33
47 36 10 34
48 36 10 35
49 37 10 35
50 37 10 35
51 38 10 35
52 38 11 35
53 37 11 36
54 37 11 36
55 36 11 37
56 35 11 38
57 35 11 39
58 37 11 40
59 38 11 40
60 39 11 41
61 39 11 42
62 39 11 42
63 38 11 43
64 36 11 45
65 36 11 45
66 37 11 45
67 35 11 48
68 37 11 48
69 39 11 48
70 38 11 49
71 39 11 49
72 38 11 50
73 38 11 51
74 38 11 52
75 38 11 52
76 40 11 52
77 42 11 52
78 42 11 53
79 42 11 54
80 39 12 56
81 40 12 56
82 41 12 56
83 40 12 57
84 40 12 57
85 39 12 58
86 38 13 59
87 39 13 59
88 38 13 60
89 38 13 60
90 38 13 60
91 39 13 60
92 37 13 62
93 36 13 63
94 35 13 64
95 36 13 64
96 37 13 64
97 37 13 65
98 37 13 65
99 39 13 65
100 39 13 65
101 39 13 66
102 38 13 67
103 38 13 67
104 39 13 67
105 39 13 67
106 40 13 67
107 39 13 68
108 39 13 69
109 39 13 69
110 40 13 70
111 39 13 72
112 38 13 73
113 39 13 73
114 41 13 73
115 41 13 73
116 41 13 74
117 41 13 74
118 39 13 76
119 40 13 76
120 39 13 77
121 39 13 79
122 42 13 79
123 43 13 80
124 44 13 81
125 45 13 81
126 45 13 81
127 45 13 82
128 44 13 83
129 45 13 83
130 47 13 83
131 48 13 84
132 48 13 84
133 48 13 85
134 48 13 86
135 48 13 86
136 50 13 86
137 50 13 86
138 51 13 87
139 50 15 87
140 49 15 88
141 49 15 88
142 49 15 88
143 50 15 88
144 51 15 89
145 49 15 92
146 49 15 92
147 50 15 94
148 50 15 94
149 52 15 94
150 53 16 94
151 53 16 94
152 51 18 95
153 51 18 95
154 48 20 96
155 48 20 98
156 48 20 98
157 49 20 98
158 49 20 98
159 48 20 99
160 49 20 99
161 49 21 101
162 49 21 102
163 48 21 103
164 48 21 103
165 48 21 105
166 48 21 107
167 47 21 108
168 47 21 109
169 50 21 109
170 50 21 109
171 50 21 110
172 50 21 110
173 51 21 111
174 50 22 112
175 51 22 112
176 51 22 112
177 48 22 115
178 50 22 115
179 53 22 115
180 53 22 116
181 53 22 116
182 53 22 116
183 53 23 116
184 55 23 116
185 54 23 118
186 53 23 120
187 52 23 121
188 49 24 123
189 49 24 123
190 50 24 124
191 48 25 125
192 49 25 125
193 50 25 127
194 48 25 129
195 48 25 129
196 46 26 131
197 45 26 132
198 45 26 132
199 47 26 132
200 47 26 132
201 48 26 132
202 47 26 134
203 47 26 135
204 46 26 136
205 46 26 136
206 42 26 140
207 45 26 140
208 46 26 140
209 47 26 140
210 47 26 140
211 47 26 141
212 47 26 141
213 49 26 141
214 48 26 143
215 52 26 143
216 53 26 143
217 54 26 143
218 53 26 144
219 52 26 145
220 50 26 147
221 50 26 148
222 53 26 148
223 50 27 151
224 51 27 151
225 48 27 154
226 47 27 155
227 49 27 155
228 48 28 157
229 49 28 157
230 48 28 158
231 48 28 159
232 48 28 159
233 50 28 159
234 50 28 159
235 51 28 159
236 50 28 160
237 51 28 160
238 50 28 161
239 50 28 162
240 50 28 163
241 49 28 164
242 49 29 165
243 48 29 166
244 45 29 169
245 45 29 169
246 45 30 169
247 46 30 169
248 46 30 169
249 46 30 170
250 45 30 171
251 47 30 171
252 47 30 171
253 46 30 172
254 47 30 173
255 47 30 173
256 48 30 173
257 47 30 174
258 46 30 176
259 46 30 177
260 47 30 177
261 48 30 177
262 48 30 177
263 48 31 177
264 48 31 177
265 51 31 178
266 51 31 179
267 52 31 180
268 54 31 181
269 54 32 181
270 53 32 182
271 53 32 182
272 55 32 183
273 55 32 184
274 55 32 184
275 54 32 186
276 55 33 186
277 56 33 187
278 55 33 188
279 55 34 189
280 57 34 189
281 59 34 189
282 59 35 191
283 60 35 191
284 61 35 191
285 64 35 191
286 63 35 192
287 62 36 192
288 62 36 192
289 64 36 193
290 65 36 193
291 62 36 196
292 64 36 196
293 66 36 197
294 66 36 199
295 63 36 203
296 65 36 204
297 64 37 205
298 67 37 205
299 66 38 207
300 65 39 207
301 64 40 209
302 63 41 209
303 65 41 211
304 64 41 212
305 61 43 213
306 62 43 213
307 62 44 213
308 60 44 215
309 62 44 216
310 60 46 217
311 59 46 218
312 59 46 219
313 58 47 220
314 58 47 221
315 60 47 223
316 63 47 223
317 62 47 224
318 61 48 225
319 61 48 225
320 64 48 226
321 66 48 226
322 68 48 226
323 68 48 226
324 71 48 226
325 71 49 226
326 70 50 227
327 72 50 227
328 71 50 228
329 71 50 229
330 70 51 231
331 72 51 231
332 73 51 232
333 74 51 234
334 74 51 236
335 76 51 236
336 76 52 238
337 77 52 238
338 81 52 239
339 79 53 241
340 76 53 244
341 78 53 245
342 77 53 246
343 80 53 246
344 81 54 246
345 81 55 246
346 81 55 247
347 79 56 249
348 80 56 251
349 77 57 253
350 78 57 253
351 79 57 255
352 79 57 256
353 81 57 257
354 81 57 259
355 82 57 262
356 84 57 264
357 84 57 265
358 86 57 266
359 86 58 266
360 86 58 266
361 84 58 270
362 81 58 273
363 82 58 273
364 82 58 275
365 81 58 276
366 80 58 278
367 82 58 279
368 82 58 281
369 82 58 281
370 84 58 282
371 85 58 284
372 83 58 286
373 82 60 287
374 81 61 288
375 83 61 289
376 84 61 290
377 88 61 291
378 89 61 292
379 91 61 292
380 94 61 293
381 95 61 293
382 94 62 294
383 93 63 294
384 91 63 296
385 91 63 296
386 88 64 298
387 87 64 299
388 86 65 302
389 89 65 302
390 89 65 303
391 89 65 303
392 91 66 304
393 94 66 305
394 97 66 305
395 96 66 307
396 92 66 311
397 92 67 311
398 91 67 312
399 90 67 313
400 89 68 315
401 93 68 315
402 93 68 317
403 95 68 317
404 92 69 320
405 92 69 322
406 93 69 323
407 92 69 325
408 93 69 326
409 94 69 327
410 89 71 330
411 86 71 334
412 88 71 335
413 90 71 336
414 92 71 336
415 94 71 339
416 93 71 341
417 95 73 342
418 96 75 343
419 99 75 344
420 96 75 349
421 96 76 349
422 97 76 351
423 97 76 352
424 97 76 355
425 99 76 355
426 101 76 355
427 101 76 358
428 100 77 359
429 105 77 360
430 107 77 360
431 109 77 361
432 106 77 364
433 109 77 364
434 112 77 365
435 117 77 365
436 116 77 367
437 118 77 369
438 116 78 371
439 117 78 372
440 119 78 373
441 116 78 378
442 116 78 379
443 116 78 379
444 119 78 380
445 117 79 384
446 119 80 384
447 123 80 386
448 119 81 391
449 122 81 394
450 120 81 399
451 122 81 400
452 120 81 404
453 120 81 405
454 120 82 406
455 118 82 408
456 117 82 410
457 117 82 412
458 117 82 414
459 118 83 415
460 118 83 418
461 119 83 420
462 123 83 420
463 125 83 421
464 126 83 422
465 122 84 426
466 119 84 431
467 118 84 434
468 119 84 435
469 122 84 435
470 121 85 437
471 122 86 439
472 124 87 439
473 127 87 441
474 129 87 444
475 131 87 445
476 132 88 447
477 131 88 449
478 133 88 450
479 133 89 451
480 133 89 452
481 133 89 453
482 136 89 454
483 134 89 458
484 134 90 460
485 137 90 463
486 136 91 466
487 136 91 470
488 140 91 474
489 140 93 476
490 138 94 480
491 136 98 480
492 133 98 484
493 130 99 488
494 132 99 489
495 133 99 491
496 132 99 495
497 133 99 497
498 138 99 498
499 138 99 503
500 140 99 506
501 142 100 508
502 139 100 511
503 141 100 512
504 142 100 514
505 146 100 515
506 147 101 516
507 151 101 518
508 155 101 520
509 151 102 523
510 151 103 526
511 155 103 528
512 152 104 532
513 151 104 536
514 149 105 540
515 151 105 543
516 153 106 543
517 148 109 548
518 147 110 551
519 151 111 552
520 154 112 553
521 153 113 556
522 150 114 560
523 151 115 561
524 151 116 563
525 149 116 565
526 148 116 567
527 152 116 567
528 151 117 570
529 151 117 570
530 153 117 572
531 154 118 573
532 154 119 576
533 148 122 580
534 149 122 583
535 153 122 583
536 157 122 584
537 158 122 587
538 161 123 588
539 161 123 592
540 160 124 594
541 164 125 594
542 160 127 600
543 164 127 605
544 167 127 606
545 171 127 608
546 174 127 609
547 173 128 612
548 178 128 612
549 180 128 613
550 174 128 620
551 177 129 624
552 177 131 625
553 176 131 629
554 181 132 631
555 178 133 635
556 181 133 638
557 179 134 641
558 176 135 644
559 176 136 648
560 180 137 650
561 181 139 650
562 179 139 655
563 183 139 657
564 178 140 663
565 174 143 665
566 174 143 667
567 171 144 673
568 169 147 673
569 171 149 675
570 173 150 677
571 170 151 682
572 172 152 683
573 171 153 685
574 172 155 685
575 170 156 690
576 169 156 692
577 169 158 695
578 170 158 698
579 167 159 703
580 166 162 705
581 163 162 709
582 164 163 709
583 167 163 712
584 168 164 715
585 162 165 720
586 165 166 721
587 164 167 722
588 170 167 723
589 166 168 728
590 169 169 729
591 171 169 729
592 170 170 732
593 170 170 736
594 172 170 737
595 172 171 740
596 165 173 746
597 167 173 749
598 166 173 755
599 167 173 757
600 164 173 762
601 169 173 763
602 172 173 764
603 172 173 767
604 174 173 768
605 176 174 768
606 179 174 769
607 178 175 770
608 178 176 773
609 183 176 775
610 186 176 777
611 184 176 781
612 185 176 783
613 183 179 785
614 184 179 787
615 192 179 788
616 192 179 790
617 193 180 790
618 197 181 792
619 204 183 793
620 208 184 795
621 206 184 799
622 203 184 804
623 210 184 805
624 214 184 806
625 216 184 809
626 218 185 811
627 218 185 814
628 220 185 817
629 223 185 820
630 228 185 824
631 229 186 827
632 225 188 832
633 225 190 837
634 221 192 842
635 219 192 846
636 219 193 848
637 222 194 849
638 224 194 853
639 230 195 853
640 235 196 855
641 235 197 860
642 234 197 864
643 238 199 864
644 236 201 869
645 237 201 873
646 242 201 876
647 246 202 879
648 247 203 882
649 248 205 886
650 249 205 889
651 251 205 892
652 251 205 896
653 244 207 903
654 243 208 909
655 249 208 911
656 249 209 915
657 251 209 920
658 257 210 922
659 257 210 928
660 258 211 931
661 265 211 931
662 265 211 934
663 266 211 940
664 268 212 944
665 264 213 949
666 265 213 956
667 265 213 959
668 262 215 965
669 270 216 966
670 269 216 973
671 276 216 975
672 273 219 979
673 274 222 982
674 275 222 985
675 275 222 988
676 271 225 993
677 273 225 999
678 278 225 1000
679 278 225 1005
680 278 226 1008
681 283 227 1010
682 284 227 1014
683 289 227 1016
684 287 227 1021
685 289 232 1022
686 289 233 1025
687 287 233 1028
688 286 234 1034
689 291 235 1038
690 291 235 1043
691 292 235 1044
692 287 237 1053
693 284 237 1058
694 290 237 1060
695 298 238 1062
696 300 238 1065
697 299 240 1071
698 301 241 1073
699 295 242 1081
700 296 247 1085
701 297 248 1090
702 291 251 1096
703 294 252 1097
704 296 252 1103
705 298 253 1106
706 312 253 1107
707 314 254 1114
708 322 254 1119
709 327 254 1122
710 321 256 1133
711 325 257 1135
712 325 259 1139
713 330 259 1142
714 338 261 1145
715 347 261 1150
716 346 261 1153
717 346 262 1161
718 353 262 1165
719 356 263 1170
720 367 266 1172
721 370 266 1176
722 369 270 1181
723 367 271 1190
724 368 273 1198
725 368 273 1204
726 368 278 1207
727 368 279 1211
728 370 280 1215
729 373 281 1218
730 374 282 1225
731 369 283 1235
732 373 284 1240
733 371 284 1247
734 370 284 1251
735 374 285 1256
736 376 286 1261
737 378 288 1263
738 380 288 1267
739 381 290 1274
740 382 291 1282
741 379 294 1291
742 384 295 1294
743 378 295 1304
744 374 296 1314
745 372 298 1321
746 374 298 1327
747 372 300 1336
748 379 301 1337
749 380 304 1341
750 383 304 1347
751 386 306 1350
752 388 307 1356
753 395 309 1360
754 398 310 1365
755 399 311 1373
756 405 311 1378
757 413 313 1381
758 419 314 1386
759 421 315 1392
760 418 316 1404
761 421 316 1411
762 422 319 1417
763 426 319 1424
764 428 319 1428
765 427 319 1435
766 429 323 1441
767 430 324 1449
768 430 325 1457
769 427 325 1464
770 433 326 1473
771 431 329 1479
772 427 331 1488
773 431 333 1492
774 431 333 1500
775 430 333 1510
776 428 333 1520
777 430 334 1524
778 431 334 1533
779 429 334 1541
780 431 335 1548
781 435 336 1554
782 436 339 1558
783 437 340 1565
784 433 342 1574
785 433 342 1583
786 435 345 1589
787 439 345 1593
788 438 345 1605
789 446 345 1609
790 448 346 1617
791 452 349 1620
792 455 350 1629
793 456 350 1635
794 454 351 1643
795 453 351 1651
796 454 352 1659
797 445 353 1675
798 445 355 1681
799 450 355 1686
800 451 355 1691
801 451 355 1703
802 450 357 1711
803 456 359 1718
804 456 361 1727
805 452 364 1735
806 449 365 1742
807 450 368 1745
808 449 369 1750
809 452 369 1759
810 459 370 1761
811 457 371 1772
812 457 373 1779
813 453 373 1791
814 452 373 1800
815 456 373 1806
816 462 378 1810
817 458 381 1819
818 462 382 1821
819 468 383 1825
820 466 383 1833
821 473 384 1838
822 478 384 1842
823 477 385 1850
824 489 385 1855
825 494 388 1856
826 495 391 1863
827 496 392 1876
828 500 395 1887
829 509 397 1892
830 502 400 1900
831 501 402 1912
832 500 402 1919
833 506 403 1923
834 517 406 1929
835 521 408 1937
836 508 412 1950
837 506 415 1958
838 508 415 1969
839 510 417 1975
840 511 417 1984
841 509 418 1994
842 514 418 2000
843 519 419 2007
844 527 420 2013
845 535 422 2017
846 541 423 2025
847 547 426 2029
848 544 429 2039
849 539 430 2047
850 539 432 2059
851 544 437 2061
852 553 438 2068
853 558 439 2073
854 554 442 2083
855 555 445 2089
856 556 445 2100
857 558 449 2106
858 561 451 2113
859 562 453 2123
860 561 455 2131
861 560 459 2140
862 560 462 2148
863 561 465 2155
864 568 468 2165
865 570 470 2173
866 564 472 2185
867 564 473 2193
868 574 473 2200
869 570 475 2208
870 567 480 2216
871 565 481 2229
872 568 485 2238
873 568 486 2248
874 565 490 2261
875 569 490 2268
876 571 493 2278
877 574 495 2290
878 580 497 2296
879 583 500 2308
880 579 502 2320
881 583 507 2328
882 579 508 2340
883 584 511 2346
884 583 511 2358
885 578 515 2367
886 583 519 2372
887 586 522 2376
888 588 522 2383
889 587 525 2392
890 582 528 2404
891 579 529 2412
892 569 532 2426
893 569 535 2434
894 569 536 2447
895 569 540 2456
896 567 542 2466
897 575 543 2471
898 574 546 2481
899 578 549 2489
900 583 550 2501
901 587 552 2509
902 592 554 2517
903 589 556 2528
904 593 556 2538
905 593 562 2542
906 596 563 2553
907 597 564 2565
908 605 566 2572
909 612 569 2579
910 613 572 2587
911 613 574 2594
912 610 575 2606
913 618 577 2613
914 620 580 2625
915 628 580 2635
916 622 584 2647
917 619 588 2655
918 619 589 2665
919 625 591 2677
920 628 592 2690
921 627 594 2697
922 634 595 2708
923 639 595 2719
924 641 598 2733
925 628 604 2750
926 630 605 2763
927 634 607 2775
928 644 611 2779
929 646 614 2788
930 642 617 2796
931 649 621 2802
932 655 624 2812
933 651 628 2823
934 647 633 2836
935 651 637 2846
936 663 639 2853
937 668 641 2862
938 664 645 2873
939 668 648 2886
940 669 649 2896
941 678 653 2903
942 681 658 2908
943 677 658 2920
944 678 662 2930
945 692 663 2937
946 692 665 2949
947 696 670 2960
948 692 673 2975
949 692 676 2990
950 692 678 2999
951 693 679 3011
952 692 680 3019
953 696 683 3029
954 704 687 3037
955 710 692 3046
956 689 693 3078
957 689 695 3088
958 691 698 3097
959 685 701 3109
960 686 705 3118
961 694 705 3125
962 686 707 3141
963 701 708 3145
964 716 708 3156
965 713 712 3172
966 713 714 3181
967 711 718 3193
968 717 718 3201
969 715 722 3214
970 720 724 3217
971 722 725 3231
972 720 726 3246
973 729 728 3255
974 732 731 3265
975 738 732 3274
976 749 733 3284
977 748 738 3297
978 738 742 3311
979 740 742 3324
980 741 744 3342
981 742 746 3353
982 751 752 3363
983 757 755 3372
984 756 760 3386
985 761 765 3396
986 762 770 3409
987 759 773 3423
988 768 776 3433
989 779 778 3438
990 781 782 3446
991 782 785 3457
992 782 788 3470
993 788 794 3478
994 793 795 3487
995 803 798 3496
996 810 801 3508
997 821 802 3515
998 822 804 3530
999 822 806 3542
1000 820 810 3554
1001 822 812 3571
1002 814 818 3590
1003 810 821 3604
1004 808 825 3615
1005 812 826 3629
1006 815 828 3640
1007 819 833 3651
1008 814 839 3665
1009 828 841 3671
1010 824 845 3682
1011 823 846 3694
1012 830 850 3705
1013 841 851 3720
1014 844 861 3732
1015 845 866 3747
1016 842 872 3759
1017 842 877 3772
1018 831 882 3792
1019 829 885 3808
1020 823 887 3825
1021 827 888 3840
1022 837 888 3852
1023 843 890 3861
1024 850 896 3871
1025 856 898 3880
1026 857 902 3892
1027 855 907 3906
1028 859 911 3913
1029 853 917 3923
1030 850 921 3945
1031 850 924 3961
1032 860 930 3974
1033 864 933 3983
1034 864 937 3997
1035 866 940 4012
1036 868 942 4029
1037 874 944 4038
1038 875 947 4052
1039 883 948 4061
1040 885 951 4077
1041 886 955 4093
1042 890 957 4104
1043 891 962 4118
1044 891 963 4137
1045 892 965 4148
1046 892 967 4162
1047 890 968 4178
1048 893 971 4195
1049 898 973 4207
1050 902 975 4215
1051 894 980 4234
1052 899 982 4251
1053 903 984 4266
1054 911 985 4279
1055 912 987 4293
1056 908 992 4310
1057 916 994 4320
1058 920 997 4336
1059 931 1004 4348
1060 924 1009 4365
1061 934 1011 4379
1062 942 1014 4393
1063 944 1018 4405
1064 945 1019 4421
1065 944 1021 4445
1066 946 1026 4460
1067 961 1030 4469
1068 961 1033 4487
1069 967 1038 4502
1070 963 1042 4520
1071 963 1046 4536
1072 974 1046 4546
1073 976 1052 4559
1074 974 1055 4573
1075 985 1057 4580
1076 990 1060 4594
1077 995 1062 4608
1078 998 1064 4623
1079 997 1066 4642
1080 999 1069 4660
1081 1001 1073 4678
1082 1005 1080 4695
1083 1010 1080 4710
1084 1008 1084 4727
1085 1019 1087 4735
1086 1026 1094 4750
1087 1031 1095 4764
1088 1035 1098 4779
1089 1039 1101 4801
1090 1042 1108 4814
1091 1048 1114 4826
1092 1033 1120 4857
1093 1034 1125 4867
1094 1027 1131 4890
1095 1025 1134 4915
1096 1023 1139 4932
1097 1022 1144 4953
1098 1026 1147 4968
1099 1010 1153 4993
1100 1019 1156 5003
1101 1033 1158 5012
1102 1048 1159 5020
1103 1051 1164 5038
1104 1058 1166 5053
1105 1055 1168 5071
1106 1062 1172 5084
1107 1068 1174 5099
1108 1071 1181 5115
1109 1080 1185 5128
1110 1083 1190 5145
1111 1075 1198 5166
1112 1081 1203 5178
1113 1082 1213 5194
1114 1083 1218 5211
1115 1074 1227 5232
1116 1075 1232 5248
1117 1074 1239 5269
1118 1085 1242 5278
1119 1082 1245 5297
1120 1082 1252 5308
1121 1089 1256 5325
1122 1102 1258 5335
1123 1088 1263 5363
1124 1095 1265 5378
1125 1097 1266 5400
1126 1092 1272 5419
1127 1099 1275 5434
1128 1104 1277 5450
1129 1098 1282 5467
1130 1093 1286 5489
1131 1090 1293 5507
1132 1095 1296 5523
1133 1101 1300 5537
1134 1103 1301 5551
1135 1107 1305 5559
1136 1107 1307 5576
1137 1112 1313 5592
1138 1111 1320 5611
1139 1101 1328 5634
1140 1113 1331 5653
1141 1119 1336 5664
1142 1124 1341 5678
1143 1129 1343 5695
1144 1135 1349 5711
1145 1134 1357 5731
1146 1131 1364 5744
1147 1132 1368 5766
1148 1137 1372 5781
1149 1145 1377 5798
1150 1160 1380 5816
1151 1164 1382 5834
1152 1175 1387 5845
1153 1181 1392 5860
1154 1169 1398 5888
1155 1174 1403 5904
1156 1177 1406 5917
1157 1196 1408 5930
1158 1205 1412 5949
1159 1216 1417 5961
1160 1212 1423 5988
1161 1216 1432 6006
1162 1214 1435 6024
1163 1230 1442 6037
1164 1237 1443 6052
1165 1236 1451 6069
1166 1239 1452 6092
1167 1244 1458 6103
1168 1258 1464 6114
1169 1270 1466 6129
1170 1285 1469 6148
1171 1277 1482 6174
1172 1273 1486 6195
1173 1291 1488 6204
1174 1280 1495 6228
1175 1284 1506 6240
1176 1290 1513 6261
1177 1288 1520 6280
1178 1302 1522 6296
1179 1304 1533 6312
1180 1307 1538 6327
1181 1319 1541 6344
1182 1312 1546 6363
1183 1314 1551 6383
1184 1317 1556 6405
1185 1313 1564 6432
1186 1313 1573 6453
1187 1313 1575 6481
1188 1310 1583 6504
1189 1327 1587 6521
1190 1339 1591 6534
1191 1352 1598 6550
1192 1362 1604 6567
1193 1358 1610 6588
1194 1351 1617 6610
1195 1348 1623 6633
1196 1340 1626 6658
1197 1350 1632 6672
1198 1359 1637 6690
1199 1373 1638 6707
1200 1385 1647 6723
1201 1391 1651 6746
1202 1399 1654 6769
1203 1415 1658 6787
1204 1417 1662 6802
1205 1419 1668 6822
1206 1434 1672 6844
1207 1448 1676 6867
1208 1454 1684 6883
1209 1466 1692 6900
1210 1478 1694 6923
1211 1490 1699 6944
1212 1493 1708 6966
1213 1493 1715 6992
1214 1502 1719 7016
1215 1495 1725 7044
1216 1502 1726 7069
1217 1501 1729 7085
1218 1512 1732 7103
1219 1502 1737 7135
1220 1496 1742 7158
1221 1514 1748 7169
1222 1505 1757 7191
1223 1509 1769 7211
1224 1516 1773 7229
1225 1518 1777 7251
1226 1523 1785 7268
1227 1521 1791 7294
1228 1532 1797 7315
1229 1556 1797 7327
1230 1570 1799 7350
1231 1575 1806 7377
1232 1585 1807 7396
1233 1579 1811 7428
1234 1571 1816 7457
1235 1585 1822 7478
1236 1580 1827 7509
1237 1591 1828 7532
1238 1600 1829 7556
1239 1595 1834 7581
1240 1619 1838 7599
1241 1625 1841 7624
1242 1619 1843 7650
1243 1623 1847 7682
1244 1611 1855 7708
1245 1626 1863 7725
1246 1631 1867 7747
1247 1629 1874 7773
1248 1637 1880 7792
1249 1648 1882 7819
1250 1656 1886 7846
1251 1661 1894 7867
1252 1673 1901 7897
1253 1693 1905 7916
1254 1689 1910 7949
1255 1692 1917 7974
1256 1700 1928 7997
1257 1694 1938 8025
1258 1703 1943 8050
1259 1710 1953 8077
1260 1721 1956 8099
1261 1731 1961 8120
1262 1737 1968 8141
1263 1739 1973 8166
1264 1751 1977 8190
1265 1752 1981 8215
1266 1753 1987 8243
1267 1750 1991 8279
1268 1746 1997 8307
1269 1745 2000 8337
1270 1751 2005 8370
1271 1759 2012 8391
1272 1748 2021 8425
1273 1741 2031 8457
1274 1759 2043 8474
1275 1769 2049 8503
1276 1776 2058 8527
1277 1793 2066 8546
1278 1813 2067 8572
1279 1820 2077 8598
1280 1824 2081 8622
1281 1833 2086 8646
1282 1836 2091 8675
1283 1829 2099 8709
1284 1839 2106 8729
1285 1860 2112 8749
1286 1863 2122 8776
1287 1870 2133 8797
1288 1875 2139 8822
1289 1897 2143 8847
1290 1901 2149 8882
1291 1900 2155 8915
1292 1902 2162 8952
1293 1910 2170 8972
1294 1920 2174 8995
1295 1927 2182 9030
1296 1955 2186 9057
1297 1960 2191 9083
1298 1958 2198 9112
1299 1962 2204 9142
1300 1973 2214 9175
1301 1988 2218 9202
1302 1998 2224 9232
1303 1999 2233 9265
1304 2002 2238 9296
1305 2000 2243 9333
1306 2024 2249 9362
1307 2028 2255 9390
1308 2031 2260 9427
1309 2040 2267 9457
1310 2057 2275 9481
1311 2060 2283 9517
1312 2086 2290 9540
1313 2092 2297 9568
1314 2102 2303 9595
1315 2112 2312 9629
1316 2130 2321 9659
1317 2141 2325 9688
1318 2133 2337 9724
1319 2129 2348 9759
1320 2118 2355 9787
1321 2131 2362 9818
1322 2132 2374 9845
1323 2133 2381 9876
1324 2140 2388 9910
1325 2153 2397 9932
1326 2162 2402 9968
1327 2175 2404 10002
1328 2198 2406 10028
1329 2205 2415 10059
1330 2203 2425 10096
1331 2216 2431 10130
1332 2221 2443 10172
1333 2230 2451 10205
1334 2247 2454 10248
1335 2243 2464 10280
1336 2261 2469 10301
1337 2263 2474 10335
1338 2265 2481 10377
1339 2263 2487 10414
1340 2270 2497 10447
1341 2276 2502 10477
1342 2273 2517 10509
1343 2275 2526 10543
1344 2303 2534 10570
1345 2313 2552 10594
1346 2325 2558 10621
1347 2323 2569 10656
1348 2324 2578 10692
1349 2338 2588 10723
1350 2330 2600 10763
1351 2344 2613 10795
1352 2352 2620 10830
1353 2372 2626 10858
1354 2392 2631 10884
1355 2387 2643 10923
1356 2409 2651 10951
1357 2424 2657 10979
1358 2429 2668 11017
1359 2435 2677 11054
1360 2448 2684 11092
1361 2448 2695 11134
1362 2450 2705 11168
1363 2458 2714 11210
1364 2453 2728 11251
1365 2447 2736 11296
1366 2460 2742 11334
1367 2472 2752 11371
1368 2469 2759 11406
1369 2481 2773 11442
1370 2482 2779 11487
1371 2506 2787 11523
1372 2491 2794 11578
1373 2503 2800 11616
1374 2522 2811 11651
1375 2535 2823 11691
1376 2568 2828 11722
1377 2562 2841 11771
1378 2564 2851 11808
1379 2558 2862 11860
1380 2563 2874 11899
1381 2582 2881 11935
1382 2601 2893 11974
1383 2594 2901 12015
1384 2631 2909 12040
1385 2644 2913 12093
1386 2656 2928 12130
1387 2687 2936 12167
1388 2691 2950 12206
1389 2701 2960 12246
1390 2716 2973 12282
1391 2720 2985 12320
1392 2711 3001 12369
1393 2740 3010 12403
1394 2747 3027 12454
1395 2759 3038 12495
1396 2756 3051 12540
1397 2768 3062 12576
1398 2765 3077 12625
1399 2760 3092 12674
1400 2757 3109 12716
1401 2763 3121 12765
1402 2766 3131 12812
1403 2786 3146 12848
1404 2790 3153 12883
1405 2805 3165 12922
1406 2810 3173 12970
1407 2811 3184 13012
1408 2826 3192 13049
1409 2825 3202 13094
1410 2841 3214 13127
1411 2860 3225 13168
1412 2895 3230 13214
1413 2911 3243 13257
1414 2925 3254 13295
1415 2924 3266 13352
1416 2924 3278 13404
1417 2940 3285 13450
1418 2959 3295 13495
1419 2951 3311 13546
1420 2958 3321 13593
1421 2967 3333 13639
1422 2975 3343 13682
1423 2993 3355 13717
1424 2995 3367 13766
1425 2986 3378 13820
1426 2988 3389 13867
1427 3005 3400 13914
1428 3004 3413 13951
1429 3012 3421 13994
1430 3006 3430 14042
1431 3015 3443 14092
1432 3044 3452 14124
1433 3041 3464 14173
1434 3051 3467 14225
1435 3091 3476 14259
1436 3119 3485 14296
1437 3137 3499 14338
1438 3155 3508 14382
1439 3154 3519 14426
1440 3172 3530 14469
1441 3195 3541 14509
1442 3203 3553 14552
1443 3201 3567 14604
1444 3208 3580 14653
1445 3225 3591 14704
1446 3228 3607 14761
1447 3225 3620 14810
1448 3232 3630 14869
1449 3247 3645 14916
1450 3269 3656 14964
1451 3265 3670 15022
1452 3280 3684 15069
1453 3279 3700 15125
1454 3282 3720 15172
1455 3319 3732 15209
1456 3314 3749 15258
1457 3323 3761 15306
1458 3313 3780 15365
1459 3302 3794 15420
1460 3333 3800 15468
1461 3350 3810 15516
1462 3354 3826 15562
1463 3365 3840 15620
1464 3387 3846 15660
1465 3416 3861 15696
1466 3430 3870 15751
1467 3416 3884 15818
1468 3434 3892 15878
1469 3445 3900 15933
1470 3438 3919 15991
1471 3445 3929 16035
1472 3463 3941 16094
1473 3486 3952 16148
1474 3495 3967 16191
1475 3508 3982 16243
1476 3520 3999 16292
1477 3534 4010 16352
1478 3545 4020 16420
1479 3554 4034 16470
1480 3557 4054 16520
1481 3552 4073 16583
1482 3571 4079 16635
1483 3576 4099 16685
1484 3605 4111 16731
1485 3621 4120 16786
1486 3644 4136 16831
1487 3664 4156 16871
1488 3677 4168 16933
1489 3688 4182 16985
1490 3682 4202 17041
1491 3686 4217 17108
1492 3698 4232 17172
1493 3708 4250 17220
1494 3710 4267 17279
1495 3706 4285 17334
1496 3720 4299 17389
1497 3728 4311 17452
1498 3748 4328 17501
1499 3787 4333 17556
1500 3791 4349 17613
1501 3801 4359 17670
1502 3812 4368 17725
1503 3831 4381 17778
1504 3848 4391 17834
1505 3870 4410 17886
1506 3871 4420 17955
1507 3885 4436 18004
1508 3889 4446 18080
1509 3921 4456 18127
1510 3938 4461 18190
1511 3946 4478 18251
1512 3957 4496 18301
1513 3992 4514 18349
1514 4019 4529 18404
1515 4013 4547 18470
1516 4029 4566 18520
1517 4040 4581 18583
1518 4072 4593 18639
1519 4088 4606 18705
1520 4102 4622 18763
1521 4114 4633 18829
1522 4139 4644 18884
1523 4162 4651 18943
1524 4167 4661 19009
1525 4175 4675 19079
1526 4191 4689 19144
1527 4234 4705 19199
1528 4250 4723 19259
1529 4281 4736 19312
1530 4293 4751 19375
1531 4304 4766 19442
1532 4330 4783 19497
1533 4374 4798 19553
1534 4393 4815 19612
1535 4391 4828 19686
1536 4410 4842 19746
1537 4419 4857 19811
1538 4438 4876 19863
1539 4451 4891 19931
1540 4487 4905 19985
1541 4513 4919 20038
1542 4540 4934 20104
1543 4545 4951 20173
1544 4544 4966 20242
1545 4583 4977 20309
1546 4590 4996 20385
1547 4612 5009 20441
1548 4603 5026 20521
1549 4599 5046 20597
1550 4634 5060 20647
1551 4651 5073 20722
1552 4665 5091 20788
1553 4660 5105 20864
1554 4668 5125 20931
1555 4681 5138 21007
1556 4707 5151 21091
1557 4727 5161 21160
1558 4745 5171 21238
1559 4768 5187 21302
1560 4777 5205 21376
1561 4801 5232 21437
1562 4805 5246 21529
1563 4832 5260 21592
1564 4855 5273 21659
1565 4854 5289 21736
1566 4857 5305 21812
1567 4873 5329 21890
1568 4878 5346 21979
1569 4902 5363 22046
1570 4922 5382 22126
1571 4949 5400 22185
1572 4958 5420 22267
1573 4972 5443 22338
1574 4982 5465 22417
1575 4984 5477 22514
1576 4999 5496 22592
1577 4996 5514 22665
1578 5010 5535 22747
