0 50 0 0
1 51 0 0
2 49 1 1
3 49 2 1
4 49 2 2
5 48 3 3
6 49 3 4
7 48 3 5
8 48 3 5
9 47 3 6
10 45 4 7
11 43 4 9
12 44 4 10
13 43 4 11
14 40 4 14
15 40 4 14
16 39 4 16
17 42 4 16
18 43 4 16
19 44 4 16
20 43 4 18
21 44 4 18
22 45 4 18
23 45 5 18
24 43 6 20
25 42 6 21
26 43 6 21
27 44 6 21
28 44 6 21
29 44 6 22
30 44 6 22
31 44 6 22
32 44 6 22
33 45 6 23
34 47 6 23
35 48 6 23
36 50 6 23
37 49 6 24
38 50 6 25
39 49 6 26
40 50 6 27
41 48 6 30
42 48 6 31
43 48 6 31
44 46 6 33
45 48 6 33
46 47 6 34
47 45 6 38
48 45 6 40
49 45 6 40
50 44 6 41
51 44 6 41
52 43 6 43
53 42 6 45
54 41 7 46
55 41 7 46
56 42 7 47
57 47 7 47
58 47 7 48
59 46 7 49
60 44 8 50
61 45 8 50
62 46 8 50
63 48 8 50
64 48 9 50
65 47 9 52
66 48 9 52
67 47 9 53
68 47 9 53
69 47 9 54
70 47 9 54
71 48 9 54
72 48 9 54
73 46 9 56
74 46 9 56
75 46 9 57
76 48 9 57
77 49 9 58
78 51 9 58
79 51 9 59
80 52 10 59
81 51 11 60
82 54 11 60
83 53 11 61
84 54 11 61
85 59 11 61
86 60 11 61
87 61 11 61
88 62 11 61
89 61 11 62
90 62 11 62
91 62 11 64
92 62 11 64
93 62 11 64
94 60 11 67
95 61 11 69
96 60 11 70
97 63 11 71
98 62 12 72
99 63 13 72
100 63 13 74
101 62 13 77
102 63 13 79
103 65 13 79
104 67 13 79
105 67 13 80
106 69 13 80
107 70 13 80
108 69 13 81
109 71 13 82
110 74 13 83
111 74 15 83
112 73 15 84
113 69 17 88
114 71 17 89
115 70 17 90
116 70 17 90
117 68 17 92
118 66 17 94
119 68 17 94
120 69 17 94
121 70 17 94
122 70 17 94
123 68 17 97
124 68 17 97
125 66 17 99
126 67 17 99
127 72 17 99
128 73 17 99
129 71 17 101
130 67 19 103
131 66 19 104
132 67 20 105
133 65 22 106
134 67 22 107
135 66 22 108
136 69 22 108
137 69 22 108
138 68 23 110
139 69 23 110
140 70 23 111
141 70 23 113
142 72 23 114
143 73 23 116
144 73 23 117
145 72 23 118
146 74 23 118
147 74 23 118
148 73 23 120
149 76 23 120
150 77 24 120
151 78 25 120
152 78 25 121
153 78 26 122
154 78 27 123
155 79 27 123
156 82 27 123
157 85 27 124
158 86 27 124
159 87 28 125
160 87 28 127
161 86 28 129
162 86 29 130
163 87 29 131
164 84 29 134
165 83 29 137
166 83 29 138
167 83 29 139
168 80 30 141
169 82 30 142
170 82 30 143
171 83 30 146
172 82 31 147
173 81 31 149
174 80 31 150
175 79 31 152
176 79 31 153
177 80 31 154
178 79 31 156
179 80 31 157
180 83 31 158
181 82 32 158
182 81 34 158
183 80 34 159
184 83 34 160
185 81 35 161
186 83 35 161
187 83 35 162
188 86 35 162
189 88 35 162
190 89 35 163
191 92 35 164
192 91 35 165
193 93 35 167
194 90 35 170
195 91 35 171
196 89 35 175
197 89 35 178
198 89 35 180
199 92 35 180
200 90 36 181
201 91 36 181
202 90 36 183
203 92 37 184
204 93 37 186
205 97 37 187
206 96 37 189
207 97 37 190
208 96 37 193
209 99 37 194
210 98 37 195
211 98 38 198
212 102 38 198
213 101 38 200
214 104 38 200
215 105 39 200
216 104 39 202
217 107 40 202
218 107 40 204
219 105 41 206
220 104 41 208
221 104 41 208
222 105 41 208
223 108 41 208
224 108 42 210
225 109 43 210
226 106 43 214
227 107 43 214
228 111 43 214
229 111 43 216
230 110 44 217
231 110 45 218
232 111 46 219
233 109 48 220
234 111 50 220
235 109 52 221
236 111 52 223
237 106 52 229
238 107 52 232
239 109 52 232
240 113 52 235
241 112 53 236
242 110 53 239
243 110 54 240
244 107 54 243
245 109 54 244
246 113 54 245
247 114 54 246
248 115 54 249
249 112 56 251
250 110 57 253
251 111 57 254
252 110 58 255
253 113 59 257
254 117 59 258
255 115 59 261
256 113 59 263
257 114 59 265
258 115 60 267
259 115 60 268
260 117 60 268
261 119 60 268
262 120 61 268
263 119 61 269
264 114 62 274
265 113 62 276
266 113 63 277
267 113 63 278
268 117 63 279
269 118 63 279
270 120 63 280
271 122 65 281
272 118 66 285
273 121 66 286
274 121 67 287
275 121 67 287
276 123 67 288
277 123 67 291
278 122 67 293
279 123 67 295
280 127 67 299
281 127 68 300
282 125 69 304
283 129 70 304
284 127 70 307
285 126 70 308
286 130 70 308
287 129 70 310
288 131 70 312
289 128 71 316
290 131 71 317
291 130 71 318
292 128 72 321
293 126 72 325
294 127 72 326
295 126 73 330
296 126 74 331
297 127 74 332
298 128 75 333
299 130 75 333
300 130 75 337
301 132 75 339
302 134 76 340
303 137 76 341
304 136 76 343
305 138 76 344
306 139 76 345
307 140 76 347
308 135 76 352
309 138 76 353
310 140 77 354
311 138 78 356
312 135 79 361
313 134 80 361
314 133 80 364
315 132 81 366
316 130 81 370
317 126 82 373
318 126 83 374
319 123 84 377
320 123 85 379
321 126 85 380
322 125 86 381
323 126 86 382
324 126 87 382
325 130 88 382
326 126 89 386
327 126 89 387
328 124 90 389
329 125 90 389
330 123 92 390
331 119 93 396
332 119 93 399
333 114 93 404
334 114 93 406
335 117 93 407
336 118 93 409
337 120 94 411
338 121 94 411
339 120 94 415
340 120 95 416
341 117 95 420
342 117 95 423
343 119 95 425
344 117 95 429
345 117 96 431
346 119 97 432
347 120 97 433
348 122 97 436
349 122 98 440
350 122 98 442
351 123 98 443
352 129 98 443
353 129 98 445
354 131 98 446
355 134 98 447
356 139 99 447
357 138 99 451
358 136 100 453
359 134 100 455
360 135 101 457
361 134 101 461
362 133 102 464
363 134 102 465
364 137 103 467
365 139 103 469
366 141 104 470
367 145 104 470
368 145 108 471
369 142 109 476
370 143 111 477
371 147 112 478
372 151 112 483
373 157 113 485
374 159 113 485
375 161 113 489
376 154 114 495
377 154 115 497
378 156 115 500
379 154 116 503
380 152 117 506
381 152 119 507
382 148 121 511
383 147 121 514
384 143 122 518
385 144 122 521
386 144 123 523
387 147 124 523
388 149 124 525
389 151 125 525
390 151 125 527
391 151 125 529
392 150 125 534
393 151 127 535
394 154 127 536
395 154 127 538
396 160 127 539
397 160 127 544
398 165 127 544
399 166 128 547
400 165 128 550
401 164 128 553
402 165 128 555
403 164 128 558
404 164 128 562
405 164 129 566
406 163 130 567
407 165 130 572
408 163 130 577
409 168 130 578
410 170 130 580
411 168 130 585
412 166 130 590
413 166 130 594
414 167 130 594
415 168 130 595
416 168 130 597
417 165 130 603
418 163 131 606
419 166 132 608
420 170 133 608
421 168 133 611
422 167 134 613
423 169 134 615
424 173 134 618
425 175 135 621
426 176 135 624
427 180 135 626
428 181 135 629
429 179 135 632
430 181 135 634
431 181 135 636
432 184 135 636
433 184 136 638
434 185 136 639
435 184 136 642
436 183 138 644
437 186 138 645
438 191 138 646
439 193 138 650
440 192 139 652
441 194 140 655
442 196 141 658
443 198 141 660
444 204 141 661
445 207 141 662
446 205 142 666
447 204 143 667
448 202 144 670
449 197 144 676
450 202 145 679
451 205 146 683
452 207 146 687
453 208 146 692
454 206 148 696
455 205 149 700
456 210 149 702
457 214 149 702
458 216 149 706
459 220 149 711
460 217 149 718
461 219 149 723
462 220 150 726
463 221 150 730
464 219 150 733
465 220 150 736
466 222 150 739
467 224 151 741
468 224 152 745
469 229 152 746
470 230 154 750
471 227 154 757
472 226 154 762
473 226 154 768
474 231 155 771
475 232 155 774
476 231 155 779
477 232 155 783
478 240 155 786
479 235 156 794
480 234 157 801
481 233 158 804
482 233 158 810
483 239 158 812
484 241 160 815
485 239 160 818
486 235 160 825
487 237 160 828
488 238 160 833
489 238 160 837
490 241 161 840
491 246 163 841
492 247 164 844
493 250 165 845
494 248 167 848
495 252 169 851
496 252 171 855
497 251 172 859
498 250 174 862
499 249 175 866
500 255 176 867
501 259 176 872
502 259 177 876
503 259 177 880
504 259 178 884
505 259 180 887
506 254 181 892
507 251 182 898
508 253 183 902
509 250 183 906
510 247 184 912
511 244 185 915
512 250 186 915
513 256 187 917
514 257 187 920
515 252 188 928
516 261 188 929
517 271 189 931
518 273 190 933
519 272 190 939
520 271 192 941
521 273 192 943
522 268 192 953
523 268 192 958
524 269 193 961
525 270 194 965
526 271 197 968
527 274 197 971
528 277 198 974
529 281 199 976
530 281 200 981
531 280 203 987
532 281 203 990
533 287 203 993
534 293 203 996
535 292 204 1003
536 298 206 1006
537 302 207 1007
538 309 207 1009
539 308 208 1014
540 318 208 1016
541 328 208 1018
542 332 210 1024
543 331 212 1030
544 328 214 1038
545 333 217 1047
546 338 219 1049
547 342 219 1055
548 344 219 1063
549 346 220 1065
550 349 223 1068
551 354 224 1074
552 351 227 1080
553 355 228 1082
554 362 229 1084
555 361 234 1090
556 365 236 1097
557 369 238 1101
558 371 239 1105
559 372 240 1109
560 373 240 1117
561 372 244 1123
562 367 247 1128
563 366 248 1136
564 367 248 1143
565 362 249 1155
566 359 249 1163
567 364 251 1168
568 367 254 1172
569 368 256 1175
570 370 259 1180
571 374 261 1185
572 374 263 1193
573 365 265 1205
574 370 267 1210
575 372 267 1216
576 379 267 1219
577 378 268 1222
578 379 270 1229
579 375 270 1239
580 381 274 1240
581 378 275 1250
582 376 276 1258
583 385 276 1260
584 383 278 1269
585 376 280 1279
586 377 280 1284
587 380 284 1287
588 379 288 1294
589 383 289 1299
590 384 289 1306
591 390 290 1310
592 388 291 1314
593 387 295 1323
594 392 297 1328
595 385 299 1339
596 388 299 1343
597 389 299 1346
598 391 300 1351
599 394 303 1361
600 396 306 1367
601 400 306 1369
602 409 306 1375
603 408 306 1380
604 407 307 1388
605 410 308 1393
606 413 309 1399
607 415 309 1407
608 412 312 1414
609 416 313 1420
610 413 316 1428
611 424 318 1433
612 422 320 1440
613 422 320 1446
614 420 324 1451
615 424 324 1457
616 422 325 1464
617 419 327 1470
618 423 328 1475
619 418 330 1482
620 420 331 1487
621 412 337 1494
622 411 338 1504
623 407 339 1512
624 407 342 1515
625 414 344 1518
626 422 344 1523
627 422 347 1528
628 433 348 1532
629 442 348 1536
630 438 351 1544
631 443 351 1550
632 457 352 1554
633 454 354 1562
634 449 358 1570
635 447 359 1579
636 452 359 1585
637 451 360 1593
638 450 362 1602
639 452 367 1609
640 455 368 1616
641 456 371 1622
642 461 372 1627
643 459 375 1633
644 456 379 1642
645 463 381 1647
646 469 383 1651
647 474 383 1660
648 477 385 1666
649 474 390 1673
650 485 390 1675
651 477 392 1690
652 481 394 1695
653 478 398 1703
654 478 399 1711
655 483 400 1719
656 488 401 1728
657 486 402 1736
658 487 404 1743
659 494 404 1747
660 496 406 1758
661 498 407 1764
662 502 410 1770
663 498 413 1782
664 504 416 1788
665 504 420 1796
666 498 421 1813
667 504 422 1818
668 498 423 1827
669 504 424 1834
670 504 425 1845
671 500 428 1857
672 505 430 1861
673 509 431 1869
674 517 432 1876
675 504 433 1892
676 514 433 1897
677 513 436 1903
678 510 439 1912
679 511 442 1921
680 508 445 1930
681 507 447 1939
682 515 448 1946
683 520 453 1952
684 526 455 1957
685 529 458 1963
686 527 461 1975
687 519 466 1986
688 521 471 1992
689 519 474 2001
690 517 478 2009
691 521 479 2018
692 524 480 2027
693 532 480 2033
694 537 481 2044
695 532 482 2057
696 533 484 2068
697 536 486 2077
698 537 490 2084
699 533 493 2100
700 530 499 2107
701 531 501 2113
702 538 501 2119
703 535 503 2129
704 535 505 2136
705 543 505 2143
706 551 507 2149
707 563 510 2154
708 565 513 2161
709 565 514 2168
710 564 516 2181
711 560 519 2188
712 562 521 2197
713 571 523 2203
714 571 524 2210
715 569 526 2218
716 563 530 2231
717 564 532 2239
718 572 535 2244
719 576 536 2251
720 571 536 2263
721 571 538 2274
722 576 540 2282
723 575 541 2290
724 583 544 2296
725 592 544 2303
726 593 545 2309
727 592 547 2319
728 603 550 2325
729 611 554 2329
730 612 557 2341
731 613 557 2356
732 626 558 2365
733 629 559 2374
734 621 561 2386
735 627 563 2396
736 620 573 2408
737 613 573 2421
738 616 575 2429
739 616 580 2437
740 618 581 2449
741 613 582 2460
742 613 585 2473
743 621 588 2479
744 624 592 2485
745 632 596 2492
746 635 599 2501
747 637 602 2508
748 634 609 2516
749 635 613 2527
750 634 614 2540
751 632 617 2549
752 637 623 2556
753 631 626 2570
754 638 628 2577
755 639 629 2586
756 643 631 2592
757 642 634 2600
758 645 636 2610
759 643 640 2617
760 653 641 2623
761 659 641 2633
762 671 641 2637
763 670 641 2650
764 669 645 2664
765 676 645 2672
766 682 649 2679
767 684 651 2693
768 688 655 2704
769 689 660 2714
770 688 662 2722
771 689 665 2737
772 701 670 2744
773 711 674 2753
774 693 680 2771
775 690 686 2778
776 685 688 2793
777 686 694 2801
778 681 698 2811
779 684 701 2821
780 679 708 2836
781 677 714 2845
782 684 714 2854
783 694 716 2858
784 700 719 2865
785 698 723 2876
786 703 724 2884
787 705 726 2896
788 707 728 2911
789 711 730 2923
790 706 735 2933
791 698 740 2948
792 701 746 2954
793 710 748 2966
794 707 750 2978
795 705 754 2985
796 696 756 3001
797 695 761 3012
798 690 763 3027
799 677 767 3044
800 683 772 3048
801 683 773 3055
802 684 777 3065
803 686 777 3074
804 677 779 3088
805 682 781 3095
806 677 787 3107
807 686 788 3114
808 691 791 3124
809 698 793 3132
810 707 794 3141
811 712 795 3151
812 717 797 3162
813 723 799 3174
814 722 804 3184
815 716 809 3194
816 708 812 3208
817 703 819 3216
818 710 822 3221
819 715 825 3233
820 720 828 3240
821 718 831 3249
822 725 832 3260
823 734 833 3266
824 728 835 3282
825 736 838 3292
826 737 843 3302
827 739 845 3311
828 744 845 3324
829 746 846 3335
830 743 851 3347
831 745 855 3361
832 749 855 3374
833 754 858 3384
834 769 862 3391
835 780 863 3399
836 789 865 3406
837 781 867 3422
838 788 868 3428
839 793 872 3433
840 793 875 3454
841 791 882 3464
842 793 884 3474
843 805 890 3482
844 807 891 3492
845 804 894 3507
846 801 901 3517
847 812 906 3523
848 812 907 3537
849 814 913 3551
850 811 917 3564
851 818 921 3578
852 827 924 3587
853 838 925 3597
854 833 929 3611
855 830 932 3629
856 836 935 3645
857 836 936 3658
858 851 937 3664
859 847 941 3678
860 846 946 3689
861 840 950 3705
862 850 953 3711
863 847 955 3723
864 841 960 3736
865 846 964 3750
866 840 968 3765
867 841 973 3780
868 839 978 3792
869 840 980 3804
870 844 985 3808
871 855 989 3814
872 857 994 3832
873 867 997 3841
874 869 999 3856
875 879 1001 3864
876 883 1006 3881
877 891 1007 3888
878 887 1012 3904
879 890 1016 3914
880 887 1021 3923
881 892 1023 3933
882 890 1026 3949
883 883 1029 3969
884 881 1031 3983
885 883 1034 3997
886 887 1036 4014
887 899 1037 4023
888 906 1038 4032
889 909 1040 4043
890 907 1044 4057
891 911 1048 4069
892 915 1049 4087
893 913 1053 4105
894 920 1056 4121
895 929 1060 4134
896 940 1061 4144
897 937 1063 4160
898 941 1065 4175
899 948 1068 4189
900 952 1069 4202
901 950 1073 4220
902 954 1074 4237
903 959 1077 4252
904 968 1080 4265
905 967 1083 4278
906 974 1084 4293
907 976 1088 4303
908 986 1091 4318
909 988 1094 4335
910 1000 1101 4344
911 1006 1109 4354
912 996 1116 4373
913 999 1119 4384
914 987 1124 4403
915 984 1127 4418
916 986 1132 4432
917 992 1136 4442
918 998 1140 4457
919 1005 1141 4469
920 994 1153 4489
921 1000 1156 4505
922 1004 1157 4525
923 1013 1159 4540
924 1019 1161 4556
925 1038 1164 4571
926 1050 1167 4584
927 1050 1173 4599
928 1050 1177 4616
929 1046 1184 4639
930 1047 1191 4652
931 1051 1194 4667
932 1054 1196 4683
933 1058 1198 4702
934 1064 1200 4715
935 1053 1202 4741
936 1056 1206 4762
937 1065 1215 4778
938 1069 1216 4791
939 1079 1217 4805
940 1073 1221 4826
941 1078 1222 4845
942 1087 1227 4857
943 1088 1230 4874
944 1090 1233 4893
945 1089 1239 4915
946 1089 1241 4938
947 1089 1245 4958
948 1084 1251 4978
949 1092 1252 4996
950 1091 1258 5019
951 1095 1264 5034
952 1106 1267 5055
953 1122 1269 5064
954 1114 1274 5081
955 1128 1276 5097
956 1138 1281 5111
957 1150 1285 5124
958 1146 1290 5142
959 1153 1294 5158
960 1151 1298 5179
961 1157 1301 5195
962 1158 1303 5208
963 1156 1307 5231
964 1158 1311 5252
965 1165 1317 5269
966 1169 1320 5286
967 1171 1323 5302
968 1156 1327 5326
969 1159 1329 5345
970 1162 1331 5365
971 1176 1335 5382
972 1174 1341 5407
973 1182 1345 5419
974 1181 1352 5435
975 1194 1356 5452
976 1198 1360 5469
977 1205 1368 5479
978 1204 1372 5500
979 1203 1377 5516
980 1196 1381 5539
981 1202 1384 5559
982 1202 1390 5582
983 1206 1395 5601
984 1208 1399 5624
985 1212 1405 5642
986 1216 1406 5663
987 1216 1411 5679
988 1225 1413 5693
989 1222 1422 5714
990 1221 1425 5740
991 1236 1429 5754
992 1245 1434 5775
993 1246 1438 5795
994 1247 1441 5823
995 1250 1446 5842
996 1258 1453 5863
997 1257 1456 5879
998 1260 1458 5896
999 1281 1462 5913
1000 1283 1467 5935
1001 1291 1470 5959
1002 1284 1473 5990
1003 1295 1475 6006
1004 1294 1480 6027
1005 1292 1486 6047
1006 1298 1490 6060
1007 1292 1494 6087
1008 1293 1500 6108
1009 1305 1505 6119
1010 1304 1510 6139
1011 1322 1518 6158
1012 1320 1524 6180
1013 1313 1530 6193
1014 1332 1533 6206
1015 1331 1539 6231
1016 1340 1540 6248
1017 1336 1548 6270
1018 1337 1555 6291
1019 1346 1559 6312
1020 1350 1565 6329
1021 1349 1572 6348
1022 1349 1575 6374
1023 1339 1582 6396
1024 1343 1588 6418
1025 1351 1592 6437
1026 1357 1598 6452
1027 1355 1604 6471
1028 1355 1609 6494
1029 1355 1613 6525
1030 1349 1620 6549
1031 1352 1623 6568
1032 1359 1625 6587
1033 1363 1632 6605
1034 1371 1634 6616
1035 1372 1640 6636
1036 1363 1645 6662
1037 1369 1651 6682
1038 1372 1656 6703
1039 1370 1658 6729
1040 1376 1663 6749
1041 1372 1669 6775
1042 1379 1673 6796
1043 1392 1676 6811
1044 1397 1682 6832
1045 1404 1688 6847
1046 1404 1692 6874
1047 1413 1696 6896
1048 1417 1699 6917
1049 1431 1703 6936
1050 1436 1708 6965
1051 1437 1716 6989
1052 1447 1721 7009
1053 1449 1727 7031
1054 1455 1730 7053
1055 1452 1734 7075
1056 1461 1741 7095
1057 1461 1748 7120
1058 1457 1755 7151
1059 1454 1760 7175
1060 1454 1769 7194
1061 1454 1774 7226
1062 1457 1780 7246
1063 1462 1785 7270
1064 1474 1787 7287
1065 1480 1792 7308
1066 1493 1797 7329
1067 1505 1799 7348
1068 1506 1802 7376
1069 1508 1810 7396
1070 1523 1812 7419
1071 1520 1814 7449
1072 1531 1818 7481
1073 1540 1827 7496
1074 1543 1832 7518
1075 1556 1837 7533
1076 1554 1843 7560
1077 1563 1847 7585
1078 1574 1851 7608
1079 1585 1855 7639
1080 1588 1858 7662
1081 1596 1862 7687
1082 1607 1867 7705
1083 1619 1869 7729
1084 1637 1873 7749
1085 1645 1880 7773
1086 1656 1881 7795
1087 1672 1885 7821
1088 1675 1891 7847
1089 1690 1900 7866
1090 1711 1901 7886
1091 1708 1913 7908
1092 1713 1922 7926
1093 1727 1926 7948
1094 1730 1930 7972
1095 1730 1937 8003
1096 1737 1940 8032
1097 1745 1944 8060
1098 1765 1950 8080
1099 1773 1956 8103
1100 1774 1961 8128
1101 1776 1972 8158
1102 1782 1982 8174
1103 1780 1996 8203
1104 1782 2007 8230
1105 1780 2015 8264
1106 1804 2019 8289
1107 1813 2024 8315
1108 1820 2029 8341
1109 1814 2038 8376
1110 1819 2045 8397
1111 1827 2052 8422
1112 1839 2056 8440
1113 1837 2062 8484
1114 1841 2066 8521
1115 1828 2076 8560
1116 1822 2092 8592
1117 1830 2096 8626
1118 1839 2108 8649
1119 1844 2115 8680
1120 1843 2117 8716
1121 1842 2119 8748
1122 1844 2126 8782
1123 1857 2131 8806
1124 1875 2139 8828
1125 1894 2143 8849
1126 1900 2150 8879
1127 1907 2155 8906
1128 1916 2165 8939
1129 1926 2171 8964
1130 1932 2175 8992
1131 1947 2188 9012
1132 1961 2197 9033
1133 1964 2200 9064
1134 1953 2208 9096
1135 1946 2218 9137
1136 1959 2226 9166
1137 1961 2234 9196
1138 1958 2246 9229
1139 1963 2252 9263
1140 1982 2259 9290
1141 1987 2262 9323
1142 1988 2266 9361
1143 1992 2273 9389
1144 1987 2281 9426
1145 1991 2292 9448
1146 1994 2295 9483
1147 1987 2302 9518
1148 1995 2308 9547
1149 2002 2316 9580
1150 2017 2324 9604
1151 2027 2334 9628
1152 2022 2339 9663
1153 2014 2346 9705
1154 2012 2358 9736
1155 2020 2360 9768
1156 2018 2368 9804
1157 2008 2377 9850
1158 2013 2384 9881
1159 2013 2394 9914
1160 2027 2400 9933
1161 2026 2405 9973
1162 2039 2409 10010
1163 2048 2415 10035
1164 2051 2423 10068
1165 2050 2435 10097
1166 2056 2439 10122
1167 2051 2445 10161
1168 2052 2451 10191
1169 2060 2454 10226
1170 2094 2458 10244
1171 2082 2469 10276
1172 2068 2476 10317
1173 2080 2480 10350
1174 2088 2488 10374
1175 2088 2492 10406
1176 2084 2501 10443
1177 2084 2506 10475
1178 2090 2513 10516
1179 2093 2520 10549
1180 2098 2529 10579
1181 2112 2534 10610
1182 2108 2539 10647
1183 2104 2544 10689
1184 2127 2547 10715
1185 2150 2555 10732
1186 2155 2558 10762
1187 2164 2566 10791
1188 2171 2574 10825
1189 2171 2583 10856
1190 2175 2590 10888
1191 2186 2600 10915
1192 2188 2612 10949
1193 2198 2618 10977
1194 2192 2625 11011
1195 2199 2630 11047
1196 2221 2632 11075
1197 2221 2634 11118
1198 2233 2643 11154
1199 2245 2651 11181
1200 2249 2658 11220
1201 2249 2666 11258
1202 2231 2676 11302
1203 2233 2690 11326
1204 2223 2697 11372
1205 2236 2707 11397
1206 2253 2708 11436
1207 2259 2712 11474
1208 2253 2725 11515
1209 2259 2739 11547
1210 2265 2748 11582
1211 2280 2758 11608
1212 2268 2766 11651
1213 2281 2771 11686
1214 2276 2780 11722
1215 2289 2791 11747
1216 2300 2798 11782
1217 2294 2806 11827
1218 2308 2814 11857
1219 2322 2816 11888
1220 2319 2827 11925
1221 2314 2836 11964
1222 2319 2841 12008
1223 2326 2854 12045
1224 2333 2862 12080
1225 2338 2869 12119
1226 2340 2880 12157
1227 2343 2893 12198
1228 2342 2902 12237
1229 2351 2911 12266
1230 2363 2921 12306
1231 2375 2926 12344
1232 2393 2929 12387
1233 2395 2944 12423
1234 2396 2955 12451
1235 2412 2962 12485
1236 2407 2968 12521
1237 2407 2975 12555
1238 2400 2984 12602
1239 2407 2990 12642
1240 2393 3002 12687
1241 2413 3014 12710
1242 2429 3023 12747
1243 2452 3030 12773
1244 2462 3040 12810
1245 2463 3050 12852
1246 2464 3061 12892
1247 2466 3075 12932
1248 2493 3082 12963
1249 2510 3088 12999
1250 2500 3100 13044
1251 2505 3110 13078
1252 2499 3120 13121
1253 2505 3131 13153
1254 2519 3138 13185
1255 2533 3146 13216
1256 2548 3154 13252
1257 2558 3166 13289
1258 2573 3175 13334
1259 2581 3186 13378
1260 2584 3193 13414
1261 2587 3204 13448
1262 2605 3211 13484
1263 2620 3221 13517
1264 2642 3226 13560
1265 2646 3237 13594
1266 2654 3246 13638
1267 2654 3252 13679
1268 2655 3259 13718
1269 2656 3264 13767
1270 2656 3276 13813
1271 2686 3286 13854
1272 2681 3298 13896
1273 2698 3302 13929
1274 2694 3315 13967
1275 2711 3322 13999
1276 2716 3332 14036
1277 2746 3337 14063
1278 2741 3348 14110
1279 2763 3357 14145
1280 2745 3369 14199
1281 2750 3380 14240
1282 2763 3383 14284
1283 2770 3393 14322
1284 2770 3400 14372
1285 2773 3410 14414
1286 2804 3413 14447
1287 2821 3424 14488
1288 2841 3431 14527
1289 2844 3435 14570
1290 2855 3444 14616
1291 2857 3451 14662
1292 2847 3465 14714
1293 2852 3476 14754
1294 2860 3480 14804
1295 2879 3490 14839
1296 2885 3501 14883
1297 2910 3509 14926
1298 2915 3522 14963
1299 2932 3536 15008
1300 2949 3541 15051
1301 2966 3548 15095
1302 2973 3554 15138
1303 2980 3564 15193
1304 2980 3575 15239
1305 2977 3587 15285
1306 2977 3601 15323
1307 2979 3610 15364
1308 2991 3625 15404
1309 2983 3643 15456
1310 2984 3656 15510
1311 2998 3670 15555
1312 3022 3677 15590
1313 3014 3689 15648
1314 3026 3700 15688
1315 3042 3707 15731
1316 3055 3717 15771
1317 3052 3728 15823
1318 3065 3740 15860
1319 3085 3749 15902
1320 3080 3757 15950
1321 3098 3765 15990
1322 3118 3772 16036
1323 3140 3781 16081
1324 3144 3794 16144
1325 3155 3803 16187
1326 3152 3816 16245
1327 3159 3827 16293
1328 3170 3838 16336
1329 3173 3847 16396
1330 3196 3857 16441
1331 3208 3867 16482
1332 3225 3877 16510
1333 3246 3887 16558
1334 3255 3901 16604
1335 3270 3913 16640
1336 3272 3928 16695
1337 3304 3937 16733
1338 3315 3947 16779
1339 3332 3955 16829
1340 3342 3966 16880
1341 3357 3976 16930
1342 3385 3987 16977
1343 3409 3996 17023
1344 3426 4011 17076
1345 3442 4019 17140
1346 3458 4030 17188
1347 3465 4045 17238
1348 3492 4058 17282
1349 3501 4074 17334
1350 3510 4091 17387
1351 3532 4107 17431
1352 3548 4120 17484
1353 3573 4131 17535
1354 3567 4147 17602
1355 3571 4159 17650
1356 3583 4176 17708
1357 3592 4196 17754
1358 3613 4206 17803
1359 3630 4216 17861
1360 3647 4234 17914
1361 3649 4252 17972
1362 3657 4264 18031
1363 3671 4281 18089
1364 3688 4293 18137
1365 3708 4307 18191
1366 3730 4318 18258
1367 3737 4336 18315
1368 3757 4348 18371
1369 3790 4358 18414
1370 3799 4371 18469
1371 3807 4385 18528
1372 3810 4393 18589
1373 3836 4408 18636
1374 3865 4416 18684
1375 3885 4439 18742
1376 3893 4452 18796
1377 3925 4468 18853
1378 3931 4484 18916
1379 3946 4493 18977
1380 3959 4509 19036
1381 3970 4524 19101
1382 3993 4540 19153
1383 3991 4553 19219
1384 4006 4560 19279
1385 4024 4566 19341
1386 4035 4587 19401
1387 4037 4607 19460
1388 4054 4615 19516
1389 4090 4632 19575
1390 4095 4646 19650
1391 4130 4659 19697
1392 4145 4671 19756
1393 4138 4678 19830
1394 4147 4693 19898
1395 4153 4711 19948
1396 4151 4729 20019
1397 4188 4741 20083
1398 4178 4761 20148
1399 4187 4773 20217
1400 4201 4787 20282
1401 4218 4802 20338
1402 4232 4816 20395
1403 4236 4837 20469
1404 4245 4852 20523
1405 4247 4875 20590
1406 4243 4890 20661
1407 4259 4906 20718
1408 4270 4922 20782
1409 4265 4936 20862
1410 4289 4948 20921
1411 4310 4962 20985
1412 4316 4980 21054
1413 4356 4994 21116
1414 4367 5005 21194
1415 4379 5017 21263
1416 4404 5028 21325
1417 4420 5041 21387
1418 4443 5056 21442
1419 4482 5069 21495
1420 4509 5081 21565
1421 4549 5090 21617
1422 4556 5103 21695
1423 4562 5123 21768
1424 4575 5137 21842
1425 4592 5155 21910
1426 4620 5167 21974
1427 4629 5185 22046
1428 4637 5204 22117
1429 4651 5222 22174
1430 4684 5239 22237
1431 4701 5256 22303
1432 4719 5271 22369
1433 4735 5282 22455
1434 4759 5301 22525
1435 4769 5327 22591
1436 4801 5343 22661
1437 4812 5362 22735
1438 4840 5380 22796
1439 4846 5393 22882
1440 4842 5415 22946
1441 4890 5428 23023
1442 4908 5448 23095
1443 4934 5466 23161
1444 4954 5480 23234
1445 4966 5496 23314
1446 4976 5514 23388
1447 4985 5533 23468
1448 5005 5553 23536
