0 50 0 0
1 51 0 2
2 52 0 2
3 53 0 2
4 55 0 2
5 54 0 4
6 57 1 4
7 53 2 7
8 54 2 8
9 53 3 9
10 52 3 11
11 53 3 11
12 55 3 12
13 56 3 13
14 54 4 14
15 54 4 15
16 58 4 15
17 58 4 16
18 59 5 17
19 61 5 17
20 63 6 18
21 61 7 19
22 63 7 20
23 63 7 21
24 64 7 21
25 63 7 22
26 63 7 23
27 61 7 25
28 60 7 27
29 62 7 27
30 61 7 29
31 65 7 30
32 63 8 33
33 65 8 35
34 67 8 36
35 70 8 36
36 72 8 38
37 71 9 40
38 71 9 41
39 71 9 42
40 71 9 42
41 71 10 43
42 70 11 43
43 71 11 43
44 71 11 44
45 74 11 44
46 73 11 46
47 73 11 46
48 73 11 48
49 74 11 49
50 76 11 49
51 78 11 51
52 80 11 52
53 81 12 53
54 79 12 57
55 78 12 59
56 79 12 59
57 79 12 60
58 80 12 63
59 81 12 63
60 82 13 63
61 81 13 65
62 83 13 66
63 86 13 66
64 85 13 67
65 87 13 67
66 89 13 67
67 87 13 69
68 87 13 72
69 88 14 72
70 90 15 73
71 91 15 74
72 93 15 74
73 94 15 76
74 94 15 77
75 95 15 78
76 99 15 79
77 105 15 79
78 106 15 80
79 102 16 83
80 100 16 86
81 101 16 86
82 101 17 86
83 101 17 87
84 102 17 88
85 99 18 90
86 97 19 95
87 94 20 100
88 97 21 100
89 99 21 101
90 98 22 102
91 100 22 104
92 99 22 106
93 99 22 107
94 97 23 109
95 96 24 110
96 97 25 110
97 96 25 113
98 94 26 114
99 92 26 117
100 93 26 118
101 93 26 119
102 97 26 120
103 100 26 120
104 100 26 122
105 103 26 124
106 107 26 124
107 106 27 126
108 108 27 127
109 105 28 131
110 109 29 134
111 111 29 135
112 111 29 136
113 112 29 137
114 112 29 139
115 116 29 139
116 116 31 140
117 115 31 142
118 114 32 142
119 112 32 145
120 110 32 150
121 107 33 152
122 107 33 154
123 107 33 155
124 108 34 156
125 109 34 157
126 108 35 159
127 109 35 160
128 107 35 163
129 109 35 166
130 109 35 168
131 105 36 172
132 110 37 172
133 112 37 172
134 111 37 176
135 111 39 176
136 112 39 178
137 112 42 178
138 111 42 179
139 110 43 182
140 114 44 182
141 116 44 184
142 119 44 184
143 122 44 184
144 120 45 187
145 120 45 189
146 122 45 191
147 120 45 194
148 121 45 195
149 120 45 196
150 117 45 199
151 115 45 203
152 116 45 206
153 118 45 206
154 120 45 209
155 120 45 210
156 119 45 214
157 119 45 215
158 123 46 216
159 121 46 218
160 117 46 222
161 119 46 223
162 118 46 225
163 119 46 227
164 122 46 229
165 124 46 229
166 128 46 229
167 133 46 229
168 137 46 230
169 136 46 235
170 134 47 239
171 132 49 241
172 134 49 244
173 134 50 244
174 134 50 246
175 135 50 249
176 135 50 251
177 135 52 253
178 137 52 253
179 136 53 256
180 135 53 260
181 135 53 262
182 139 53 262
183 139 53 264
184 140 53 264
185 140 54 265
186 140 54 269
187 140 54 270
188 142 54 270
189 141 54 274
190 140 54 278
191 140 54 280
192 142 54 281
193 143 54 283
194 142 57 284
195 143 57 284
196 145 57 286
197 140 59 290
198 141 59 290
199 143 59 293
200 144 59 295
201 148 60 296
202 148 61 297
203 147 61 299
204 149 61 300
205 148 62 302
206 148 62 305
207 147 63 307
208 148 63 308
209 146 63 311
210 148 63 315
211 157 63 315
212 157 64 317
213 155 64 320
214 151 65 326
215 154 65 328
216 156 65 329
217 154 66 331
218 157 67 332
219 159 67 333
220 158 67 336
221 159 67 338
222 167 67 340
223 165 70 341
224 170 70 343
225 168 70 347
226 171 70 350
227 175 70 350
228 173 70 354
229 176 70 357
230 176 72 360
231 174 72 363
232 179 73 364
233 179 73 369
234 176 73 373
235 177 73 375
236 182 74 378
237 182 75 380
238 179 76 384
239 178 77 387
240 177 78 390
241 175 79 395
242 174 79 400
243 175 79 402
244 178 79 404
245 182 79 406
246 184 79 407
247 186 79 409
248 185 80 413
249 186 80 416
250 182 81 419
251 179 84 422
252 177 85 425
253 180 85 428
254 180 85 430
255 178 85 434
256 181 86 436
257 183 87 438
258 183 87 442
259 187 87 442
260 188 89 443
261 185 89 448
262 185 89 452
263 182 89 458
264 186 90 459
265 185 91 463
266 188 91 466
267 187 92 472
268 188 92 475
269 186 93 481
270 189 93 482
271 189 93 486
272 192 93 491
273 192 94 493
274 195 94 495
275 194 94 498
276 194 95 500
277 199 96 501
278 196 97 506
279 195 99 511
280 195 99 515
281 195 101 517
282 196 101 519
283 196 101 523
284 195 102 526
285 192 102 531
286 194 102 536
287 192 103 540
288 193 103 543
289 194 104 543
290 191 104 548
291 189 104 554
292 193 104 555
293 192 104 559
294 196 104 561
295 198 106 564
296 195 108 567
297 194 109 569
298 194 110 572
299 198 111 574
300 193 113 578
301 190 114 583
302 195 116 584
303 199 116 589
304 198 117 594
305 199 117 597
306 203 117 598
307 204 117 601
308 209 117 602
309 212 117 602
310 209 117 607
311 210 118 608
312 214 118 610
313 216 118 612
314 217 118 614
315 220 118 616
316 224 119 622
317 227 119 626
318 226 120 628
319 226 122 631
320 226 123 632
321 226 123 636
322 230 123 638
323 228 123 644
324 224 124 651
325 226 124 654
326 231 124 655
327 233 125 659
328 236 125 663
329 235 125 669
330 237 125 671
331 232 126 677
332 232 126 681
333 230 126 685
334 233 126 688
335 231 127 691
336 233 129 693
337 235 129 695
338 236 129 700
339 236 130 704
340 238 131 707
341 240 132 708
342 245 133 709
343 242 135 715
344 248 135 716
345 243 135 724
346 235 136 732
347 240 136 735
348 241 136 738
349 245 136 742
350 242 137 748
351 248 137 752
352 253 137 753
353 256 138 758
354 258 138 763
355 260 139 764
356 257 140 768
357 256 141 772
358 250 143 780
359 249 144 784
360 249 145 788
361 253 146 789
362 253 147 792
363 252 148 797
364 245 151 803
365 249 151 808
366 255 152 810
367 254 153 814
368 260 154 814
369 262 155 814
370 264 155 817
371 266 156 820
372 263 156 826
373 261 157 831
374 262 158 835
375 265 159 835
376 263 159 839
377 260 159 846
378 261 160 850
379 264 162 854
380 265 163 856
381 274 164 857
382 270 166 863
383 265 166 870
384 266 166 875
385 271 168 881
386 272 168 887
387 276 168 891
388 276 169 896
389 276 169 900
390 278 169 903
391 283 170 906
392 293 171 908
393 291 171 915
394 286 173 920
395 287 174 922
396 288 176 925
397 293 176 930
398 292 176 934
399 300 176 936
400 297 179 943
401 298 180 948
402 303 180 950
403 307 181 953
404 313 181 960
405 316 182 964
406 320 182 968
407 318 182 973
408 317 183 980
409 319 185 982
410 327 186 985
411 327 186 991
412 330 186 993
413 330 187 996
414 335 187 1001
415 334 189 1005
416 337 189 1008
417 335 190 1016
418 330 190 1025
419 328 193 1028
420 328 195 1032
421 330 195 1034
422 331 197 1038
423 334 198 1040
424 339 199 1043
425 335 202 1047
426 329 205 1052
427 338 205 1055
428 344 205 1056
429 348 205 1059
430 348 208 1065
431 350 208 1069
432 346 211 1075
433 349 213 1077
434 351 213 1080
435 343 213 1092
436 340 213 1099
437 342 214 1107
438 346 218 1111
439 350 219 1115
440 356 219 1119
441 355 219 1127
442 351 220 1135
443 350 220 1139
444 347 224 1145
445 345 225 1151
446 345 225 1159
447 347 227 1164
448 355 227 1170
449 353 228 1179
450 354 230 1181
451 357 232 1186
452 358 232 1190
453 359 234 1197
454 356 237 1203
455 363 237 1205
456 361 242 1209
457 366 242 1215
458 364 243 1218
459 367 243 1223
460 367 245 1232
461 366 247 1238
462 371 248 1241
463 369 248 1248
464 371 249 1254
465 374 249 1258
466 364 249 1270
467 366 249 1276
468 366 251 1284
469 373 251 1288
470 373 251 1298
471 372 251 1307
472 373 252 1313
473 372 253 1320
474 370 255 1329
475 368 256 1339
476 372 257 1347
477 377 257 1348
478 380 257 1351
479 388 258 1354
480 392 258 1360
481 388 261 1368
482 388 262 1375
483 391 263 1380
484 389 265 1387
485 382 265 1397
486 380 266 1404
487 373 268 1415
488 370 270 1421
489 371 271 1423
490 367 273 1431
491 362 274 1439
492 361 275 1446
493 355 277 1454
494 359 279 1456
495 361 280 1463
496 363 281 1466
497 368 282 1470
498 368 282 1475
499 379 283 1476
500 377 285 1483
501 371 286 1492
502 381 287 1495
503 384 287 1500
504 384 288 1508
505 392 290 1509
506 390 292 1520
507 394 293 1527
508 388 293 1541
509 389 295 1547
510 392 295 1553
511 396 295 1560
512 405 298 1563
513 405 299 1572
514 413 299 1576
515 417 300 1582
516 416 301 1593
517 417 303 1599
518 418 304 1606
519 428 304 1609
520 440 304 1614
521 441 305 1623
522 433 305 1635
523 432 306 1642
524 439 306 1647
525 437 306 1657
526 444 307 1663
527 449 307 1671
528 446 310 1680
529 445 312 1688
530 452 312 1692
531 447 317 1701
532 450 318 1707
533 456 318 1710
534 459 318 1717
535 461 323 1723
536 461 325 1728
537 467 326 1734
538 459 331 1745
539 458 332 1751
540 460 335 1757
541 465 335 1761
542 473 337 1764
543 474 340 1774
544 477 341 1781
545 480 341 1790
546 472 342 1803
547 472 342 1810
548 473 344 1812
549 467 345 1823
550 474 349 1826
551 475 351 1833
552 475 352 1845
553 483 354 1849
554 481 356 1858
555 485 358 1867
556 494 358 1870
557 495 361 1876
558 499 365 1883
559 502 366 1887
560 504 367 1892
561 498 367 1905
562 504 368 1910
563 508 369 1916
564 519 369 1916
565 519 369 1921
566 516 370 1927
567 527 370 1932
568 533 371 1938
569 531 373 1948
570 531 374 1957
571 527 376 1965
572 524 377 1976
573 525 378 1985
574 529 381 1991
575 527 382 2002
576 535 384 2008
577 535 387 2015
578 537 388 2022
579 540 389 2032
580 540 391 2040
581 549 392 2046
582 551 394 2056
583 547 396 2064
584 542 396 2076
585 548 397 2083
586 554 397 2091
587 554 397 2100
588 563 398 2108
589 564 400 2115
590 572 402 2125
591 571 403 2133
592 574 404 2140
593 585 406 2147
594 593 407 2153
595 588 409 2163
596 586 410 2174
597 585 411 2184
598 584 411 2192
599 591 413 2196
600 602 415 2201
601 599 416 2213
602 601 417 2220
603 602 417 2229
604 607 418 2238
605 616 420 2245
606 613 424 2254
607 614 425 2266
608 623 426 2271
609 626 426 2280
610 634 426 2285
611 639 427 2291
612 651 427 2296
613 662 427 2304
614 662 429 2311
615 668 432 2316
616 673 435 2325
617 675 435 2337
618 679 439 2348
619 665 441 2367
620 668 441 2377
621 677 444 2384
622 684 447 2389
623 690 448 2397
624 690 452 2406
625 688 452 2417
626 700 455 2422
627 705 455 2434
628 710 459 2438
629 709 459 2451
630 709 460 2459
631 711 461 2466
632 716 462 2475
633 721 464 2485
634 723 468 2490
635 725 469 2501
636 730 472 2511
637 734 475 2521
638 736 476 2536
639 739 476 2547
640 746 476 2557
641 744 478 2568
642 742 480 2579
643 756 481 2588
644 770 482 2595
645 772 484 2607
646 777 484 2622
647 776 487 2634
648 771 489 2654
649 768 493 2666
650 781 494 2673
651 779 496 2687
652 788 498 2698
653 786 500 2719
654 797 501 2728
655 800 502 2742
656 801 507 2751
657 802 509 2764
658 809 511 2770
659 818 513 2783
660 825 514 2794
661 831 517 2804
662 833 520 2819
663 831 521 2835
664 827 525 2850
665 825 525 2868
666 824 527 2879
667 834 527 2892
668 835 528 2908
669 830 530 2927
670 833 531 2942
671 839 533 2956
672 841 535 2968
673 850 540 2976
674 855 545 2986
675 854 548 3000
676 855 551 3015
677 848 554 3034
678 855 558 3049
679 865 558 3061
680 859 558 3082
681 860 559 3094
682 858 560 3111
683 858 564 3124
684 864 565 3142
685 858 570 3158
686 858 572 3172
687 874 575 3179
688 868 576 3197
689 876 578 3212
690 879 579 3228
691 884 580 3239
692 891 583 3248
693 899 585 3259
694 892 589 3277
695 906 591 3288
696 904 593 3299
697 908 596 3312
698 916 598 3324
699 919 599 3338
700 930 601 3351
701 945 601 3363
702 949 605 3377
703 956 606 3388
704 968 606 3399
705 965 608 3412
706 976 611 3425
707 979 611 3437
708 996 612 3447
709 993 614 3464
710 988 616 3485
711 995 617 3495
712 1009 619 3505
713 1012 620 3520
714 1020 621 3527
715 1021 621 3548
716 1026 625 3562
717 1031 630 3577
718 1030 632 3590
719 1035 633 3606
720 1053 634 3616
721 1053 634 3636
722 1060 635 3654
723 1054 639 3675
724 1069 640 3692
725 1066 641 3714
726 1071 642 3739
727 1080 647 3752
728 1086 649 3766
729 1087 653 3786
730 1093 657 3799
731 1103 658 3817
732 1111 658 3832
733 1124 660 3841
734 1132 662 3859
735 1137 663 3873
736 1146 667 3888
737 1142 670 3910
738 1150 673 3923
739 1153 675 3942
740 1172 676 3956
741 1188 678 3967
742 1183 680 3987
743 1184 683 4006
744 1193 684 4022
745 1189 686 4046
746 1196 687 4066
747 1186 689 4086
748 1192 690 4108
749 1211 691 4121
750 1214 696 4138
751 1223 700 4148
752 1230 705 4170
753 1221 706 4194
754 1235 707 4213
755 1239 711 4234
756 1252 715 4245
757 1249 717 4266
758 1259 719 4284
759 1258 728 4302
760 1268 731 4319
761 1256 741 4339
762 1255 748 4359
763 1259 751 4388
764 1261 754 4410
765 1261 757 4434
766 1266 763 4450
767 1266 770 4478
768 1268 775 4499
769 1270 779 4522
770 1282 781 4540
771 1273 787 4563
772 1272 788 4580
773 1267 795 4600
774 1264 799 4627
775 1269 802 4648
776 1275 806 4669
777 1292 806 4685
778 1297 809 4702
779 1298 812 4722
780 1311 814 4744
781 1301 818 4771
782 1320 818 4787
783 1338 821 4798
784 1350 824 4809
785 1346 826 4831
786 1358 828 4850
787 1353 829 4880
788 1364 833 4899
789 1374 836 4915
790 1377 840 4943
791 1380 846 4965
792 1386 848 4984
793 1386 855 5007
794 1388 858 5029
795 1404 864 5037
796 1415 869 5062
797 1428 874 5083
798 1421 882 5109
799 1430 888 5135
800 1424 891 5159
801 1425 898 5181
802 1437 900 5204
803 1451 903 5224
804 1454 907 5250
805 1447 914 5279
806 1441 922 5306
807 1443 925 5330
808 1444 927 5349
809 1460 931 5365
810 1483 935 5384
811 1477 943 5413
812 1480 948 5435
813 1488 952 5461
814 1503 954 5484
815 1507 960 5514
816 1517 964 5531
817 1532 968 5552
818 1535 970 5575
819 1541 975 5593
820 1536 980 5617
821 1560 983 5629
822 1573 988 5649
823 1570 993 5678
824 1563 997 5710
825 1559 1001 5732
826 1562 1005 5754
827 1563 1007 5780
828 1574 1010 5801
829 1571 1014 5844
830 1571 1019 5865
831 1584 1025 5880
832 1586 1028 5908
833 1593 1031 5931
834 1583 1035 5965
835 1585 1043 5980
836 1603 1046 5999
837 1602 1051 6022
838 1619 1058 6039
839 1637 1058 6065
840 1648 1062 6085
841 1659 1067 6110
842 1659 1075 6142
843 1672 1079 6164
844 1688 1083 6189
845 1692 1088 6215
846 1705 1089 6247
847 1715 1096 6264
848 1727 1105 6282
849 1721 1106 6312
850 1720 1112 6339
851 1724 1118 6365
852 1718 1121 6393
853 1727 1126 6415
854 1732 1129 6440
855 1740 1134 6471
856 1759 1139 6490
857 1771 1141 6517
858 1779 1148 6538
859 1776 1153 6573
860 1782 1156 6595
861 1775 1160 6627
862 1793 1170 6649
863 1808 1173 6672
864 1809 1178 6695
865 1811 1185 6723
866 1819 1191 6752
867 1827 1196 6780
868 1833 1201 6809
869 1840 1209 6839
870 1850 1211 6872
871 1850 1216 6898
872 1836 1218 6936
873 1842 1223 6972
874 1856 1226 6993
875 1868 1234 7020
876 1878 1237 7047
877 1896 1242 7068
878 1899 1248 7098
879 1914 1251 7122
880 1917 1257 7146
881 1922 1268 7171
882 1928 1274 7190
883 1948 1276 7210
884 1974 1278 7237
885 1969 1282 7280
886 1986 1285 7307
887 1975 1297 7338
888 1983 1306 7368
889 1997 1309 7395
890 1997 1313 7435
891 2009 1315 7464
892 2026 1322 7494
893 2033 1330 7520
894 2052 1332 7550
895 2068 1337 7570
896 2088 1341 7598
897 2080 1350 7633
898 2097 1354 7661
899 2115 1359 7687
900 2119 1363 7720
901 2120 1371 7748
902 2132 1374 7777
903 2124 1382 7817
904 2129 1387 7848
905 2140 1390 7882
906 2148 1392 7917
907 2170 1397 7944
908 2166 1404 7986
909 2177 1408 8014
910 2189 1411 8040
911 2200 1417 8066
912 2217 1425 8093
913 2235 1433 8125
914 2230 1442 8158
915 2227 1450 8196
916 2248 1452 8223
917 2251 1460 8259
918 2261 1470 8292
919 2286 1471 8325
920 2295 1475 8360
921 2304 1482 8396
922 2317 1486 8439
923 2324 1493 8475
924 2319 1505 8520
925 2340 1508 8557
926 2355 1518 8588
927 2387 1524 8623
928 2407 1532 8651
929 2402 1538 8698
930 2412 1548 8729
931 2429 1552 8761
932 2440 1555 8802
933 2443 1561 8846
934 2462 1565 8877
935 2471 1571 8921
936 2479 1579 8957
937 2484 1580 8996
938 2511 1585 9029
939 2528 1591 9070
940 2539 1596 9110
941 2548 1603 9146
942 2562 1611 9181
943 2572 1618 9217
944 2584 1627 9252
945 2593 1635 9290
946 2601 1641 9328
947 2611 1647 9367
948 2618 1655 9411
949 2624 1660 9456
950 2635 1665 9498
951 2634 1671 9542
952 2650 1677 9577
953 2660 1683 9616
954 2675 1688 9656
955 2687 1697 9693
956 2694 1708 9734
957 2708 1718 9769
958 2736 1723 9803
959 2752 1729 9833
960 2772 1734 9878
961 2785 1738 9925
962 2786 1749 9961
963 2797 1753 10002
964 2805 1761 10039
965 2817 1768 10077
966 2819 1774 10123
967 2837 1782 10154
968 2866 1786 10190
969 2878 1794 10237
970 2893 1799 10274
971 2895 1811 10321
972 2916 1815 10369
973 2923 1821 10416
974 2932 1825 10462
975 2936 1830 10515
976 2925 1839 10573
977 2932 1848 10614
978 2935 1855 10665
979 2956 1864 10703
980 2980 1872 10738
981 3008 1881 10770
982 3033 1887 10814
983 3057 1892 10854
984 3070 1900 10899
985 3065 1916 10962
986 3075 1925 11010
987 3112 1937 11045
988 3136 1946 11093
989 3147 1955 11145
990 3165 1962 11188
991 3180 1973 11225
992 3199 1988 11261
993 3219 1999 11306
994 3230 2007 11356
995 3256 2011 11399
996 3271 2022 11448
997 3289 2028 11497
998 3307 2040 11545
999 3339 2052 11591
1000 3349 2058 11641
1001 3336 2065 11700
1002 3341 2071 11748
1003 3344 2084 11793
1004 3349 2093 11849
1005 3349 2098 11906
1006 3367 2106 11955
1007 3385 2117 11998
1008 3391 2124 12048
1009 3410 2127 12102
1010 3429 2136 12155
1011 3461 2148 12199
1012 3468 2159 12256
1013 3471 2168 12317
1014 3497 2174 12364
1015 3514 2182 12428
1016 3537 2194 12484
1017 3560 2202 12532
1018 3557 2212 12592
1019 3573 2221 12648
1020 3587 2233 12701
1021 3588 2245 12744
1022 3584 2260 12802
1023 3588 2274 12864
1024 3635 2281 12910
1025 3640 2293 12957
1026 3661 2302 13004
1027 3677 2314 13050
1028 3702 2318 13101
1029 3715 2330 13149
1030 3754 2337 13188
1031 3786 2348 13233
1032 3806 2362 13273
1033 3801 2374 13338
1034 3818 2383 13382
1035 3830 2394 13442
1036 3851 2405 13496
1037 3872 2417 13550
1038 3871 2431 13610
1039 3907 2436 13669
1040 3930 2449 13720
1041 3944 2456 13777
1042 3961 2461 13839
1043 3988 2466 13891
1044 4031 2475 13941
1045 4075 2480 13996
1046 4096 2488 14051
1047 4110 2497 14115
1048 4144 2503 14165
1049 4162 2513 14217
1050 4202 2521 14265
1051 4232 2542 14323
1052 4240 2550 14393
1053 4264 2562 14454
1054 4275 2581 14509
1055 4290 2590 14589
1056 4319 2601 14650
1057 4322 2618 14714
1058 4323 2633 14776
1059 4354 2640 14832
1060 4380 2654 14900
1061 4390 2665 14961
1062 4388 2676 15026
1063 4378 2695 15099
1064 4406 2703 15163
1065 4445 2714 15227
1066 4484 2729 15283
1067 4489 2742 15347
1068 4486 2753 15422
1069 4514 2766 15480
1070 4515 2779 15561
1071 4559 2788 15615
1072 4583 2802 15671
1073 4610 2809 15746
1074 4631 2816 15817
1075 4663 2829 15878
1076 4683 2840 15955
1077 4692 2853 16024
1078 4699 2872 16095
1079 4720 2886 16156
1080 4741 2900 16229
1081 4738 2917 16303
1082 4760 2926 16369
1083 4784 2932 16451
1084 4806 2939 16530
1085 4823 2955 16617
1086 4832 2964 16703
1087 4868 2981 16765
1088 4889 2996 16835
1089 4892 3013 16908
1090 4921 3024 16989
1091 4936 3035 17065
1092 4960 3051 17139
1093 4981 3070 17204
1094 5010 3077 17279
