0 50 0 0
1 50 0 0
2 49 0 1
3 49 2 1
4 50 2 1
5 51 2 1
6 53 2 1
7 54 2 2
8 53 2 4
9 53 2 6
10 53 2 6
11 55 2 6
12 54 2 7
13 55 2 9
14 54 2 10
15 56 2 10
16 56 3 10
17 54 3 12
18 54 3 12
19 57 3 12
20 57 3 13
21 59 3 14
22 60 3 15
23 62 3 15
24 61 4 15
25 61 4 15
26 64 4 16
27 64 4 16
28 66 4 16
29 68 4 17
30 70 4 17
31 70 4 18
32 71 4 18
33 73 4 19
34 73 4 21
35 75 4 22
36 73 5 24
37 74 6 24
38 76 6 25
39 78 6 25
40 79 6 26
41 78 6 27
42 78 6 27
43 81 6 27
44 82 6 28
45 81 6 30
46 83 6 31
47 83 7 32
48 87 7 32
49 85 7 34
50 85 8 36
51 88 8 37
52 88 8 37
53 87 8 39
54 89 8 39
55 92 8 39
56 92 8 41
57 93 8 43
58 94 9 44
59 95 9 44
60 93 10 45
61 91 10 47
62 94 10 47
63 93 10 48
64 91 10 51
65 95 10 52
66 98 10 52
67 98 10 53
68 103 10 54
69 104 10 55
70 102 12 56
71 104 12 57
72 104 12 60
73 111 12 61
74 116 12 61
75 116 12 62
76 113 12 67
77 111 12 69
78 112 12 72
79 113 12 73
80 113 13 74
81 116 13 74
82 116 13 75
83 119 14 75
84 120 14 78
85 122 14 79
86 123 14 80
87 122 14 83
88 121 14 86
89 123 14 88
90 128 14 91
91 130 14 93
92 129 14 95
93 129 14 97
94 129 15 100
95 127 15 103
96 127 15 105
97 128 15 107
98 127 15 110
99 132 15 112
100 136 15 112
101 139 15 114
102 141 15 118
103 144 15 119
104 144 15 123
105 147 15 125
106 149 15 126
107 151 15 129
108 153 17 129
109 149 18 134
110 151 19 135
111 151 19 138
112 151 19 138
113 152 21 139
114 152 22 141
115 152 23 143
116 152 23 147
117 155 24 147
118 160 24 147
119 160 25 148
120 165 25 150
121 168 25 153
122 166 26 155
123 164 29 155
124 161 31 158
125 164 32 159
126 167 32 160
127 167 32 163
128 171 33 163
129 176 33 165
130 180 34 169
131 182 34 169
132 178 36 175
133 174 37 180
134 178 37 182
135 173 40 185
136 174 41 188
137 173 41 190
138 172 42 193
139 166 42 201
140 165 42 202
141 162 42 206
142 165 42 206
143 167 42 210
144 171 43 212
145 172 43 214
146 174 44 214
147 175 45 216
148 175 45 220
149 176 45 220
150 178 45 222
151 175 47 225
152 174 48 226
153 178 49 226
154 183 49 226
155 184 49 228
156 184 50 229
157 185 50 232
158 185 52 234
159 185 53 235
160 184 53 241
161 187 53 244
162 188 53 246
163 190 54 251
164 194 54 252
165 196 54 254
166 193 55 258
167 192 55 262
168 192 55 265
169 192 55 269
170 192 55 271
171 190 56 274
172 185 57 280
173 187 57 282
174 181 57 293
175 181 57 296
176 184 58 299
177 182 60 302
178 186 60 303
179 186 60 306
180 186 61 308
181 185 61 311
182 188 61 315
183 188 62 318
184 191 62 319
185 194 63 320
186 189 64 324
187 190 64 328
188 185 64 336
189 184 64 340
190 184 64 344
191 185 64 346
192 182 64 351
193 187 64 353
194 193 65 354
195 193 65 358
196 197 66 359
197 197 67 360
198 198 67 362
199 202 67 364
200 206 67 365
201 205 67 369
202 206 67 372
203 209 68 373
204 208 69 377
205 209 69 378
206 212 70 380
207 215 70 382
208 215 70 384
209 216 70 388
210 217 70 390
211 218 70 396
212 216 71 400
213 217 72 406
214 219 72 408
215 226 72 410
216 228 73 412
217 221 73 420
218 224 73 425
219 221 74 431
220 222 74 434
221 222 75 437
222 222 75 440
223 220 75 447
224 221 75 448
225 226 75 451
226 230 75 455
227 227 75 461
228 229 76 462
229 236 76 463
230 235 76 467
231 240 76 468
232 242 76 472
233 245 77 475
234 247 78 478
235 246 80 483
236 246 80 491
237 248 80 492
238 245 80 496
239 244 81 502
240 246 82 505
241 244 82 508
242 242 83 514
243 246 84 518
244 246 84 520
245 249 84 523
246 252 85 525
247 252 85 530
248 258 85 534
249 259 86 537
250 264 86 540
251 266 87 542
252 266 87 548
253 264 88 556
254 263 88 561
255 262 88 565
256 265 89 568
257 262 91 571
258 269 91 571
259 271 91 573
260 272 91 576
261 273 91 579
262 279 92 583
263 283 92 586
264 286 92 591
265 290 92 594
266 293 93 596
267 291 95 600
268 293 96 604
269 300 97 605
270 310 97 608
271 317 98 609
272 323 99 611
273 323 99 616
274 321 99 624
275 321 102 627
276 324 102 631
277 330 102 636
278 332 105 639
279 324 107 648
280 329 109 650
281 337 110 652
282 343 111 657
283 345 111 663
284 354 111 668
285 358 111 672
286 360 111 678
287 362 111 682
288 367 111 684
289 368 113 690
290 371 113 694
291 370 115 700
292 371 115 705
293 381 115 707
294 380 116 712
295 382 117 716
296 383 119 719
297 383 119 726
298 388 120 733
299 386 120 740
300 386 121 746
301 388 122 751
302 396 122 753
303 397 123 758
304 398 126 760
305 399 126 767
306 395 126 774
307 392 128 781
308 392 129 787
309 388 130 795
310 396 130 800
311 399 130 804
312 403 130 806
313 402 132 811
314 401 134 819
315 398 134 829
316 404 134 834
317 400 134 842
318 398 134 848
319 397 135 855
320 394 137 864
321 396 138 872
322 394 140 882
323 392 142 891
324 396 143 897
325 396 144 903
326 396 146 908
327 394 146 917
328 396 148 924
329 404 148 926
330 400 148 936
331 407 148 943
332 406 151 951
333 406 154 954
334 411 155 959
335 417 155 963
336 419 156 969
337 418 156 975
338 419 157 982
339 419 157 989
340 423 158 995
341 421 159 1002
342 425 160 1007
343 422 160 1015
344 423 160 1022
345 426 161 1028
346 426 162 1037
347 430 164 1043
348 434 164 1047
349 439 165 1051
350 444 165 1056
351 446 168 1061
352 447 169 1070
353 451 169 1076
354 448 170 1081
355 453 171 1086
356 461 171 1092
357 465 171 1096
358 462 171 1108
359 463 172 1115
360 456 172 1128
361 463 172 1139
362 466 173 1149
363 470 175 1155
364 472 176 1162
365 480 177 1167
366 480 177 1175
367 480 178 1183
368 484 180 1185
369 488 182 1190
370 484 184 1197
371 488 184 1204
372 488 186 1211
373 495 186 1218
374 502 188 1228
375 508 188 1239
376 515 188 1244
377 519 188 1249
378 528 188 1254
379 530 188 1264
380 528 189 1275
381 526 190 1285
382 529 190 1291
383 531 191 1297
384 538 193 1307
385 537 193 1315
386 540 193 1321
387 537 193 1329
388 546 194 1333
389 547 196 1340
390 550 197 1349
391 562 197 1353
392 569 197 1361
393 573 197 1370
394 575 198 1379
395 583 202 1385
396 592 202 1392
397 593 203 1403
398 597 206 1409
399 593 206 1419
400 594 207 1430
401 596 208 1438
402 594 209 1450
403 595 212 1461
404 602 212 1469
405 609 213 1479
406 616 214 1490
407 615 215 1501
408 613 215 1511
409 615 217 1515
410 626 217 1523
411 634 218 1529
412 640 219 1538
413 644 220 1548
414 646 221 1559
415 645 227 1568
416 650 227 1577
417 652 230 1587
418 655 230 1597
419 658 231 1610
420 659 232 1621
421 658 234 1634
422 665 235 1642
423 671 235 1649
424 676 237 1658
425 683 239 1668
426 685 241 1678
427 683 246 1689
428 689 247 1695
429 693 247 1711
430 685 249 1723
431 698 249 1730
432 703 250 1745
433 701 251 1759
434 708 252 1770
435 716 253 1776
436 708 255 1790
437 713 255 1801
438 717 256 1815
439 714 256 1829
440 715 259 1844
441 721 259 1851
442 723 261 1865
443 726 261 1878
444 730 262 1888
445 745 263 1897
446 747 265 1907
447 751 266 1915
448 761 266 1920
449 766 268 1930
450 757 270 1947
451 756 272 1960
452 762 274 1968
453 769 275 1981
454 780 275 1991
455 787 275 1995
456 789 277 2012
457 800 279 2019
458 807 280 2026
459 813 282 2037
460 822 283 2042
461 830 284 2055
462 828 284 2072
463 836 284 2081
464 836 285 2093
465 831 286 2112
466 833 286 2124
467 831 288 2144
468 841 290 2159
469 847 291 2168
470 850 294 2180
471 861 294 2192
472 866 294 2203
473 858 295 2223
474 858 296 2238
475 861 297 2251
476 854 301 2266
477 857 301 2278
478 859 302 2292
479 861 303 2305
480 868 304 2319
481 869 305 2333
482 879 305 2350
483 878 307 2359
484 880 308 2377
485 885 310 2391
486 888 313 2405
487 891 314 2419
488 889 315 2439
489 889 317 2452
490 894 320 2461
491 905 322 2470
492 911 322 2477
493 913 323 2491
494 914 325 2503
495 930 328 2509
496 934 330 2521
497 941 330 2538
498 942 333 2550
499 937 334 2572
500 947 336 2586
501 957 340 2599
502 964 341 2615
503 975 342 2621
504 982 344 2634
505 987 346 2647
506 992 347 2664
507 999 347 2682
508 998 347 2702
509 1010 347 2718
510 1017 348 2732
511 1030 350 2744
512 1034 351 2762
513 1025 356 2783
514 1022 358 2801
515 1031 359 2817
516 1032 364 2832
517 1041 367 2844
518 1051 371 2855
519 1053 373 2873
520 1061 376 2885
521 1067 376 2903
522 1074 377 2916
523 1079 382 2930
524 1062 387 2962
525 1062 392 2981
526 1074 394 2994
527 1088 398 3003
528 1100 401 3016
529 1117 402 3031
530 1116 405 3051
531 1127 412 3068
532 1120 413 3088
533 1129 414 3102
534 1126 417 3128
535 1140 423 3141
536 1146 427 3155
537 1147 429 3174
538 1152 435 3189
539 1152 440 3209
540 1158 443 3226
541 1169 445 3239
542 1183 447 3252
543 1177 454 3269
544 1181 458 3287
545 1185 461 3300
546 1198 463 3311
547 1199 465 3335
548 1208 468 3349
549 1210 470 3369
550 1219 473 3385
551 1219 478 3408
552 1230 479 3423
553 1240 481 3443
554 1254 484 3461
555 1260 484 3482
556 1269 486 3497
557 1286 487 3508
558 1292 491 3527
559 1305 495 3544
560 1307 497 3567
561 1295 501 3590
562 1285 503 3615
563 1300 506 3629
564 1311 509 3651
565 1308 512 3677
566 1311 513 3702
567 1321 514 3725
568 1335 515 3735
569 1325 519 3759
570 1330 525 3777
571 1335 529 3799
572 1349 530 3820
573 1346 532 3845
574 1347 535 3869
575 1342 538 3893
576 1356 538 3917
577 1353 547 3935
578 1365 550 3955
579 1377 552 3969
580 1385 554 3990
581 1380 560 4013
582 1394 563 4029
583 1405 566 4048
584 1425 570 4063
585 1438 573 4079
586 1454 576 4096
587 1460 582 4116
588 1480 583 4134
589 1488 591 4153
590 1506 594 4173
591 1510 602 4193
592 1509 609 4215
593 1517 614 4235
594 1526 617 4255
595 1535 622 4282
596 1546 625 4302
597 1547 629 4327
598 1550 631 4357
599 1553 635 4379
600 1554 639 4408
601 1552 644 4431
602 1561 648 4453
603 1565 655 4481
604 1575 659 4497
605 1596 661 4521
606 1596 667 4553
607 1599 669 4582
608 1599 672 4607
609 1607 676 4630
610 1605 679 4662
611 1606 682 4678
612 1616 686 4702
613 1619 691 4724
614 1622 696 4741
615 1620 701 4771
616 1625 704 4805
617 1623 705 4829
618 1623 708 4856
619 1635 711 4874
620 1645 713 4895
621 1648 717 4918
622 1654 720 4941
623 1660 725 4966
624 1676 728 4991
625 1680 734 5016
626 1696 735 5042
627 1702 737 5067
628 1716 740 5090
629 1727 745 5115
630 1731 750 5138
631 1745 753 5158
632 1765 756 5180
633 1775 760 5202
634 1774 762 5233
635 1796 765 5255
636 1788 770 5293
637 1799 772 5310
638 1814 776 5343
639 1821 781 5365
640 1840 785 5396
641 1860 789 5425
642 1847 797 5468
643 1860 803 5486
644 1862 810 5511
645 1878 812 5533
646 1881 815 5561
647 1897 822 5585
648 1899 822 5623
649 1913 827 5657
650 1919 835 5681
651 1919 839 5715
652 1945 844 5741
653 1946 848 5775
654 1950 851 5812
655 1952 855 5845
656 1967 859 5876
657 1974 865 5908
658 2002 868 5928
659 2016 873 5955
660 2035 877 5982
661 2040 881 6018
662 2056 888 6045
663 2058 893 6078
664 2066 899 6110
665 2067 903 6136
666 2086 905 6170
667 2112 907 6191
668 2113 911 6225
669 2110 918 6256
670 2129 922 6287
671 2129 925 6322
672 2141 934 6357
673 2171 936 6375
674 2179 945 6403
675 2208 950 6435
676 2214 956 6469
677 2224 959 6505
678 2236 964 6537
679 2254 971 6563
680 2277 977 6581
681 2294 986 6607
682 2302 989 6635
683 2320 993 6666
684 2338 994 6698
685 2362 1000 6723
686 2374 1004 6757
687 2388 1008 6787
688 2410 1018 6812
689 2426 1025 6845
690 2441 1027 6878
691 2436 1034 6924
692 2447 1040 6964
693 2473 1044 6987
694 2486 1049 7018
695 2487 1061 7064
696 2516 1069 7096
697 2523 1073 7134
698 2536 1080 7172
699 2544 1082 7212
700 2553 1086 7248
701 2554 1090 7282
702 2559 1097 7320
703 2572 1104 7356
704 2586 1109 7392
705 2578 1114 7436
706 2590 1118 7476
707 2604 1124 7512
708 2606 1130 7549
709 2624 1138 7588
710 2648 1143 7619
711 2666 1150 7654
712 2694 1158 7693
713 2716 1162 7728
714 2730 1166 7767
715 2742 1172 7809
716 2760 1179 7840
717 2784 1181 7882
718 2791 1191 7923
719 2799 1196 7968
720 2816 1205 8003
721 2824 1208 8058
722 2848 1214 8093
723 2868 1221 8132
724 2861 1229 8187
725 2883 1239 8223
726 2902 1243 8266
727 2913 1250 8307
728 2931 1257 8356
729 2946 1260 8398
730 2962 1265 8445
731 2970 1276 8489
732 2983 1283 8535
733 2999 1294 8581
734 3026 1300 8623
735 3045 1308 8670
736 3064 1314 8723
737 3067 1326 8766
738 3063 1339 8829
739 3083 1346 8874
740 3113 1351 8917
741 3124 1355 8961
742 3148 1363 9002
743 3172 1369 9055
744 3204 1375 9095
745 3213 1386 9150
746 3241 1393 9186
747 3254 1402 9235
748 3279 1406 9279
749 3302 1418 9335
750 3312 1427 9382
751 3342 1431 9421
752 3352 1441 9470
753 3360 1452 9516
754 3390 1455 9562
755 3398 1463 9608
756 3401 1471 9664
757 3399 1484 9727
758 3391 1492 9783
759 3407 1501 9838
760 3442 1511 9887
761 3443 1525 9940
762 3444 1538 9992
763 3466 1541 10047
764 3478 1550 10089
765 3498 1557 10134
766 3484 1574 10204
767 3497 1586 10260
768 3504 1597 10313
769 3542 1604 10360
770 3547 1611 10412
771 3548 1616 10479
772 3563 1624 10536
773 3584 1633 10593
774 3600 1641 10648
775 3626 1648 10694
776 3649 1656 10738
777 3663 1662 10785
778 3685 1672 10827
779 3713 1682 10879
780 3731 1692 10927
781 3739 1702 10985
782 3734 1711 11064
783 3746 1716 11123
784 3753 1729 11179
785 3748 1741 11245
786 3769 1748 11304
787 3780 1756 11361
788 3816 1768 11405
789 3844 1774 11457
790 3858 1785 11513
791 3847 1795 11587
792 3853 1803 11664
793 3860 1811 11725
794 3882 1819 11785
795 3896 1829 11850
796 3917 1840 11905
797 3930 1851 11966
798 3940 1863 12023
799 3944 1874 12086
800 3954 1892 12155
801 3968 1908 12216
802 3995 1914 12266
803 4010 1923 12327
804 4028 1927 12392
805 4034 1944 12451
806 4048 1952 12507
807 4063 1961 12567
808 4082 1971 12632
809 4097 1984 12687
810 4101 1989 12757
811 4099 2000 12838
812 4119 2011 12908
813 4159 2021 12956
814 4183 2028 13015
815 4197 2029 13080
816 4208 2047 13148
817 4228 2055 13216
818 4224 2070 13296
819 4249 2082 13350
820 4266 2098 13413
821 4280 2110 13470
822 4312 2118 13527
823 4325 2125 13591
824 4325 2136 13654
825 4346 2147 13718
826 4353 2162 13780
827 4369 2172 13834
828 4381 2185 13906
829 4430 2200 13954
830 4461 2210 14023
831 4484 2218 14093
832 4493 2235 14160
833 4495 2251 14248
834 4510 2265 14315
835 4527 2270 14392
836 4533 2282 14466
837 4549 2292 14538
838 4553 2302 14599
839 4554 2323 14680
840 4556 2338 14755
841 4584 2353 14819
842 4618 2361 14896
843 4637 2379 14954
844 4661 2399 15014
845 4695 2410 15080
846 4723 2419 15153
847 4733 2425 15234
848 4761 2431 15312
849 4804 2439 15373
850 4827 2445 15454
851 4845 2450 15530
852 4881 2459 15602
853 4897 2471 15683
854 4912 2479 15753
855 4933 2494 15827
856 4960 2500 15913
857 4974 2509 15976
858 4995 2518 16060
859 5015 2533 16124
