0 50 0 0
1 51 0 0
2 51 1 1
3 51 1 2
4 52 1 2
5 53 1 2
6 53 2 2
7 52 3 3
8 53 3 3
9 54 4 3
10 55 4 4
11 56 4 4
12 57 4 4
13 58 4 5
14 58 4 6
15 59 4 7
16 58 5 7
17 59 6 7
18 58 6 8
19 58 7 9
20 60 7 9
21 60 7 9
22 59 7 10
23 59 8 10
24 61 8 11
25 61 8 12
26 61 8 12
27 61 8 13
28 62 9 13
29 62 9 14
30 63 9 14
31 65 9 14
32 68 9 14
33 66 9 17
34 64 9 20
35 64 9 20
36 67 9 20
37 67 9 21
38 66 9 22
39 66 9 23
40 66 9 24
41 69 9 24
42 74 9 25
43 74 9 26
44 76 9 26
45 79 9 26
46 78 9 28
47 78 9 29
48 78 9 29
49 78 9 30
50 77 9 32
51 76 10 33
52 77 10 34
53 79 10 36
54 79 10 37
55 82 10 38
56 81 10 42
57 80 10 44
58 79 10 46
59 82 10 46
60 79 10 49
61 78 10 51
62 80 10 51
63 82 10 51
64 86 10 51
65 89 10 51
66 90 10 52
67 92 10 54
68 91 10 57
69 90 11 60
70 91 11 61
71 92 11 63
72 93 11 63
73 93 11 64
74 94 11 65
75 94 11 66
76 100 11 67
77 101 11 68
78 101 11 70
79 101 12 72
80 102 12 74
81 100 13 77
82 102 13 77
83 104 13 78
84 106 13 79
85 104 13 82
86 105 13 82
87 106 13 83
88 109 13 84
89 112 13 85
90 113 13 86
91 115 13 87
92 110 14 91
93 111 14 91
94 111 14 93
95 108 15 96
96 115 15 96
97 115 15 98
98 114 16 99
99 118 16 101
100 119 16 104
101 123 16 105
102 120 16 111
103 121 16 113
104 121 16 114
105 118 16 118
106 118 16 120
107 122 16 121
108 121 16 123
109 121 16 126
110 120 16 128
111 119 16 130
112 121 16 133
113 118 16 136
114 117 17 138
115 117 18 140
116 117 18 141
117 120 18 143
118 124 18 144
119 124 18 147
120 125 19 148
121 123 19 150
122 128 19 151
123 131 19 151
124 134 19 151
125 132 19 154
126 134 20 156
127 137 20 157
128 139 20 158
129 137 20 164
130 137 21 167
131 140 21 168
132 139 21 170
133 142 21 170
134 142 21 173
135 145 21 174
136 146 21 176
137 148 21 178
138 149 21 179
139 148 21 181
140 149 21 182
141 148 21 183
142 147 21 188
143 148 21 189
144 149 22 191
145 147 22 194
146 146 22 197
147 149 22 197
148 151 22 197
149 154 22 198
150 158 22 199
151 165 22 199
152 165 22 201
153 165 22 205
154 161 26 207
155 164 26 210
156 164 27 213
157 167 27 215
158 169 27 216
159 172 27 219
160 177 28 221
161 178 29 223
162 182 31 228
163 177 32 234
164 177 32 236
165 177 32 238
166 174 33 244
167 172 33 252
168 174 33 253
169 175 33 254
170 173 35 256
171 179 35 256
172 180 36 260
173 182 37 261
174 184 38 262
175 188 38 263
176 186 38 270
177 187 38 272
178 190 39 273
179 197 39 275
180 194 40 278
181 191 41 283
182 190 41 287
183 192 41 290
184 191 42 294
185 191 43 296
186 189 44 301
187 190 44 303
188 193 44 305
189 194 45 309
190 196 46 311
191 199 47 315
192 199 48 318
193 202 48 322
194 202 51 324
195 205 51 325
196 208 52 330
197 211 54 333
198 217 54 334
199 218 54 337
200 221 54 339
201 221 54 341
202 222 55 344
203 218 56 351
204 223 56 354
205 225 56 357
206 221 56 365
207 218 56 370
208 220 57 372
209 222 57 375
210 220 57 381
211 218 58 386
212 223 58 388
213 220 59 392
214 219 59 396
215 214 59 402
216 215 59 405
217 217 60 406
218 213 61 411
219 214 61 416
220 216 61 420
221 219 62 423
222 223 63 424
223 222 63 429
224 221 65 434
225 216 65 442
226 220 66 444
227 223 66 447
228 224 66 449
229 224 67 452
230 224 68 456
231 228 68 459
232 228 68 462
233 226 68 467
234 224 68 472
235 226 68 478
236 227 70 481
237 228 71 484
238 234 72 487
239 233 73 491
240 231 74 495
241 228 74 502
242 224 75 507
243 230 75 509
244 237 77 510
245 233 78 517
246 239 79 518
247 240 80 521
248 243 80 522
249 249 80 524
250 243 82 529
251 245 82 529
252 243 85 532
253 245 85 537
254 242 85 544
255 246 85 546
256 251 85 549
257 251 86 555
258 250 86 559
259 253 86 563
260 256 86 565
261 254 88 569
262 253 90 577
263 256 91 581
264 260 93 583
265 262 93 584
266 265 93 586
267 268 93 587
268 271 93 588
269 273 94 595
270 274 94 597
271 273 95 602
272 274 95 609
273 273 96 614
274 275 96 617
275 277 96 621
276 276 97 624
277 279 98 629
278 282 99 633
279 281 100 640
280 286 102 642
281 286 103 646
282 293 103 649
283 297 104 652
284 299 104 658
285 298 105 663
286 297 107 667
287 299 110 671
288 304 112 675
289 311 112 677
290 313 114 682
291 315 114 685
292 319 114 690
293 321 115 694
294 315 117 701
295 319 118 706
296 324 118 710
297 324 118 718
298 329 120 721
299 331 121 724
300 341 122 727
301 341 122 734
302 352 122 737
303 364 123 739
304 366 124 744
305 365 125 748
306 363 126 755
307 365 127 760
308 366 128 767
309 367 129 774
310 368 129 779
311 378 129 783
312 379 129 790
313 384 129 793
314 383 129 798
315 390 129 803
316 385 130 812
317 385 131 819
318 388 134 824
319 388 135 830
320 386 137 836
321 387 139 839
322 389 140 845
323 388 141 855
324 388 144 862
325 383 144 870
326 394 145 875
327 393 147 885
328 388 149 896
329 390 149 903
330 388 149 911
331 387 149 920
332 389 150 925
333 386 152 931
334 383 154 939
335 384 155 943
336 389 159 945
337 384 161 953
338 388 161 957
339 391 162 966
340 393 164 968
341 393 164 977
342 389 164 983
343 392 165 988
344 393 167 994
345 388 169 1004
346 389 171 1008
347 393 173 1012
348 390 175 1020
349 387 177 1025
350 388 177 1032
351 389 177 1039
352 396 178 1044
353 393 179 1050
354 392 181 1056
355 401 181 1060
356 399 182 1065
357 403 184 1069
358 407 185 1074
359 405 186 1082
360 407 188 1085
361 411 188 1090
362 404 192 1099
363 404 195 1108
364 404 196 1118
365 409 197 1125
366 414 199 1129
367 409 203 1138
368 416 203 1142
369 413 203 1151
370 420 204 1153
371 425 205 1156
372 430 207 1161
373 432 208 1168
374 432 208 1174
375 428 210 1183
376 433 211 1189
377 433 213 1194
378 443 213 1199
379 447 215 1202
380 452 215 1208
381 457 216 1212
382 449 216 1221
383 452 218 1226
384 451 220 1235
385 454 221 1239
386 451 221 1249
387 455 222 1255
388 460 224 1258
389 460 227 1266
390 465 228 1274
391 470 231 1276
392 470 232 1284
393 471 234 1289
394 474 235 1296
395 479 237 1299
396 486 238 1305
397 490 239 1310
398 495 240 1319
399 497 248 1323
400 494 250 1334
401 497 250 1339
402 494 254 1348
403 496 255 1350
404 492 257 1359
405 490 259 1369
406 496 261 1376
407 510 261 1382
408 503 263 1394
409 516 264 1400
410 522 264 1404
411 524 267 1411
412 515 268 1425
413 514 268 1432
414 520 269 1438
415 530 269 1447
416 520 272 1458
417 521 273 1464
418 517 274 1477
419 520 274 1483
420 521 274 1493
421 525 274 1499
422 527 275 1510
423 530 275 1520
424 538 275 1528
425 538 276 1540
426 544 276 1546
427 547 279 1549
428 550 279 1557
429 550 281 1563
430 560 281 1566
431 558 283 1579
432 565 284 1586
433 564 285 1594
434 569 285 1600
435 572 285 1610
436 581 287 1619
437 579 289 1631
438 582 291 1638
439 590 292 1643
440 591 293 1651
441 598 294 1655
442 602 294 1663
443 596 298 1677
444 594 298 1689
445 597 299 1700
446 601 300 1706
447 598 300 1720
448 603 300 1727
449 612 300 1733
450 613 301 1743
451 614 304 1752
452 620 304 1757
453 628 306 1763
454 625 309 1773
455 624 310 1785
456 639 311 1789
457 645 311 1793
458 649 314 1799
459 654 314 1808
460 657 316 1815
461 661 316 1825
462 659 316 1839
463 663 318 1854
464 667 318 1866
465 669 319 1875
466 671 320 1879
467 662 325 1895
468 669 326 1904
469 672 327 1911
470 675 327 1916
471 692 328 1926
472 697 329 1937
473 700 329 1946
474 698 330 1961
475 705 333 1968
476 705 335 1978
477 701 338 1995
478 697 339 2006
479 695 339 2017
480 696 339 2029
481 711 341 2036
482 713 344 2052
483 722 344 2061
484 723 349 2069
485 717 350 2090
486 725 350 2102
487 729 351 2110
488 731 352 2125
489 735 353 2135
490 741 355 2146
491 742 356 2157
492 743 356 2170
493 747 357 2180
494 751 359 2194
495 760 360 2201
496 761 362 2215
497 757 365 2230
498 760 369 2241
499 765 369 2252
500 758 371 2266
501 762 373 2274
502 760 376 2287
503 761 380 2297
504 759 382 2310
505 759 385 2323
506 766 388 2332
507 776 390 2338
508 781 393 2348
509 779 399 2360
510 782 402 2372
511 785 403 2386
512 783 403 2404
513 784 405 2414
514 782 408 2428
515 784 410 2437
516 785 414 2453
517 781 420 2468
518 777 423 2478
519 787 423 2492
520 795 425 2506
521 807 428 2511
522 803 432 2528
523 810 434 2536
524 817 434 2551
525 828 436 2560
526 834 438 2571
527 832 441 2584
528 839 443 2597
529 831 445 2614
530 836 445 2624
531 836 446 2639
532 844 446 2649
533 850 449 2657
534 847 451 2673
535 846 453 2687
536 850 454 2701
537 846 454 2721
538 843 458 2733
539 854 461 2744
540 850 465 2758
541 858 470 2765
542 857 471 2782
543 870 474 2791
544 868 475 2810
545 870 478 2821
546 871 481 2834
547 871 486 2849
548 880 487 2860
549 880 489 2878
550 888 491 2889
551 897 494 2900
552 896 496 2920
553 898 498 2937
554 902 498 2956
555 913 500 2962
556 904 504 2981
557 902 507 2998
558 909 507 3014
559 899 509 3034
560 911 509 3048
561 922 509 3061
562 932 511 3073
563 936 514 3084
564 939 515 3092
565 949 517 3105
566 953 519 3117
567 962 522 3127
568 962 524 3146
569 970 524 3158
570 980 527 3172
571 990 529 3186
572 999 531 3201
573 1004 534 3212
574 1006 536 3227
575 1009 539 3246
576 1014 540 3261
577 1020 540 3277
578 1018 541 3296
579 1007 547 3316
580 1017 550 3328
581 1007 556 3347
582 1012 559 3363
583 1017 560 3380
584 1024 560 3398
585 1026 562 3417
586 1033 563 3438
587 1038 568 3451
588 1042 571 3472
589 1042 572 3486
590 1042 575 3503
591 1040 578 3521
592 1044 580 3535
593 1042 584 3548
594 1056 586 3560
595 1053 588 3584
596 1058 590 3602
597 1056 590 3622
598 1071 591 3635
599 1069 594 3657
600 1061 599 3680
601 1068 603 3697
602 1066 607 3716
603 1066 609 3732
604 1073 614 3741
605 1078 620 3756
606 1081 623 3772
607 1085 628 3788
608 1091 631 3799
609 1087 636 3818
610 1092 638 3836
611 1091 641 3853
612 1089 644 3873
613 1088 646 3891
614 1088 647 3909
615 1094 647 3931
616 1103 648 3944
617 1105 650 3963
618 1112 652 3979
619 1104 653 4006
620 1106 657 4021
621 1104 660 4044
622 1112 661 4059
623 1110 666 4072
624 1113 670 4089
625 1113 673 4106
626 1120 676 4125
627 1125 677 4137
628 1126 681 4159
629 1136 682 4173
630 1134 684 4186
631 1132 687 4208
632 1133 689 4231
633 1123 697 4250
634 1119 703 4272
635 1127 704 4292
636 1130 711 4305
637 1131 714 4323
638 1136 717 4341
639 1144 722 4356
640 1149 727 4372
641 1154 731 4385
642 1151 736 4404
643 1147 741 4426
644 1148 748 4444
645 1159 752 4462
646 1157 756 4481
647 1155 761 4503
648 1153 761 4524
649 1154 763 4548
650 1148 764 4568
651 1159 769 4580
652 1160 770 4599
653 1167 770 4617
654 1172 774 4630
655 1174 775 4649
656 1180 780 4664
657 1177 782 4683
658 1188 783 4693
659 1194 785 4706
660 1205 786 4723
661 1213 791 4738
662 1217 794 4758
663 1224 798 4778
664 1231 800 4794
665 1227 802 4819
666 1231 803 4840
667 1243 806 4856
668 1256 807 4872
669 1254 812 4890
670 1266 814 4900
671 1266 818 4922
672 1275 821 4939
673 1276 830 4958
674 1283 834 4979
675 1290 839 5000
676 1294 844 5020
677 1306 844 5042
678 1317 846 5056
679 1319 850 5082
680 1326 851 5104
681 1332 857 5122
682 1334 863 5142
683 1337 870 5159
684 1341 873 5181
685 1348 874 5206
686 1356 876 5225
687 1354 878 5249
688 1369 881 5263
689 1376 884 5284
690 1396 888 5303
691 1392 894 5330
692 1404 895 5346
693 1400 900 5375
694 1398 906 5396
695 1405 914 5418
696 1398 920 5440
697 1399 928 5463
698 1404 931 5481
699 1426 931 5498
700 1442 932 5514
701 1442 935 5539
702 1443 940 5565
703 1458 940 5582
704 1468 941 5604
705 1472 944 5629
706 1470 949 5653
707 1477 952 5670
708 1483 957 5690
709 1509 961 5706
710 1517 968 5722
711 1514 970 5749
712 1518 972 5786
713 1518 975 5803
714 1527 980 5829
715 1541 982 5848
716 1561 983 5869
717 1583 986 5885
718 1591 991 5905
719 1601 994 5930
720 1599 998 5958
721 1613 1004 5980
722 1617 1006 6001
723 1619 1009 6021
724 1623 1012 6045
725 1625 1017 6070
726 1640 1022 6098
727 1646 1027 6119
728 1682 1033 6130
729 1689 1034 6158
730 1703 1040 6184
731 1713 1050 6207
732 1728 1053 6235
733 1748 1059 6253
734 1752 1064 6284
735 1759 1066 6308
736 1773 1070 6332
737 1786 1074 6353
738 1778 1078 6391
739 1774 1083 6417
740 1787 1090 6440
741 1789 1096 6467
742 1805 1099 6489
743 1814 1100 6522
744 1835 1108 6540
745 1837 1116 6566
746 1832 1125 6598
747 1843 1129 6626
748 1851 1133 6654
749 1865 1136 6679
750 1866 1138 6708
751 1861 1144 6746
752 1865 1148 6781
753 1862 1153 6806
754 1878 1159 6837
755 1882 1164 6864
756 1891 1167 6894
757 1907 1173 6918
758 1920 1176 6938
759 1921 1182 6976
760 1943 1183 6998
761 1971 1188 7017
762 1973 1193 7046
763 1977 1197 7071
764 1987 1201 7096
765 1999 1205 7124
766 2001 1208 7156
767 1998 1211 7192
768 1997 1214 7222
769 2017 1221 7251
770 2037 1224 7279
771 2042 1228 7320
772 2060 1235 7340
773 2069 1239 7376
774 2075 1241 7413
775 2087 1248 7445
776 2077 1252 7488
777 2092 1261 7519
778 2119 1266 7543
779 2122 1270 7577
780 2139 1275 7604
781 2151 1280 7627
782 2168 1283 7663
783 2177 1286 7699
784 2179 1288 7734
785 2194 1292 7763
786 2199 1295 7788
787 2203 1300 7818
788 2221 1305 7841
789 2228 1309 7874
790 2231 1313 7911
791 2217 1317 7955
792 2215 1330 7989
793 2218 1336 8023
794 2233 1340 8049
795 2250 1348 8080
796 2262 1356 8110
797 2274 1361 8141
798 2281 1369 8177
799 2287 1374 8222
800 2290 1378 8262
801 2312 1381 8299
802 2309 1389 8334
803 2310 1392 8377
804 2324 1404 8405
805 2336 1407 8437
806 2351 1410 8472
807 2365 1416 8506
808 2364 1423 8549
809 2378 1432 8587
810 2385 1438 8624
811 2403 1441 8657
812 2426 1444 8693
813 2442 1449 8730
814 2452 1459 8757
815 2452 1463 8794
816 2489 1464 8822
817 2500 1469 8861
818 2515 1476 8892
819 2535 1481 8919
820 2545 1488 8951
821 2545 1494 8998
822 2552 1501 9035
823 2565 1508 9071
824 2592 1510 9105
825 2602 1516 9146
826 2622 1520 9175
827 2640 1528 9215
828 2650 1533 9253
829 2670 1539 9286
830 2677 1543 9323
831 2689 1553 9360
832 2709 1562 9393
833 2721 1569 9426
834 2736 1580 9460
835 2740 1587 9503
836 2746 1594 9553
837 2779 1599 9581
838 2786 1607 9622
839 2817 1613 9661
840 2831 1624 9695
841 2843 1632 9737
842 2860 1637 9780
843 2876 1647 9819
844 2880 1657 9864
845 2911 1665 9891
846 2913 1672 9941
847 2946 1679 9977
848 2969 1681 10027
849 2961 1692 10077
850 2964 1698 10120
851 2991 1705 10153
852 3018 1717 10199
853 3021 1732 10256
854 3049 1742 10291
855 3067 1749 10343
856 3068 1758 10395
857 3078 1764 10440
858 3100 1776 10483
859 3105 1782 10529
860 3118 1790 10578
861 3123 1799 10629
862 3131 1807 10672
863 3166 1814 10716
864 3170 1825 10763
865 3177 1836 10814
866 3193 1845 10855
867 3176 1858 10912
868 3196 1863 10950
869 3206 1874 10997
870 3212 1883 11051
871 3240 1891 11094
872 3255 1895 11157
873 3272 1911 11200
874 3282 1925 11241
875 3293 1937 11288
876 3302 1949 11338
877 3307 1954 11387
878 3318 1968 11433
879 3319 1978 11491
880 3326 1990 11535
881 3341 1993 11599
882 3360 2004 11645
883 3366 2014 11705
884 3364 2024 11763
885 3367 2036 11814
886 3380 2040 11864
887 3383 2050 11920
888 3384 2061 11972
889 3394 2069 12018
890 3397 2081 12064
891 3408 2088 12116
892 3423 2095 12165
893 3426 2105 12221
894 3441 2115 12261
895 3455 2121 12323
896 3463 2128 12380
897 3472 2134 12434
898 3470 2144 12488
899 3492 2153 12546
900 3524 2160 12584
901 3526 2167 12641
902 3533 2173 12695
903 3532 2184 12745
904 3551 2189 12793
905 3574 2199 12849
906 3575 2213 12898
907 3613 2221 12931
908 3618 2235 12985
909 3633 2247 13043
910 3648 2257 13095
911 3669 2264 13151
912 3668 2273 13209
913 3701 2280 13258
914 3729 2290 13305
915 3758 2297 13348
916 3767 2306 13401
917 3805 2317 13447
918 3820 2324 13504
919 3847 2329 13561
920 3872 2337 13615
921 3886 2345 13682
922 3886 2356 13745
923 3921 2365 13797
924 3931 2375 13863
925 3935 2382 13928
926 3969 2392 13979
927 3980 2397 14043
928 3962 2408 14118
929 4013 2416 14167
930 4025 2423 14237
931 4036 2433 14298
932 4045 2438 14360
933 4060 2453 14421
934 4057 2465 14500
935 4079 2472 14565
936 4081 2480 14634
937 4115 2487 14686
938 4144 2495 14740
939 4155 2506 14814
940 4178 2517 14870
941 4199 2530 14928
942 4220 2545 14987
943 4233 2551 15045
944 4246 2560 15122
945 4254 2573 15197
946 4263 2585 15263
947 4262 2595 15338
948 4264 2605 15408
949 4289 2618 15463
950 4299 2626 15530
951 4316 2633 15606
952 4341 2647 15673
953 4376 2659 15734
954 4374 2672 15807
955 4401 2678 15889
956 4404 2690 15956
957 4425 2699 16026
958 4452 2709 16101
959 4503 2717 16155
960 4536 2728 16213
961 4565 2739 16269
962 4595 2748 16338
963 4619 2759 16411
964 4665 2773 16465
965 4711 2780 16522
966 4742 2787 16576
967 4768 2799 16648
968 4779 2813 16706
969 4852 2825 16761
970 4856 2834 16845
971 4872 2857 16917
972 4899 2868 16990
973 4955 2875 17046
974 4980 2887 17120
975 5031 2899 17184
