0 50 0 0
1 51 0 1
2 52 0 1
3 53 1 1
4 52 1 2
5 53 1 2
6 53 1 3
7 53 1 3
8 53 1 4
9 54 1 4
10 54 1 5
11 54 2 6
12 53 3 6
13 55 3 6
14 56 3 6
15 57 3 6
16 57 3 6
17 57 3 6
18 57 4 6
19 57 4 6
20 58 4 7
21 61 5 7
22 64 5 7
23 62 6 8
24 61 7 8
25 64 7 9
26 64 7 10
27 63 7 11
28 65 7 11
29 65 7 12
30 65 7 12
31 67 7 13
32 69 8 13
33 68 8 15
34 66 9 16
35 66 9 16
36 66 9 17
37 68 9 18
38 70 9 18
39 69 11 18
40 67 11 20
41 69 11 21
42 67 11 23
43 67 11 25
44 67 11 27
45 69 12 27
46 73 12 27
47 74 12 28
48 75 12 29
49 74 12 31
50 71 13 33
51 69 13 36
52 69 13 37
53 67 13 39
54 66 14 40
55 68 15 40
56 68 15 41
57 66 15 43
58 69 15 44
59 71 15 45
60 70 15 46
61 72 16 48
62 73 16 48
63 72 17 49
64 72 17 51
65 72 17 52
66 71 17 53
67 72 17 54
68 71 17 56
69 71 17 56
70 74 17 56
71 73 17 58
72 72 17 59
73 71 17 61
74 70 17 63
75 70 18 64
76 71 18 64
77 69 18 66
78 68 18 68
79 68 19 69
80 69 19 69
81 69 19 70
82 69 19 70
83 73 19 70
84 76 19 70
85 78 19 70
86 83 19 70
87 81 20 73
88 82 20 74
89 82 20 75
90 81 21 76
91 81 22 78
92 82 22 79
93 84 22 79
94 82 22 82
95 85 22 82
96 90 22 83
97 91 22 84
98 85 24 88
99 86 24 88
100 84 24 90
101 85 24 90
102 86 24 90
103 86 24 93
104 85 24 95
105 84 25 96
106 86 25 97
107 85 25 99
108 88 25 100
109 88 25 103
110 92 25 104
111 91 25 107
112 92 25 108
113 91 25 111
114 93 25 112
115 93 25 115
116 93 25 119
117 94 25 120
118 97 25 121
119 97 25 122
120 98 25 123
121 98 26 124
122 100 26 125
123 102 26 125
124 99 28 130
125 103 28 131
126 101 28 135
127 99 28 139
128 100 29 141
129 98 29 144
130 100 29 146
131 99 29 147
132 102 29 147
133 103 29 149
134 103 29 150
135 106 30 151
136 106 30 153
137 110 30 153
138 111 30 154
139 113 30 155
140 111 31 158
141 107 31 162
142 107 31 164
143 107 31 167
144 105 31 171
145 106 31 173
146 109 31 173
147 107 32 175
148 109 32 177
149 111 32 181
150 112 32 183
151 110 32 186
152 109 32 189
153 107 32 192
154 109 32 192
155 110 32 194
156 113 32 195
157 117 32 197
158 119 32 199
159 120 32 200
160 120 32 202
161 121 32 202
162 120 33 206
163 117 33 211
164 114 33 214
165 114 34 218
166 113 34 222
167 115 34 222
168 115 34 222
169 117 34 222
170 121 34 222
171 119 35 225
172 122 35 227
173 126 35 229
174 129 35 231
175 130 35 231
176 127 36 236
177 130 36 238
178 131 36 240
179 127 37 243
180 123 38 247
181 123 39 249
182 128 39 252
183 125 41 253
184 125 41 255
185 127 41 257
186 124 41 261
187 126 41 262
188 127 41 264
189 127 41 266
190 128 41 269
191 129 41 272
192 127 42 277
193 128 42 279
194 130 42 280
195 130 43 280
196 131 43 282
197 131 44 284
198 131 46 288
199 131 46 290
200 137 46 291
201 138 47 292
202 141 47 292
203 140 47 294
204 139 48 294
205 143 48 294
206 141 48 297
207 141 49 301
208 145 49 303
209 145 49 304
210 143 49 307
211 143 51 308
212 141 53 311
213 145 53 311
214 145 53 318
215 148 54 318
216 144 54 322
217 142 54 324
218 138 54 329
219 138 55 331
220 141 56 332
221 140 56 336
222 142 58 337
223 142 60 337
224 141 62 338
225 136 65 341
226 137 66 344
227 134 66 348
228 135 66 351
229 135 66 353
230 139 66 354
231 139 66 356
232 143 66 356
233 144 66 358
234 143 67 360
235 142 67 363
236 138 68 369
237 140 69 369
238 139 69 372
239 138 69 375
240 143 69 377
241 143 69 379
242 146 70 381
243 146 70 384
244 148 71 385
245 150 72 387
246 152 72 387
247 149 72 392
248 154 72 395
249 160 72 397
250 159 72 402
251 161 73 404
252 158 73 409
253 162 73 410
254 167 73 415
255 167 73 417
256 169 73 419
257 175 73 422
258 174 75 425
259 175 75 427
260 173 76 432
261 173 76 436
262 173 77 438
263 180 77 438
264 186 77 440
265 188 77 442
266 191 78 445
267 190 80 447
268 188 81 452
269 190 81 457
270 189 81 460
271 188 81 465
272 189 81 468
273 192 81 469
274 194 82 472
275 194 82 475
276 196 83 478
277 201 83 479
278 205 83 479
279 211 83 479
280 216 83 481
281 220 83 482
282 213 85 488
283 215 85 493
284 213 86 498
285 216 86 499
286 221 87 501
287 227 88 503
288 225 88 511
289 224 88 514
290 233 90 514
291 231 91 518
292 230 91 521
293 229 94 523
294 231 96 526
295 227 96 533
296 226 97 537
297 223 98 542
298 221 99 547
299 218 100 551
300 221 100 553
301 216 101 558
302 217 101 561
303 217 101 567
304 219 101 568
305 221 101 571
306 220 102 574
307 222 104 575
308 225 106 579
309 226 106 581
310 225 108 585
311 227 109 589
312 228 112 590
313 227 113 594
314 228 113 596
315 227 115 600
316 231 115 605
317 227 117 612
318 223 117 618
319 227 119 618
320 230 119 619
321 231 120 620
322 234 121 622
323 236 121 625
324 231 122 629
325 234 123 630
326 235 124 634
327 237 124 637
328 239 124 640
329 240 124 646
330 237 124 651
331 239 125 651
332 235 127 655
333 231 129 660
334 229 130 664
335 230 130 667
336 231 130 670
337 234 130 672
338 239 130 673
339 242 130 675
340 242 130 677
341 242 130 680
342 245 131 684
343 245 131 688
344 248 131 691
345 254 132 695
346 256 134 698
347 255 135 703
348 262 135 709
349 258 135 714
350 261 137 716
351 256 137 722
352 258 137 726
353 264 137 729
354 261 137 737
355 269 139 738
356 262 139 747
357 261 140 753
358 262 140 757
359 264 140 758
360 268 141 762
361 271 141 765
362 271 141 770
363 277 141 773
364 280 141 777
365 286 142 779
366 284 142 783
367 287 143 786
368 290 144 789
369 293 145 792
370 292 145 798
371 289 145 804
372 292 145 807
373 292 146 812
374 299 147 812
375 295 147 819
376 296 147 824
377 302 147 826
378 303 148 831
379 302 148 840
380 304 148 844
381 311 149 852
382 310 149 856
383 314 150 858
384 320 150 860
385 318 153 868
386 319 153 870
387 320 153 875
388 321 154 881
389 321 155 888
390 319 155 898
391 317 156 903
392 319 157 907
393 322 157 910
394 320 159 915
395 321 160 917
396 323 160 920
397 318 160 928
398 315 161 935
399 313 162 942
400 314 162 948
401 314 162 953
402 317 162 958
403 319 163 962
404 319 164 966
405 322 164 968
406 321 165 973
407 322 167 979
408 326 167 982
409 329 167 988
410 333 168 989
411 329 168 997
412 330 168 998
413 329 169 1003
414 330 170 1008
415 328 170 1016
416 330 172 1018
417 329 172 1023
418 331 173 1030
419 331 173 1039
420 332 175 1045
421 336 175 1048
422 337 176 1051
423 345 176 1055
424 347 177 1062
425 352 177 1062
426 349 179 1069
427 349 180 1073
428 351 180 1079
429 359 181 1084
430 365 181 1087
431 365 182 1095
432 359 183 1103
433 359 183 1109
434 361 183 1116
435 360 183 1122
436 364 183 1129
437 367 184 1138
438 368 184 1144
439 365 184 1151
440 370 186 1153
441 376 186 1158
442 379 187 1162
443 381 189 1168
444 378 191 1174
445 376 194 1183
446 375 195 1187
447 375 196 1193
448 375 197 1199
449 378 199 1208
450 376 203 1209
451 373 206 1217
452 375 206 1223
453 380 207 1231
454 379 207 1243
455 377 207 1256
456 380 207 1262
457 385 209 1265
458 385 210 1268
459 394 212 1269
460 397 212 1274
461 397 213 1284
462 397 213 1289
463 397 213 1294
464 402 213 1300
465 404 214 1306
466 403 215 1311
467 401 216 1318
468 404 218 1324
469 407 218 1328
470 413 219 1331
471 412 220 1340
472 412 220 1346
473 411 222 1354
474 419 222 1358
475 418 224 1365
476 421 224 1370
477 426 225 1375
478 418 225 1387
479 419 226 1398
480 422 226 1405
481 423 227 1412
482 418 228 1423
483 418 228 1430
484 417 228 1437
485 419 229 1444
486 422 229 1450
487 420 231 1458
488 428 233 1460
489 427 236 1466
490 428 237 1471
491 440 237 1472
492 446 237 1475
493 445 242 1483
494 457 243 1486
495 459 243 1494
496 468 246 1498
497 466 246 1507
498 465 248 1513
499 459 250 1526
500 467 250 1529
501 464 253 1539
502 469 254 1542
503 470 255 1552
504 476 255 1556
505 475 255 1564
506 471 257 1574
507 468 261 1580
508 464 263 1591
509 470 264 1597
510 471 265 1604
511 468 265 1616
512 469 265 1622
513 486 266 1625
514 486 268 1636
515 486 269 1646
516 483 270 1660
517 489 271 1665
518 492 272 1672
519 489 274 1681
520 485 274 1692
521 490 274 1700
522 488 275 1711
523 486 276 1719
524 488 276 1729
525 497 277 1735
526 500 279 1743
527 504 281 1752
528 503 286 1762
529 503 287 1771
530 505 288 1779
531 512 288 1787
532 519 289 1793
533 511 292 1806
534 506 295 1815
535 510 296 1820
536 511 296 1824
537 513 297 1830
538 510 298 1838
539 511 298 1847
540 510 302 1856
541 506 304 1865
542 506 309 1870
543 512 310 1876
544 511 311 1881
545 512 315 1889
546 516 316 1896
547 519 317 1903
548 519 318 1911
549 531 319 1913
550 537 322 1918
551 540 322 1930
552 545 324 1934
553 544 324 1945
554 542 325 1957
555 543 325 1964
556 540 326 1979
557 538 329 1982
558 536 331 1991
559 538 333 1998
560 542 334 2008
561 547 337 2014
562 549 337 2023
563 559 338 2031
564 569 342 2036
565 569 344 2042
566 573 344 2047
567 582 345 2053
568 581 347 2063
569 574 348 2075
570 576 350 2086
571 573 352 2095
572 581 355 2101
573 587 356 2108
574 589 356 2118
575 592 357 2129
576 596 358 2135
577 595 359 2145
578 598 362 2151
579 598 364 2165
580 586 365 2183
581 587 366 2194
582 586 367 2208
583 592 367 2216
584 602 368 2221
585 602 371 2232
586 607 374 2237
587 604 377 2245
588 609 379 2256
589 609 383 2265
590 615 387 2275
591 626 387 2278
592 624 388 2289
593 631 390 2296
594 623 392 2313
595 619 395 2324
596 615 398 2336
597 611 399 2349
598 615 404 2355
599 620 406 2365
600 618 406 2374
601 615 410 2385
602 620 411 2395
603 619 413 2406
604 625 414 2413
605 623 416 2425
606 625 420 2433
607 627 421 2447
608 630 422 2456
609 630 423 2466
610 629 425 2473
611 628 426 2481
612 641 426 2489
613 646 428 2502
614 647 428 2512
615 641 431 2523
616 643 434 2528
617 652 438 2532
618 664 438 2539
619 667 439 2549
620 665 441 2561
621 675 443 2570
622 682 445 2581
623 679 447 2591
624 686 451 2600
625 691 454 2613
626 700 455 2621
627 707 457 2630
628 704 458 2649
629 713 460 2657
630 716 460 2670
631 723 461 2677
632 722 461 2691
633 721 464 2706
634 726 465 2712
635 723 465 2729
636 735 467 2735
637 734 469 2746
638 734 472 2759
639 742 476 2766
640 736 476 2786
641 748 476 2790
642 749 477 2801
643 753 479 2810
644 752 483 2819
645 751 483 2834
646 763 483 2847
647 768 485 2857
648 775 487 2865
649 787 487 2874
650 795 490 2883
651 811 490 2894
652 817 490 2900
653 820 494 2912
654 814 498 2924
655 823 500 2934
656 832 503 2946
657 842 504 2959
658 851 505 2971
659 853 507 2980
660 852 509 3000
661 851 513 3011
662 859 514 3020
663 856 514 3040
664 860 517 3048
665 858 520 3059
666 858 522 3071
667 862 525 3083
668 863 527 3096
669 871 530 3115
670 882 532 3128
671 899 534 3138
672 900 536 3152
673 904 537 3172
674 924 538 3181
675 926 541 3194
676 920 541 3216
677 941 543 3226
678 935 545 3242
679 929 549 3261
680 931 552 3278
681 940 554 3288
682 941 554 3303
683 941 557 3317
684 948 561 3330
685 949 565 3344
686 959 565 3357
687 964 568 3375
688 979 570 3387
689 983 571 3401
690 991 572 3415
691 999 573 3431
692 1018 575 3442
693 1030 575 3458
694 1039 578 3465
695 1047 582 3478
696 1050 586 3502
697 1064 588 3518
698 1073 591 3530
699 1079 594 3542
700 1082 595 3559
701 1084 596 3577
702 1082 597 3600
703 1088 599 3617
704 1095 602 3627
705 1101 605 3642
706 1097 612 3662
707 1106 615 3675
708 1111 617 3695
709 1124 617 3714
710 1134 620 3732
711 1131 621 3751
712 1142 622 3770
713 1148 624 3787
714 1136 630 3812
715 1142 633 3826
716 1152 636 3838
717 1154 639 3853
718 1156 641 3873
719 1161 643 3889
720 1159 647 3913
721 1165 648 3927
722 1170 651 3949
723 1163 655 3971
724 1159 658 3987
725 1171 661 3999
726 1185 665 4015
727 1194 665 4035
728 1195 667 4057
729 1197 669 4073
730 1206 672 4087
731 1203 674 4113
732 1203 677 4132
733 1199 683 4156
734 1207 685 4171
735 1208 687 4195
736 1220 691 4212
737 1219 695 4232
738 1230 700 4244
739 1222 703 4264
740 1228 705 4285
741 1230 710 4308
742 1233 710 4331
743 1234 715 4350
744 1242 716 4365
745 1252 720 4381
746 1250 722 4410
747 1254 728 4426
748 1256 731 4445
749 1269 733 4463
750 1278 738 4480
751 1280 746 4496
752 1290 747 4515
753 1299 748 4536
754 1302 751 4554
755 1312 756 4570
756 1316 760 4582
757 1316 762 4607
758 1322 764 4624
759 1327 767 4650
760 1325 769 4678
761 1338 771 4695
762 1340 776 4717
763 1341 776 4741
764 1352 779 4758
765 1372 783 4774
766 1371 786 4794
767 1375 791 4816
768 1389 795 4826
769 1391 799 4847
770 1403 803 4865
771 1412 809 4890
772 1420 813 4907
773 1421 816 4927
774 1430 819 4948
775 1432 822 4975
776 1429 828 5001
777 1421 838 5027
778 1430 841 5045
779 1453 845 5054
780 1453 850 5076
781 1456 853 5103
782 1463 856 5119
783 1470 859 5140
784 1483 861 5153
785 1487 864 5176
786 1497 869 5203
787 1507 870 5227
788 1515 875 5250
789 1518 880 5274
790 1513 883 5306
791 1527 885 5325
792 1517 891 5351
793 1519 894 5376
794 1517 898 5404
795 1527 903 5423
796 1533 905 5452
797 1541 906 5471
798 1553 908 5486
799 1569 910 5512
800 1575 913 5533
801 1568 919 5561
802 1571 924 5581
803 1578 928 5608
804 1588 931 5633
805 1595 937 5660
806 1595 942 5682
807 1597 944 5711
808 1605 946 5726
809 1619 949 5749
810 1629 952 5770
811 1620 953 5802
812 1634 954 5824
813 1638 958 5846
814 1658 960 5869
815 1663 961 5900
816 1685 963 5920
817 1691 969 5949
818 1691 972 5984
819 1700 979 6005
820 1714 983 6027
821 1739 990 6047
822 1735 993 6081
823 1748 994 6105
824 1751 1001 6131
825 1747 1006 6160
826 1758 1010 6185
827 1752 1015 6216
828 1773 1020 6239
829 1792 1023 6257
830 1811 1024 6282
831 1814 1027 6312
832 1820 1035 6338
833 1824 1045 6359
834 1831 1050 6386
835 1836 1055 6421
836 1841 1058 6453
837 1846 1063 6485
838 1844 1069 6517
839 1855 1074 6551
840 1876 1079 6579
841 1881 1082 6606
842 1895 1089 6633
843 1899 1093 6665
844 1899 1096 6696
845 1906 1098 6725
846 1926 1103 6754
847 1935 1105 6779
848 1945 1111 6811
849 1952 1118 6840
850 1952 1123 6871
851 1967 1124 6904
852 1963 1133 6941
853 1970 1140 6970
854 1972 1147 7000
855 1977 1150 7028
856 1986 1154 7059
857 1989 1158 7092
858 1993 1168 7120
859 1989 1179 7158
860 2008 1185 7180
861 2021 1188 7205
862 2027 1194 7243
863 2029 1199 7277
864 2046 1201 7309
865 2040 1207 7350
866 2050 1208 7376
867 2050 1219 7406
868 2052 1226 7443
869 2050 1235 7475
870 2066 1240 7500
871 2077 1247 7526
872 2075 1253 7568
873 2081 1258 7602
874 2084 1262 7635
875 2103 1265 7655
876 2108 1272 7683
877 2108 1278 7717
878 2108 1285 7749
879 2113 1286 7790
880 2118 1294 7820
881 2136 1301 7846
882 2153 1305 7872
883 2148 1309 7907
884 2173 1313 7933
885 2178 1320 7966
886 2189 1324 7993
887 2187 1328 8036
888 2190 1338 8071
889 2189 1343 8109
890 2210 1349 8134
891 2228 1353 8166
892 2247 1358 8195
893 2241 1364 8235
894 2258 1371 8262
895 2266 1376 8294
896 2271 1381 8333
897 2280 1384 8365
898 2292 1387 8392
899 2289 1392 8439
900 2296 1395 8475
901 2308 1406 8502
902 2317 1411 8542
903 2313 1420 8577
904 2319 1428 8609
905 2350 1432 8638
906 2363 1436 8670
907 2372 1439 8708
908 2379 1445 8744
909 2397 1448 8776
910 2408 1450 8816
911 2412 1459 8859
912 2414 1466 8897
913 2444 1474 8925
914 2456 1481 8956
915 2473 1487 8982
916 2477 1497 9027
917 2481 1500 9061
918 2501 1506 9087
919 2530 1513 9122
920 2530 1518 9167
921 2541 1526 9210
922 2561 1531 9246
923 2574 1539 9284
924 2590 1546 9324
925 2592 1556 9363
926 2601 1567 9400
927 2615 1578 9435
928 2625 1585 9480
929 2629 1589 9521
930 2651 1591 9556
931 2662 1602 9599
932 2694 1606 9636
933 2716 1611 9682
934 2721 1621 9724
935 2729 1630 9760
936 2749 1636 9796
937 2773 1639 9841
938 2786 1644 9888
939 2807 1647 9928
940 2825 1657 9971
941 2845 1659 10010
942 2856 1663 10047
943 2863 1673 10084
944 2859 1688 10140
945 2873 1698 10178
946 2880 1704 10217
947 2884 1717 10272
948 2903 1728 10313
949 2921 1739 10358
950 2913 1749 10415
951 2941 1758 10456
952 2970 1763 10495
953 2968 1772 10550
954 2986 1778 10587
955 3000 1789 10633
956 3020 1796 10667
957 3036 1805 10710
958 3041 1815 10757
959 3059 1823 10801
960 3069 1832 10842
961 3086 1840 10887
962 3084 1847 10953
963 3103 1851 10991
964 3119 1857 11042
965 3132 1866 11087
966 3140 1881 11134
967 3154 1887 11183
968 3166 1891 11235
969 3199 1899 11280
970 3229 1903 11323
971 3238 1911 11378
972 3247 1922 11425
973 3258 1931 11466
974 3251 1941 11522
975 3275 1953 11568
976 3296 1956 11618
977 3318 1969 11667
978 3332 1976 11717
979 3333 1988 11768
980 3343 1998 11819
981 3347 2010 11866
982 3367 2024 11903
983 3387 2031 11946
984 3414 2040 11993
985 3415 2053 12053
986 3438 2070 12103
987 3423 2082 12167
988 3426 2089 12221
989 3444 2099 12273
990 3461 2111 12320
991 3470 2119 12372
992 3489 2126 12425
993 3516 2135 12464
994 3522 2143 12519
995 3531 2153 12578
996 3545 2161 12628
997 3587 2166 12674
998 3618 2177 12726
999 3621 2184 12796
1000 3641 2195 12859
1001 3651 2205 12912
1002 3672 2212 12955
1003 3687 2222 13020
1004 3707 2232 13081
1005 3725 2244 13141
1006 3740 2249 13198
1007 3754 2255 13259
1008 3761 2262 13326
1009 3778 2271 13381
1010 3801 2287 13428
1011 3837 2289 13475
1012 3837 2301 13549
1013 3839 2312 13618
1014 3832 2330 13681
1015 3836 2348 13733
1016 3838 2363 13789
1017 3881 2366 13842
1018 3917 2378 13892
1019 3938 2385 13952
1020 3959 2397 14004
1021 3970 2409 14058
1022 3990 2421 14116
1023 3997 2438 14186
1024 4018 2451 14238
1025 4035 2460 14293
1026 4047 2475 14354
1027 4079 2484 14413
1028 4097 2496 14474
1029 4105 2511 14541
1030 4136 2523 14595
1031 4156 2535 14648
1032 4159 2541 14715
1033 4201 2549 14761
1034 4230 2557 14819
1035 4247 2572 14895
1036 4270 2586 14959
1037 4283 2600 15024
1038 4320 2610 15079
1039 4350 2621 15143
1040 4378 2637 15199
1041 4400 2645 15254
1042 4408 2656 15319
1043 4421 2668 15391
1044 4473 2677 15449
1045 4483 2695 15511
1046 4493 2713 15583
1047 4513 2723 15637
1048 4543 2733 15697
1049 4557 2742 15777
1050 4565 2752 15856
1051 4579 2762 15938
1052 4592 2771 16003
1053 4608 2779 16074
1054 4622 2787 16150
1055 4635 2800 16240
1056 4675 2810 16299
1057 4696 2821 16377
1058 4728 2829 16447
1059 4747 2835 16523
1060 4755 2845 16591
1061 4784 2856 16655
1062 4797 2866 16727
1063 4813 2887 16803
1064 4827 2897 16881
1065 4843 2910 16964
1066 4873 2919 17040
1067 4907 2939 17109
1068 4930 2951 17185
1069 4962 2956 17255
1070 4967 2972 17345
1071 4987 2980 17432
1072 4986 2987 17514
1073 5028 2994 17579
