0 50 0 0
1 50 1 0
2 51 1 0
3 51 1 0
4 50 2 2
5 51 2 2
6 52 2 2
7 51 2 3
8 52 2 3
9 52 3 4
10 51 3 5
11 51 3 6
12 52 3 7
13 55 3 7
14 57 3 7
15 60 3 8
16 59 3 9
17 59 3 10
18 60 3 10
19 61 3 10
20 60 3 11
21 58 3 14
22 58 3 14
23 57 3 16
24 57 3 16
25 56 3 18
26 57 3 18
27 56 4 18
28 57 4 20
29 58 5 21
30 62 5 21
31 61 5 22
32 61 5 22
33 63 5 23
34 63 5 23
35 62 5 27
36 61 5 30
37 60 6 31
38 61 6 32
39 63 6 32
40 66 6 32
41 69 6 33
42 71 6 33
43 71 6 33
44 70 7 34
45 71 7 34
46 70 8 35
47 68 8 37
48 67 8 38
49 66 8 39
50 66 8 42
51 68 8 42
52 70 8 42
53 71 8 44
54 72 9 44
55 71 9 45
56 73 9 45
57 73 10 45
58 76 10 46
59 76 10 47
60 76 10 48
61 77 10 48
62 77 10 49
63 76 10 51
64 77 10 51
65 77 10 52
66 73 10 56
67 77 10 57
68 76 10 58
69 76 10 59
70 76 10 60
71 77 10 60
72 77 11 60
73 75 12 61
74 75 13 61
75 73 15 61
76 75 15 61
77 77 15 62
78 75 15 66
79 75 15 67
80 76 15 67
81 74 15 69
82 72 15 72
83 78 15 72
84 79 15 72
85 79 15 73
86 79 16 76
87 80 16 78
88 79 16 80
89 76 17 83
90 79 17 84
91 81 17 85
92 80 17 86
93 78 17 89
94 81 17 89
95 85 17 89
96 85 17 90
97 83 17 93
98 82 17 95
99 84 18 96
100 83 18 99
101 86 18 100
102 85 18 102
103 85 18 104
104 84 19 106
105 83 19 107
106 80 20 111
107 83 20 111
108 89 20 112
109 90 20 113
110 91 20 114
111 92 20 115
112 94 20 115
113 94 20 116
114 95 20 116
115 97 20 116
116 94 20 119
117 95 20 120
118 96 20 121
119 98 20 123
120 100 20 123
121 101 20 123
122 101 20 125
123 99 20 128
124 98 21 130
125 97 21 131
126 96 21 133
127 95 21 134
128 97 21 135
129 98 22 137
130 99 22 138
131 100 22 138
132 98 22 141
133 99 22 141
134 96 23 144
135 98 23 144
136 100 23 145
137 100 23 147
138 102 23 151
139 103 23 151
140 104 23 152
141 103 23 154
142 102 24 155
143 102 24 157
144 99 25 159
145 102 25 159
146 102 26 160
147 100 28 162
148 98 28 166
149 99 29 167
150 100 30 168
151 101 30 173
152 101 30 174
153 105 30 175
154 102 30 179
155 104 30 180
156 103 31 182
157 103 31 184
158 106 31 185
159 109 31 186
160 104 33 190
161 105 33 190
162 104 33 191
163 111 33 191
164 113 33 194
165 118 33 194
166 120 33 196
167 120 34 198
168 121 34 199
169 122 34 199
170 121 34 201
171 121 34 203
172 123 35 204
173 125 35 205
174 124 35 208
175 125 35 211
176 127 35 211
177 127 36 213
178 128 36 215
179 130 36 216
180 131 36 220
181 131 36 221
182 128 36 226
183 126 37 229
184 127 37 232
185 128 37 233
186 133 37 236
187 134 37 236
188 136 37 236
189 140 37 236
190 141 37 237
191 144 38 238
192 147 38 240
193 146 38 244
194 144 39 249
195 143 39 251
196 144 40 253
197 144 40 256
198 142 40 259
199 147 40 259
200 147 40 261
201 146 41 263
202 145 41 267
203 147 41 272
204 145 41 277
205 147 41 278
206 147 43 280
207 149 43 281
208 150 43 285
209 149 43 288
210 150 43 289
211 149 43 291
212 147 43 295
213 151 43 295
214 152 43 297
215 154 43 299
216 149 44 305
217 146 46 308
218 145 47 309
219 142 49 311
220 141 49 314
221 140 49 319
222 140 50 320
223 142 50 320
224 145 50 322
225 147 51 324
226 147 51 325
227 145 51 327
228 146 51 328
229 146 51 332
230 144 53 333
231 144 53 335
232 148 53 336
233 149 53 339
234 152 53 340
235 150 54 342
236 152 54 343
237 157 54 343
238 160 54 346
239 159 55 348
240 160 56 351
241 159 56 352
242 156 57 355
243 159 58 356
244 161 59 359
245 162 59 363
246 162 59 366
247 164 59 370
248 160 60 374
249 162 60 376
250 164 60 378
251 165 61 379
252 165 61 382
253 164 61 386
254 162 61 389
255 166 62 392
256 162 62 396
257 164 64 398
258 161 65 401
259 160 66 404
260 165 66 406
261 166 66 408
262 169 66 411
263 171 66 413
264 176 66 415
265 179 66 415
266 180 67 417
267 179 67 420
268 180 67 421
269 181 67 425
270 184 67 427
271 182 68 432
272 186 68 434
273 190 69 436
274 192 69 437
275 192 70 440
276 197 70 442
277 198 72 443
278 193 72 448
279 195 72 453
280 196 73 456
281 201 73 457
282 201 74 459
283 208 75 462
284 210 76 463
285 217 76 463
286 217 78 467
287 222 78 467
288 221 78 471
289 223 78 473
290 226 78 476
291 225 78 483
292 227 79 484
293 232 79 486
294 233 80 490
295 232 80 494
296 229 80 500
297 230 82 502
298 231 83 505
299 228 85 511
300 233 85 511
301 236 85 512
302 238 86 513
303 237 88 516
304 240 88 520
305 241 89 525
306 243 90 530
307 246 90 530
308 247 91 532
309 248 92 534
310 259 92 535
311 262 94 538
312 264 96 541
313 260 96 548
314 257 99 551
315 256 99 555
316 255 101 555
317 256 102 557
318 253 103 563
319 258 103 565
320 259 103 569
321 263 106 570
322 263 106 576
323 265 107 581
324 266 108 583
325 270 108 589
326 268 108 597
327 268 108 604
328 271 109 605
329 274 111 606
330 269 111 613
331 271 112 615
332 268 112 623
333 266 112 630
334 267 112 635
335 268 112 639
336 270 113 642
337 270 113 645
338 269 115 651
339 267 115 657
340 268 116 662
341 270 117 667
342 270 118 673
343 270 118 676
344 269 119 682
345 269 120 687
346 266 121 693
347 270 125 697
348 270 126 698
349 272 127 701
350 274 127 707
351 273 127 712
352 276 128 715
353 279 128 719
354 285 129 721
355 280 129 730
356 280 130 732
357 279 130 738
358 284 130 740
359 290 132 741
360 290 133 746
361 294 133 751
362 301 133 753
363 306 135 755
364 310 135 756
365 315 136 759
366 314 136 765
367 315 136 770
368 312 137 777
369 316 138 779
370 319 141 784
371 321 141 788
372 323 142 791
373 321 143 795
374 325 143 798
375 324 143 804
376 319 144 813
377 319 145 821
378 321 145 827
379 323 146 831
380 325 147 834
381 325 147 843
382 325 148 847
383 328 148 850
384 331 149 857
385 331 149 863
386 337 149 868
387 333 153 874
388 333 155 883
389 334 155 888
390 342 155 893
391 353 155 895
392 360 156 898
393 366 156 902
394 369 156 906
395 365 159 914
396 370 159 920
397 379 160 924
398 377 160 935
399 376 161 942
400 378 161 948
401 384 161 951
402 389 162 953
403 390 162 961
404 396 164 964
405 396 165 977
406 408 165 979
407 411 167 984
408 408 169 988
409 408 170 992
410 408 171 997
411 408 173 1004
412 406 174 1010
413 405 175 1015
414 408 176 1019
415 415 176 1027
416 428 176 1028
417 435 176 1031
418 436 176 1036
419 437 176 1042
420 438 177 1050
421 443 178 1056
422 447 179 1064
423 455 179 1069
424 462 181 1072
425 466 182 1076
426 466 186 1082
427 468 187 1091
428 466 188 1097
429 468 188 1103
430 467 193 1107
431 473 194 1114
432 478 195 1123
433 475 197 1133
434 476 198 1143
435 482 199 1149
436 480 201 1156
437 477 201 1167
438 477 204 1173
439 479 204 1181
440 475 207 1186
441 472 210 1195
442 472 212 1199
443 474 213 1204
444 462 218 1217
445 467 220 1225
446 481 221 1230
447 487 221 1239
448 495 221 1243
449 499 221 1249
450 496 221 1262
451 499 223 1269
452 499 223 1277
453 496 224 1285
454 499 224 1293
455 505 224 1297
456 508 225 1300
457 505 226 1309
458 501 230 1320
459 504 232 1325
460 505 233 1332
461 515 235 1334
462 514 235 1342
463 514 237 1348
464 515 239 1356
465 517 242 1370
466 525 243 1374
467 523 246 1384
468 526 246 1392
469 528 247 1405
470 531 251 1410
471 536 253 1416
472 545 255 1420
473 546 257 1427
474 547 260 1437
475 553 261 1446
476 558 262 1453
477 561 264 1461
478 565 266 1470
479 575 268 1475
480 577 269 1484
481 580 272 1493
482 585 272 1504
483 584 275 1514
484 590 278 1519
485 599 278 1525
486 595 279 1535
487 599 279 1545
488 605 281 1553
489 601 284 1565
490 610 285 1571
491 614 286 1577
492 618 286 1585
493 620 287 1598
494 622 288 1606
495 633 288 1615
496 634 288 1626
497 632 290 1640
498 627 292 1654
499 641 292 1661
500 654 293 1666
501 652 297 1677
502 645 298 1691
503 649 299 1695
504 654 300 1702
505 654 302 1716
506 659 302 1725
507 671 302 1735
508 670 303 1746
509 674 303 1756
510 683 305 1767
511 684 306 1779
512 680 307 1794
513 686 308 1803
514 696 308 1810
515 700 310 1818
516 710 312 1824
517 703 312 1841
518 705 315 1857
519 712 316 1865
520 718 317 1880
521 725 318 1890
522 726 318 1901
523 731 319 1917
524 738 323 1926
525 742 325 1943
526 756 325 1952
527 758 328 1967
528 764 328 1979
529 772 330 1987
530 780 331 1995
531 794 338 2000
532 804 342 2010
533 799 345 2026
534 806 345 2035
535 805 346 2049
536 805 350 2062
537 815 351 2073
538 823 352 2081
539 837 355 2090
540 842 356 2100
541 841 356 2117
542 843 357 2131
543 857 359 2136
544 862 364 2146
545 871 365 2157
546 879 365 2171
547 880 372 2185
548 886 374 2195
549 885 378 2209
550 889 380 2220
551 894 381 2231
552 909 383 2243
553 909 385 2257
554 920 385 2270
555 923 390 2280
556 921 392 2299
557 919 395 2314
558 925 396 2328
559 917 401 2344
560 911 403 2357
561 914 405 2374
562 915 405 2390
563 911 407 2414
564 909 410 2429
565 908 414 2445
566 910 415 2460
567 920 416 2472
568 925 417 2487
569 930 421 2497
570 933 423 2509
571 928 426 2526
572 938 428 2534
573 948 429 2547
574 938 430 2571
575 941 430 2586
576 949 430 2594
577 950 434 2612
578 956 436 2625
579 953 439 2647
580 958 443 2659
581 971 446 2672
582 971 449 2687
583 971 453 2703
584 974 458 2714
585 980 458 2727
586 987 461 2739
587 991 465 2754
588 993 466 2768
589 1005 468 2782
590 1004 472 2794
591 1006 474 2808
592 1012 475 2822
593 1025 477 2834
594 1018 479 2850
595 1029 481 2858
596 1034 484 2873
597 1039 485 2887
598 1039 491 2906
599 1050 493 2922
600 1048 495 2944
601 1052 497 2955
602 1054 500 2973
603 1057 504 2988
604 1062 509 3002
605 1073 511 3015
606 1076 515 3031
607 1084 519 3041
608 1081 522 3065
609 1076 526 3088
610 1080 528 3104
611 1077 531 3121
612 1078 537 3141
613 1089 540 3152
614 1107 543 3160
615 1104 545 3179
616 1101 551 3198
617 1112 554 3215
618 1134 556 3228
619 1143 557 3242
620 1145 561 3259
621 1151 561 3273
622 1155 563 3293
623 1154 565 3311
624 1162 568 3337
625 1169 572 3358
626 1175 575 3379
627 1194 578 3391
628 1203 582 3415
629 1202 585 3436
630 1205 591 3455
631 1207 596 3473
632 1215 598 3487
633 1232 600 3499
634 1241 604 3517
635 1253 607 3528
636 1254 610 3553
637 1259 611 3571
638 1267 613 3586
639 1259 617 3608
640 1275 619 3630
641 1270 624 3653
642 1272 629 3673
643 1281 634 3688
644 1272 640 3711
645 1267 644 3735
646 1273 646 3750
647 1272 647 3774
648 1279 648 3799
649 1263 651 3833
650 1267 653 3853
651 1266 656 3877
652 1257 663 3901
653 1261 667 3919
654 1262 668 3941
655 1260 675 3957
656 1273 680 3973
657 1277 681 3994
658 1288 686 4016
659 1301 688 4040
660 1310 691 4060
661 1312 695 4081
662 1313 700 4101
663 1337 702 4114
664 1347 704 4127
665 1356 706 4146
666 1355 708 4174
667 1358 711 4193
668 1367 714 4207
669 1364 718 4232
670 1368 721 4251
671 1367 725 4270
672 1383 727 4286
673 1401 731 4303
674 1416 735 4316
675 1412 739 4342
676 1415 744 4368
677 1421 745 4385
678 1434 749 4403
679 1450 755 4416
680 1460 756 4445
681 1452 761 4473
682 1451 762 4503
683 1458 765 4526
684 1473 767 4547
685 1486 768 4568
686 1494 774 4594
687 1494 781 4621
688 1505 781 4644
689 1502 785 4672
690 1514 791 4694
691 1538 797 4711
692 1542 798 4737
693 1561 799 4757
694 1571 804 4785
695 1568 808 4812
696 1574 812 4832
697 1571 815 4870
698 1587 819 4889
699 1598 823 4903
700 1598 824 4929
701 1610 826 4947
702 1622 829 4965
703 1624 831 4991
704 1632 833 5013
705 1645 835 5037
706 1652 840 5066
707 1644 842 5096
708 1651 845 5121
709 1657 850 5141
710 1675 853 5163
711 1685 857 5189
712 1679 861 5220
713 1682 867 5248
714 1674 870 5281
715 1688 874 5302
716 1686 881 5323
717 1699 885 5351
718 1715 888 5376
719 1720 891 5406
720 1728 895 5435
721 1746 899 5454
722 1748 906 5484
723 1762 913 5507
724 1778 916 5529
725 1781 921 5556
726 1783 926 5580
727 1798 929 5603
728 1797 935 5632
729 1815 938 5657
730 1813 945 5690
731 1823 947 5717
732 1831 948 5748
733 1833 953 5783
734 1837 957 5813
735 1846 960 5846
736 1844 969 5871
737 1841 975 5901
738 1851 979 5927
739 1861 984 5953
740 1872 986 5979
741 1886 988 6008
742 1890 991 6036
743 1895 997 6066
744 1905 999 6093
745 1914 1006 6127
746 1917 1009 6156
747 1922 1016 6185
748 1938 1021 6213
749 1938 1029 6247
750 1949 1035 6278
751 1967 1042 6308
752 1989 1046 6332
753 1987 1050 6363
754 1994 1054 6393
755 2009 1056 6423
756 2031 1059 6452
757 2037 1061 6481
758 2060 1065 6504
759 2079 1071 6532
760 2087 1076 6566
761 2079 1087 6599
762 2085 1091 6634
763 2096 1094 6665
764 2088 1100 6702
765 2082 1106 6746
766 2097 1111 6770
767 2110 1115 6803
768 2116 1118 6838
769 2147 1121 6856
770 2141 1123 6896
771 2136 1125 6939
772 2143 1133 6961
773 2147 1140 6997
774 2156 1144 7039
775 2167 1148 7068
776 2177 1150 7101
777 2180 1158 7132
778 2190 1164 7165
779 2198 1168 7205
780 2219 1173 7233
781 2226 1176 7256
782 2221 1186 7294
783 2234 1189 7325
784 2247 1192 7363
785 2251 1198 7401
786 2256 1204 7434
787 2275 1211 7467
788 2295 1214 7499
789 2313 1215 7533
790 2335 1219 7562
791 2340 1224 7592
792 2350 1232 7618
793 2372 1237 7651
794 2381 1240 7691
795 2386 1246 7717
796 2400 1251 7749
797 2403 1256 7800
798 2410 1265 7833
799 2417 1271 7874
800 2418 1275 7929
801 2432 1280 7963
802 2428 1287 8004
803 2430 1292 8048
804 2451 1296 8078
805 2464 1303 8113
806 2492 1309 8151
807 2480 1313 8203
808 2495 1318 8232
809 2497 1326 8270
810 2509 1333 8308
811 2523 1339 8346
812 2541 1344 8384
813 2540 1353 8426
814 2545 1360 8465
815 2554 1369 8496
816 2564 1380 8534
817 2597 1384 8560
818 2626 1390 8589
819 2624 1398 8632
820 2633 1400 8674
821 2648 1415 8713
822 2675 1417 8749
823 2683 1426 8785
824 2687 1432 8822
825 2694 1438 8859
826 2716 1443 8904
827 2725 1448 8948
828 2745 1454 8992
829 2746 1461 9035
830 2753 1469 9076
831 2776 1473 9120
832 2799 1481 9159
833 2809 1485 9205
834 2816 1500 9251
835 2829 1507 9293
836 2849 1511 9333
837 2855 1515 9389
838 2866 1520 9428
839 2862 1523 9474
840 2885 1528 9516
841 2886 1531 9566
842 2886 1535 9626
843 2903 1542 9669
844 2916 1547 9713
845 2926 1558 9756
846 2948 1563 9798
847 2972 1570 9832
848 2981 1577 9875
849 2991 1587 9925
850 2980 1598 9979
851 3003 1605 10023
852 3030 1611 10065
853 3057 1615 10110
854 3074 1622 10152
855 3082 1627 10193
856 3090 1634 10249
857 3086 1643 10296
858 3100 1649 10338
859 3123 1658 10381
860 3130 1663 10435
861 3139 1669 10487
862 3172 1671 10534
863 3184 1676 10582
864 3204 1681 10633
865 3218 1690 10683
866 3233 1699 10728
867 3260 1708 10775
868 3267 1719 10820
869 3294 1726 10859
870 3325 1736 10904
871 3346 1743 10962
872 3360 1750 11006
873 3374 1756 11057
874 3393 1772 11103
875 3405 1784 11147
876 3406 1797 11201
877 3440 1802 11243
878 3447 1810 11306
879 3470 1817 11365
880 3489 1825 11426
881 3502 1834 11478
882 3518 1844 11536
883 3526 1852 11596
884 3542 1861 11658
885 3551 1867 11716
886 3546 1875 11793
887 3554 1887 11854
888 3556 1897 11913
889 3545 1905 11961
890 3562 1909 12018
891 3565 1915 12078
892 3593 1921 12132
893 3603 1932 12189
894 3622 1944 12242
895 3642 1953 12289
896 3650 1963 12348
897 3665 1965 12412
898 3665 1978 12466
899 3687 1986 12513
900 3708 1995 12560
901 3735 2003 12616
902 3746 2011 12680
903 3781 2021 12744
904 3804 2029 12799
905 3821 2036 12861
906 3829 2053 12915
907 3860 2057 12965
908 3870 2066 13028
909 3898 2077 13080
910 3909 2091 13141
911 3916 2100 13209
912 3938 2111 13265
913 3948 2118 13328
914 3947 2126 13391
915 3959 2138 13439
916 3987 2148 13504
917 3999 2155 13568
918 4014 2162 13630
919 4025 2169 13701
920 4034 2179 13760
921 4054 2187 13826
922 4061 2204 13891
923 4094 2209 13942
924 4105 2218 14009
925 4123 2226 14075
926 4152 2235 14135
927 4179 2244 14197
928 4218 2256 14249
929 4241 2264 14317
930 4264 2277 14382
931 4267 2288 14445
932 4298 2294 14502
933 4330 2304 14568
934 4337 2318 14628
935 4359 2332 14687
936 4365 2341 14762
937 4367 2355 14839
938 4366 2366 14904
939 4389 2372 14974
940 4413 2381 15043
941 4420 2390 15110
942 4461 2404 15175
943 4482 2416 15234
944 4503 2432 15294
945 4525 2443 15364
946 4521 2462 15440
947 4530 2476 15499
948 4533 2490 15580
949 4552 2501 15653
950 4581 2521 15719
951 4582 2530 15794
952 4614 2542 15858
953 4652 2547 15926
954 4660 2555 16009
955 4691 2566 16073
956 4713 2574 16139
957 4730 2586 16209
958 4746 2596 16277
959 4765 2612 16361
960 4771 2627 16433
961 4800 2635 16498
962 4838 2642 16573
963 4861 2650 16647
964 4864 2659 16728
965 4865 2673 16806
966 4851 2689 16898
967 4874 2699 16967
968 4905 2713 17035
969 4943 2726 17086
970 4960 2741 17156
971 4988 2754 17232
972 4999 2763 17312
973 5008 2778 17386
