0 50 0 0
1 51 0 0
2 53 0 0
3 55 0 1
4 54 0 2
5 53 1 3
6 53 1 3
7 53 1 4
8 55 1 4
9 55 1 5
10 54 1 6
11 54 1 6
12 53 1 8
13 53 1 9
14 57 1 9
15 55 1 11
16 55 1 12
17 54 1 13
18 53 1 14
19 52 1 15
20 50 1 17
21 52 1 18
22 51 1 19
23 53 1 19
24 54 1 19
25 56 1 19
26 57 1 20
27 59 2 20
28 59 2 21
29 61 2 22
30 62 2 23
31 60 2 25
32 61 2 28
33 63 2 28
34 65 2 29
35 62 3 31
36 62 3 31
37 61 5 33
38 64 5 33
39 63 5 34
40 63 5 35
41 65 5 36
42 64 5 38
43 64 5 40
44 65 5 40
45 65 5 41
46 69 5 41
47 68 5 43
48 66 6 44
49 65 6 45
50 66 6 45
51 68 6 45
52 68 6 45
53 68 6 47
54 69 6 47
55 68 6 49
56 69 6 49
57 71 6 50
58 69 6 52
59 71 6 52
60 70 6 53
61 71 6 53
62 72 6 53
63 71 7 54
64 70 8 55
65 69 9 56
66 68 9 58
67 72 9 59
68 71 10 61
69 71 10 63
70 70 10 64
71 71 10 64
72 73 10 65
73 74 10 65
74 75 11 65
75 77 11 66
76 77 11 66
77 75 11 69
78 77 11 70
79 76 11 72
80 75 11 74
81 76 11 75
82 76 11 76
83 75 11 77
84 73 11 80
85 73 11 80
86 70 11 83
87 69 11 84
88 71 11 85
89 69 11 87
90 70 11 88
91 69 11 89
92 69 11 90
93 67 11 92
94 68 11 92
95 71 11 92
96 72 11 92
97 74 11 92
98 74 11 93
99 71 11 97
100 73 11 99
101 74 11 101
102 75 11 103
103 76 11 104
104 74 11 108
105 75 12 109
106 72 12 112
107 70 12 115
108 69 12 116
109 71 12 116
110 69 12 119
111 69 12 120
112 69 12 121
113 68 12 123
114 69 12 124
115 71 12 124
116 73 12 124
117 73 12 124
118 73 12 125
119 75 12 126
120 77 12 126
121 79 12 127
122 76 12 132
123 76 12 134
124 79 12 135
125 80 12 137
126 78 12 140
127 77 12 143
128 78 12 143
129 77 12 145
130 76 12 147
131 78 12 149
132 79 12 150
133 79 12 150
134 78 12 153
135 82 12 154
136 85 12 154
137 83 12 157
138 82 12 159
139 85 13 159
140 85 13 160
141 85 13 161
142 86 13 161
143 87 13 162
144 89 13 163
145 90 13 164
146 86 16 166
147 86 16 167
148 89 16 168
149 88 16 170
150 90 16 171
151 88 17 173
152 88 17 174
153 89 17 177
154 87 18 180
155 88 18 182
156 89 18 183
157 92 18 185
158 91 18 187
159 92 18 188
160 92 18 188
161 90 18 191
162 91 18 193
163 89 18 196
164 90 18 197
165 91 18 198
166 93 18 198
167 92 18 199
168 94 18 199
169 94 18 201
170 94 18 203
171 98 18 203
172 102 18 203
173 101 18 205
174 105 18 205
175 108 18 205
176 105 19 209
177 105 19 212
178 108 19 212
179 109 19 213
180 111 19 214
181 110 19 216
182 110 19 218
183 109 19 220
184 109 19 222
185 109 19 223
186 109 19 226
187 108 19 228
188 109 20 228
189 111 20 228
190 111 20 230
191 110 22 230
192 113 22 230
193 112 22 233
194 116 23 235
195 114 23 237
196 113 23 239
197 118 23 240
198 122 23 240
199 123 23 241
200 125 23 243
201 125 23 245
202 124 23 247
203 128 23 248
204 131 23 250
205 136 23 250
206 138 23 252
207 141 23 252
208 140 23 254
209 141 23 255
210 142 23 258
211 138 24 261
212 137 25 263
213 139 25 265
214 139 26 266
215 138 27 266
216 140 27 268
217 140 28 269
218 144 28 270
219 146 28 271
220 149 29 273
221 143 30 280
222 147 30 281
223 148 32 282
224 148 32 283
225 147 32 286
226 149 33 286
227 150 34 288
228 151 35 289
229 154 35 290
230 155 35 292
231 156 35 295
232 157 35 297
233 155 35 299
234 159 35 300
235 158 35 302
236 160 35 306
237 161 35 308
238 163 36 311
239 164 37 312
240 166 37 312
241 163 38 314
242 167 38 315
243 164 39 317
244 163 40 318
245 163 40 322
246 168 41 324
247 168 42 326
248 171 42 328
249 173 42 330
250 176 42 331
251 179 42 332
252 179 43 334
253 178 43 337
254 181 43 338
255 181 44 341
256 185 44 341
257 189 44 343
258 191 45 346
259 187 46 349
260 186 46 354
261 183 46 359
262 186 46 362
263 182 46 367
264 182 47 371
265 183 47 373
266 187 47 376
267 189 47 378
268 191 49 380
269 194 49 381
270 194 49 383
271 196 50 384
272 195 50 390
273 191 50 397
274 189 51 401
275 191 51 403
276 193 51 407
277 198 52 407
278 205 52 409
279 203 53 412
280 200 53 419
281 200 53 424
282 200 54 428
283 197 54 434
284 196 54 439
285 196 54 443
286 196 54 446
287 198 54 450
288 198 55 452
289 200 55 454
290 201 55 457
291 200 55 464
292 199 55 467
293 197 55 470
294 200 55 472
295 202 55 476
296 196 56 484
297 195 56 487
298 200 56 489
299 199 56 494
300 205 56 495
301 206 56 496
302 203 56 501
303 201 57 507
304 208 57 508
305 207 58 511
306 208 58 514
307 211 58 515
308 212 59 517
309 210 60 523
310 208 60 530
311 209 60 533
312 214 60 536
313 216 60 540
314 217 60 542
315 220 60 542
316 224 60 545
317 224 61 548
318 221 61 552
319 220 61 555
320 222 61 559
321 223 61 563
322 220 61 567
323 219 61 571
324 216 61 579
325 211 62 586
326 210 63 590
327 211 63 593
328 211 63 597
329 208 64 601
330 206 64 604
331 206 64 606
332 207 64 608
333 207 64 614
334 206 64 617
335 207 64 621
336 208 65 622
337 212 65 623
338 215 65 625
339 218 65 627
340 218 65 631
341 215 65 636
342 219 67 636
343 222 67 640
344 220 68 647
345 221 69 653
346 226 69 657
347 223 70 662
348 224 70 667
349 230 70 669
350 226 70 675
351 221 70 684
352 224 71 686
353 224 71 688
354 223 72 692
355 223 73 698
356 225 73 701
357 223 73 708
358 224 73 711
359 222 73 717
360 228 74 717
361 232 74 719
362 236 75 721
363 236 75 726
364 235 75 731
365 242 76 733
366 239 76 738
367 237 76 744
368 237 76 750
369 240 76 750
370 247 76 753
371 251 76 757
372 254 77 761
373 255 78 764
374 260 79 766
375 262 79 769
376 266 79 772
377 265 79 777
378 264 80 783
379 265 80 786
380 265 80 790
381 267 80 792
382 265 80 797
383 262 80 804
384 260 80 810
385 258 80 815
386 255 80 819
387 255 80 823
388 258 80 825
389 257 80 829
390 254 82 837
391 258 82 839
392 258 82 844
393 259 82 848
394 264 82 851
395 267 84 853
396 272 84 855
397 270 84 859
398 276 84 860
399 282 84 862
400 284 84 867
401 285 86 869
402 282 87 874
403 280 88 879
404 284 88 880
405 287 89 884
406 291 89 889
407 291 89 894
408 297 89 897
409 302 89 901
410 298 89 911
411 302 90 913
412 301 90 918
413 298 92 924
414 300 93 926
415 297 94 935
416 300 95 938
417 298 96 945
418 292 97 954
419 297 97 956
420 298 98 960
421 292 98 968
422 295 98 972
423 298 98 978
424 298 99 986
425 301 99 988
426 302 100 992
427 305 100 994
428 307 101 996
429 308 101 1003
430 312 102 1006
431 312 103 1013
432 317 103 1017
433 321 104 1019
434 324 108 1023
435 328 108 1028
436 333 109 1028
437 337 109 1036
438 337 109 1041
439 336 109 1047
440 342 110 1050
441 342 111 1058
442 344 112 1062
443 342 112 1068
444 336 113 1075
445 338 114 1079
446 332 117 1089
447 338 117 1093
448 335 120 1100
449 336 120 1106
450 341 120 1109
451 344 121 1115
452 348 121 1115
453 354 121 1118
454 364 121 1119
455 365 123 1123
456 364 125 1129
457 366 125 1136
458 363 125 1144
459 365 125 1150
460 362 125 1158
461 360 127 1164
462 361 127 1169
463 360 128 1174
464 361 128 1178
465 365 128 1182
466 374 128 1183
467 382 128 1186
468 385 130 1190
469 391 130 1194
470 390 133 1200
471 393 135 1205
472 394 135 1210
473 395 136 1218
474 401 137 1222
475 402 137 1227
476 404 138 1235
477 411 138 1240
478 418 139 1243
479 419 140 1251
480 423 140 1259
481 422 142 1265
482 421 142 1275
483 422 143 1285
484 422 144 1292
485 424 145 1296
486 429 145 1301
487 432 145 1306
488 436 146 1312
489 436 146 1316
490 444 146 1321
491 439 146 1331
492 444 147 1336
493 445 149 1342
494 447 150 1347
495 439 151 1363
496 438 151 1371
497 446 151 1375
498 449 151 1380
499 447 152 1389
500 451 152 1395
501 461 152 1400
502 467 153 1404
503 471 155 1407
504 475 155 1414
505 476 155 1418
506 481 157 1425
507 480 158 1433
508 483 159 1444
509 484 159 1449
510 490 160 1457
511 501 160 1461
512 500 161 1471
513 501 161 1480
514 500 162 1487
515 503 164 1493
516 499 165 1500
517 503 166 1506
518 512 166 1512
519 515 168 1516
520 521 169 1522
521 524 169 1529
522 525 170 1533
523 533 171 1538
524 534 172 1548
525 528 172 1564
526 530 172 1573
527 527 172 1585
528 535 172 1589
529 535 172 1601
530 551 174 1602
531 554 175 1612
532 558 175 1617
533 558 175 1626
534 561 176 1636
535 569 176 1641
536 572 178 1646
537 578 178 1655
538 578 180 1664
539 582 180 1673
540 585 182 1684
541 582 186 1693
542 586 187 1703
543 594 188 1711
544 594 188 1723
545 597 188 1732
546 606 189 1735
547 608 191 1743
548 617 192 1752
549 623 192 1763
550 624 193 1776
551 640 193 1778
552 646 195 1784
553 649 195 1795
554 657 198 1802
555 656 200 1809
556 667 200 1816
557 670 200 1824
558 680 200 1831
559 684 202 1837
560 686 202 1850
561 690 204 1862
562 682 206 1877
563 695 206 1889
564 696 207 1904
565 699 208 1920
566 706 208 1926
567 703 209 1940
568 704 210 1951
569 706 211 1963
570 706 212 1976
571 701 213 1991
572 705 214 1999
573 708 214 2013
574 708 215 2022
575 722 216 2027
576 724 216 2036
577 728 219 2051
578 734 219 2061
579 742 223 2071
580 756 224 2077
581 756 224 2093
582 761 224 2111
583 769 226 2117
584 786 227 2126
585 785 227 2138
586 793 227 2148
587 792 227 2161
588 801 229 2172
589 794 231 2188
590 793 231 2202
591 799 231 2213
592 800 232 2227
593 802 233 2239
594 803 233 2254
595 808 234 2264
596 808 236 2280
597 810 236 2293
598 814 236 2308
599 821 237 2319
600 825 237 2333
601 822 239 2347
602 817 240 2367
603 825 240 2381
604 824 240 2394
605 827 240 2406
606 828 241 2423
607 828 242 2433
608 834 243 2445
609 844 243 2453
610 852 243 2465
611 855 245 2478
612 870 245 2490
613 882 245 2502
614 893 246 2512
615 897 248 2524
616 905 248 2539
617 914 251 2550
618 926 252 2560
619 933 252 2572
620 931 252 2589
621 936 252 2603
622 943 252 2617
623 948 253 2630
624 958 255 2637
625 963 257 2654
626 970 259 2663
627 974 261 2679
628 985 264 2692
629 996 265 2703
630 1003 266 2716
631 1010 268 2731
632 1002 272 2749
633 1007 274 2759
634 1018 276 2769
635 1024 276 2784
636 1034 276 2798
637 1038 276 2810
638 1046 276 2830
639 1048 276 2848
640 1051 276 2864
641 1053 277 2883
642 1063 278 2898
643 1067 281 2917
644 1077 285 2931
645 1077 286 2952
646 1073 288 2975
647 1073 289 2991
648 1082 292 3000
649 1092 292 3015
650 1105 293 3034
651 1111 296 3049
652 1108 297 3066
653 1117 299 3081
654 1119 299 3104
655 1130 300 3119
656 1136 304 3135
657 1143 306 3155
658 1157 308 3167
659 1155 309 3189
660 1153 310 3210
661 1161 312 3225
662 1158 313 3246
663 1157 314 3265
664 1158 314 3284
665 1167 316 3302
666 1190 316 3317
667 1195 319 3338
668 1203 321 3351
669 1210 321 3371
670 1220 323 3384
671 1232 323 3400
672 1244 325 3414
673 1265 326 3430
674 1279 328 3450
675 1289 328 3471
676 1298 332 3487
677 1310 334 3508
678 1307 335 3531
679 1311 336 3556
680 1317 338 3573
681 1331 338 3587
682 1328 339 3616
683 1335 339 3644
684 1346 340 3667
685 1350 342 3691
686 1346 346 3708
687 1346 346 3728
688 1362 347 3744
689 1369 349 3765
690 1370 351 3787
691 1382 353 3805
692 1394 356 3832
693 1411 356 3847
694 1425 356 3863
695 1437 358 3885
696 1446 360 3905
697 1454 363 3927
698 1462 365 3949
699 1459 369 3980
700 1460 369 4007
701 1457 371 4034
702 1461 373 4061
703 1472 373 4076
704 1485 373 4100
705 1494 375 4121
706 1503 376 4141
707 1527 377 4162
708 1529 379 4182
709 1546 379 4204
710 1543 382 4233
711 1549 383 4257
712 1562 385 4279
713 1556 390 4306
714 1568 391 4325
715 1577 392 4343
716 1585 395 4367
717 1597 396 4391
718 1604 401 4407
719 1609 402 4433
720 1614 404 4459
721 1625 407 4488
722 1642 409 4504
723 1647 410 4528
724 1655 410 4562
725 1673 410 4589
726 1686 412 4613
727 1703 414 4633
728 1708 416 4664
729 1715 418 4689
730 1724 420 4710
731 1735 422 4733
732 1740 428 4761
733 1743 432 4794
734 1739 436 4822
735 1746 441 4852
736 1752 444 4877
737 1763 445 4896
738 1781 447 4915
739 1780 450 4949
740 1794 452 4975
741 1799 455 4997
742 1805 457 5024
743 1825 458 5046
744 1832 459 5080
745 1851 466 5107
746 1862 467 5136
747 1870 468 5167
748 1873 471 5200
749 1885 471 5232
750 1895 471 5263
751 1914 473 5288
752 1932 477 5308
753 1949 482 5335
754 1967 483 5367
755 1996 485 5390
756 1991 488 5423
757 1997 493 5453
758 2004 497 5483
759 2033 500 5502
760 2054 500 5528
761 2058 501 5557
762 2088 501 5578
763 2088 506 5623
764 2082 508 5658
765 2083 510 5692
766 2099 513 5721
767 2137 515 5746
768 2161 520 5777
769 2176 522 5808
770 2185 526 5838
771 2192 528 5870
772 2203 529 5907
773 2216 533 5937
774 2219 537 5978
775 2236 538 6017
776 2234 541 6062
777 2248 545 6090
778 2270 548 6118
779 2274 551 6157
780 2290 553 6195
781 2288 558 6231
782 2275 563 6278
783 2301 564 6310
784 2309 569 6338
785 2315 574 6388
786 2338 577 6417
787 2355 581 6450
788 2384 583 6482
789 2406 586 6520
790 2415 589 6554
791 2429 595 6588
792 2439 597 6626
793 2435 601 6674
794 2440 602 6716
795 2465 602 6753
796 2488 607 6793
797 2515 609 6829
798 2538 612 6863
799 2544 617 6894
800 2568 618 6929
801 2584 621 6970
802 2598 623 7005
803 2605 627 7039
804 2615 632 7081
805 2617 636 7121
806 2647 638 7149
807 2646 644 7194
808 2669 649 7230
809 2680 654 7272
810 2693 659 7316
811 2707 665 7355
812 2725 667 7392
813 2731 672 7439
814 2744 675 7478
815 2754 680 7518
816 2766 684 7570
817 2776 686 7624
818 2788 688 7672
819 2798 693 7714
820 2811 698 7748
821 2828 700 7786
822 2835 702 7833
823 2859 707 7868
824 2881 711 7912
825 2894 715 7955
826 2892 718 8006
827 2922 718 8049
828 2941 721 8090
829 2958 728 8134
830 2990 734 8174
831 3004 738 8230
832 3028 743 8273
833 3049 744 8321
834 3064 746 8372
835 3081 753 8426
836 3082 759 8477
837 3105 762 8517
838 3111 769 8568
839 3112 774 8625
840 3134 779 8671
841 3139 787 8720
842 3174 791 8765
843 3182 793 8817
844 3188 799 8863
845 3201 807 8916
846 3227 812 8963
847 3243 818 9009
848 3268 824 9054
849 3296 832 9096
850 3304 837 9153
851 3323 845 9209
852 3343 847 9248
853 3374 851 9296
854 3388 856 9348
855 3419 860 9395
856 3419 868 9454
857 3460 871 9497
858 3461 877 9557
859 3479 881 9618
860 3496 885 9675
861 3539 889 9722
862 3564 893 9777
863 3578 897 9836
864 3597 903 9897
865 3600 910 9949
866 3589 913 10010
867 3602 916 10070
868 3627 920 10121
869 3653 928 10166
870 3675 935 10219
871 3706 941 10265
872 3721 948 10322
873 3722 950 10388
874 3733 954 10461
875 3749 956 10525
876 3764 963 10584
877 3795 968 10640
878 3820 974 10699
879 3856 980 10750
880 3885 984 10795
881 3926 990 10841
882 3938 990 10904
883 3938 998 10979
884 3950 1004 11033
885 3984 1010 11087
886 3996 1017 11149
887 4026 1022 11207
888 4044 1027 11276
889 4066 1036 11335
890 4075 1043 11407
891 4085 1044 11481
892 4110 1053 11538
893 4121 1057 11602
894 4153 1061 11665
895 4180 1065 11730
896 4206 1071 11793
897 4226 1083 11854
898 4247 1092 11916
899 4277 1099 11984
900 4295 1101 12048
901 4332 1103 12115
902 4344 1109 12186
903 4367 1110 12247
904 4387 1114 12331
905 4429 1120 12389
906 4454 1128 12466
907 4502 1136 12526
908 4532 1143 12592
909 4546 1146 12666
910 4557 1152 12744
911 4596 1162 12812
912 4616 1169 12881
913 4640 1179 12948
914 4692 1182 13011
915 4740 1188 13086
916 4789 1191 13148
917 4820 1197 13219
918 4853 1205 13288
919 4866 1211 13368
920 4889 1220 13438
921 4914 1231 13511
922 4921 1234 13597
923 4963 1241 13675
924 5007 1249 13737
