0 50 0 0
1 49 1 0
2 48 1 1
3 47 1 2
4 49 1 3
5 49 1 3
6 49 1 4
7 49 2 4
8 49 2 6
9 51 2 6
10 50 2 7
11 49 2 9
12 47 2 11
13 46 2 12
14 46 2 13
15 47 2 13
16 46 3 14
17 47 3 14
18 45 3 16
19 45 3 17
20 47 3 17
21 48 3 17
22 47 4 18
23 49 4 18
24 49 5 19
25 49 5 20
26 50 5 20
27 47 5 23
28 43 5 27
29 44 5 27
30 43 5 28
31 47 5 28
32 47 5 29
33 48 5 29
34 47 5 31
35 45 6 32
36 46 6 32
37 47 6 33
38 49 7 33
39 49 7 35
40 50 7 35
41 51 7 35
42 52 7 35
43 53 7 35
44 53 8 36
45 53 8 37
46 51 8 40
47 50 8 42
48 51 8 42
49 52 8 42
50 53 8 42
51 53 8 42
52 53 8 42
53 54 8 43
54 55 8 43
55 56 8 43
56 57 8 44
57 57 8 44
58 58 8 45
59 57 8 46
60 57 8 47
61 57 8 48
62 58 8 48
63 60 8 49
64 63 8 49
65 62 8 51
66 61 8 53
67 62 8 53
68 63 8 53
69 60 9 55
70 58 9 57
71 59 9 57
72 60 9 57
73 60 9 58
74 61 9 59
75 61 9 60
76 61 9 62
77 66 9 62
78 70 9 62
79 70 9 63
80 70 9 65
81 70 9 67
82 69 9 68
83 71 9 69
84 74 9 69
85 74 9 70
86 74 9 71
87 77 9 71
88 76 9 72
89 79 9 72
90 80 10 73
91 79 10 74
92 78 10 77
93 79 10 77
94 82 10 78
95 82 10 79
96 86 10 79
97 86 11 79
98 87 11 80
99 86 11 83
100 88 11 83
101 87 12 87
102 86 12 90
103 85 13 91
104 87 13 92
105 87 14 92
106 86 15 92
107 84 16 93
108 86 17 94
109 87 17 96
110 87 17 98
111 90 18 98
112 90 18 99
113 93 18 99
114 94 18 100
115 94 18 102
116 99 18 104
117 101 18 104
118 104 19 104
119 106 19 106
120 106 19 106
121 105 19 108
122 104 19 109
123 108 19 109
124 108 19 110
125 106 20 111
126 105 20 113
127 104 20 115
128 106 20 115
129 109 20 115
130 112 20 117
131 110 20 120
132 107 21 122
133 112 21 123
134 113 21 124
135 115 21 125
136 115 21 127
137 116 21 128
138 116 21 129
139 118 21 130
140 125 21 130
141 122 21 133
142 124 21 134
143 122 21 137
144 120 21 140
145 123 21 143
146 123 21 146
147 124 21 148
148 126 21 150
149 125 21 152
150 127 21 153
151 127 21 154
152 124 21 158
153 121 22 161
154 121 22 163
155 121 22 165
156 125 22 165
157 126 22 168
158 128 22 169
159 127 23 170
160 128 23 173
161 129 23 175
162 130 23 177
163 132 23 178
164 133 23 181
165 136 23 182
166 137 24 185
167 138 24 187
168 137 24 191
169 139 25 191
170 141 25 193
171 144 25 193
172 147 25 195
173 147 25 196
174 143 25 202
175 148 25 204
176 145 25 208
177 144 26 210
178 146 26 212
179 148 26 213
180 148 26 214
181 149 26 216
182 150 26 218
183 151 26 220
184 149 26 223
185 153 27 224
186 153 27 225
187 152 27 229
188 155 27 230
189 155 28 231
190 154 28 234
191 156 28 235
192 157 28 236
193 155 28 240
194 155 28 241
195 160 28 244
196 162 28 245
197 163 28 249
198 162 28 252
199 161 28 256
200 163 28 260
201 163 28 261
202 172 28 262
203 169 28 265
204 170 28 268
205 170 28 270
206 172 28 271
207 179 28 272
208 178 28 278
209 175 31 282
210 175 31 283
211 179 31 284
212 181 31 287
213 184 33 292
214 188 33 292
215 187 33 297
216 183 33 303
217 185 34 305
218 184 34 307
219 184 34 309
220 185 35 311
221 189 35 312
222 195 35 312
223 195 35 316
224 196 35 319
225 196 35 322
226 198 35 323
227 197 36 325
228 198 36 331
229 198 37 336
230 195 37 339
231 192 38 345
232 191 38 350
233 192 38 353
234 198 38 353
235 199 40 357
236 198 42 360
237 195 42 367
238 196 42 368
239 197 42 370
240 197 43 374
241 196 43 379
242 197 44 379
243 200 44 381
244 202 44 383
245 208 44 385
246 211 44 386
247 213 44 388
248 217 44 389
249 213 46 392
250 214 47 396
251 214 47 400
252 218 47 400
253 216 47 404
254 217 48 405
255 218 48 410
256 222 48 412
257 223 49 415
258 220 49 420
259 223 49 422
260 227 50 423
261 228 50 426
262 235 50 427
263 230 52 434
264 236 52 436
265 238 54 438
266 240 55 442
267 243 55 443
268 247 55 443
269 247 56 447
270 246 57 450
271 245 57 453
272 251 57 457
273 250 58 460
274 250 58 465
275 251 59 467
276 254 61 469
277 256 61 472
278 264 61 474
279 266 62 477
280 262 63 484
281 266 63 486
282 268 64 487
283 268 65 492
284 269 65 493
285 267 65 499
286 268 66 503
287 270 66 505
288 267 67 512
289 273 67 515
290 275 68 518
291 281 68 519
292 283 68 520
293 285 69 523
294 290 69 526
295 290 69 533
296 287 73 534
297 287 73 540
298 287 74 545
299 292 75 548
300 292 75 552
301 293 76 558
302 294 76 565
303 294 76 570
304 294 76 574
305 296 77 575
306 299 77 576
307 310 77 579
308 306 77 587
309 309 79 593
310 315 79 598
311 318 80 601
312 312 80 609
313 306 82 615
314 304 85 619
315 304 86 623
316 311 87 625
317 315 88 630
318 317 89 632
319 314 92 639
320 314 93 644
321 310 94 652
322 314 95 656
323 311 97 661
324 313 97 665
325 320 97 670
326 319 98 676
327 323 99 678
328 323 99 682
329 321 99 690
330 319 101 696
331 319 102 700
332 322 103 706
333 322 104 710
334 320 104 717
335 315 104 723
336 315 104 727
337 317 104 734
338 312 105 742
339 316 105 748
340 323 106 751
341 324 109 753
342 321 110 760
343 327 110 765
344 328 110 768
345 330 111 772
346 331 111 779
347 335 111 781
348 341 111 787
349 347 111 792
350 353 112 792
351 359 112 795
352 360 112 798
353 364 115 802
354 364 115 809
355 370 116 815
356 370 117 820
357 368 117 828
358 371 118 834
359 377 119 838
360 383 119 841
361 384 119 844
362 390 119 851
363 399 120 854
364 395 122 860
365 395 123 870
366 390 125 877
367 395 125 880
368 399 126 886
369 404 126 891
370 407 129 893
371 413 131 901
372 411 132 907
373 415 132 910
374 421 132 914
375 425 132 919
376 427 133 925
377 429 137 932
378 431 137 940
379 438 137 947
380 440 137 952
381 445 139 959
382 450 139 966
383 452 139 974
384 452 139 983
385 454 140 989
386 454 140 993
387 462 140 998
388 470 141 1006
389 477 141 1010
390 482 141 1012
391 487 143 1022
392 486 144 1031
393 486 144 1039
394 491 144 1046
395 488 144 1058
396 483 145 1070
397 487 145 1074
398 500 145 1079
399 504 145 1084
400 498 145 1094
401 495 146 1106
402 495 146 1116
403 492 146 1126
404 490 147 1136
405 498 147 1141
406 498 148 1149
407 497 148 1157
408 504 149 1162
409 500 149 1177
410 501 150 1185
411 500 151 1195
412 504 152 1203
413 511 152 1209
414 519 152 1217
415 520 153 1229
416 519 153 1242
417 530 153 1249
418 525 153 1261
419 527 153 1270
420 531 153 1277
421 534 153 1283
422 536 153 1288
423 540 153 1293
424 539 154 1304
425 543 155 1307
426 551 155 1314
427 562 156 1319
428 571 156 1323
429 584 156 1328
430 591 157 1336
431 589 158 1350
432 594 158 1360
433 602 158 1365
434 610 160 1370
435 619 163 1375
436 623 164 1384
437 632 165 1390
438 637 165 1399
439 640 167 1406
440 643 168 1416
441 643 169 1425
442 651 169 1434
443 649 171 1447
444 653 172 1456
445 653 173 1467
446 657 175 1473
447 662 175 1483
448 651 177 1500
449 648 179 1514
450 656 179 1524
451 655 180 1534
452 656 182 1546
453 662 183 1555
454 667 185 1560
455 669 185 1573
456 674 187 1578
457 673 187 1589
458 678 187 1603
459 688 187 1612
460 700 188 1619
461 697 188 1634
462 700 189 1643
463 693 189 1659
464 700 190 1664
465 692 191 1682
466 696 192 1691
467 698 192 1701
468 714 192 1705
469 720 192 1713
470 718 195 1720
471 722 196 1730
472 722 197 1740
473 731 197 1751
474 745 198 1762
475 739 199 1782
476 744 200 1792
477 750 200 1803
478 752 200 1817
479 757 200 1832
480 762 201 1842
481 762 201 1852
482 768 203 1861
483 780 203 1867
484 781 203 1885
485 781 207 1897
486 788 208 1907
487 794 209 1922
488 799 211 1930
489 803 211 1947
490 808 214 1956
491 810 215 1967
492 817 216 1975
493 817 217 1986
494 816 217 1996
495 818 218 2009
496 820 220 2018
497 821 220 2032
498 828 222 2038
499 837 223 2043
500 844 223 2053
501 849 225 2063
502 854 226 2077
503 867 227 2093
504 882 227 2106
505 896 227 2119
506 906 227 2130
507 912 227 2144
508 910 228 2157
509 925 228 2168
510 933 228 2184
511 939 228 2200
512 951 229 2218
513 966 229 2227
514 966 229 2241
515 964 230 2257
516 974 230 2269
517 969 231 2290
518 971 232 2309
519 967 234 2333
520 977 234 2346
521 971 234 2366
522 985 235 2379
523 989 237 2394
524 996 238 2409
525 1003 239 2426
526 1005 242 2436
527 1016 245 2450
528 1019 246 2468
529 1035 246 2480
530 1042 246 2495
531 1042 246 2510
532 1049 247 2529
533 1056 248 2542
534 1058 248 2556
535 1054 248 2579
536 1051 249 2599
537 1057 251 2615
538 1068 251 2637
539 1076 252 2655
540 1088 255 2666
541 1091 259 2682
542 1100 260 2701
543 1113 261 2716
544 1113 262 2733
545 1124 263 2747
546 1128 263 2764
547 1131 266 2780
548 1131 266 2802
549 1147 267 2816
550 1156 268 2833
551 1165 270 2849
552 1191 271 2859
553 1203 274 2873
554 1219 276 2889
555 1226 279 2909
556 1238 279 2925
557 1244 280 2938
558 1247 282 2954
559 1258 282 2969
560 1254 283 2998
561 1255 287 3016
562 1247 288 3046
563 1245 289 3066
564 1252 296 3083
565 1263 299 3097
566 1268 299 3119
567 1272 301 3137
568 1277 305 3156
569 1267 308 3181
570 1277 308 3199
571 1278 313 3218
572 1305 315 3237
573 1314 316 3255
574 1321 317 3279
575 1329 318 3298
576 1336 319 3319
577 1327 322 3352
578 1351 322 3368
579 1357 322 3385
580 1368 325 3402
581 1378 328 3422
582 1390 331 3440
583 1384 332 3467
584 1402 333 3480
585 1398 336 3508
586 1413 338 3525
587 1415 342 3545
588 1416 344 3567
589 1418 346 3593
590 1436 348 3615
591 1446 349 3636
592 1448 349 3658
593 1466 352 3677
594 1470 354 3702
595 1469 358 3728
596 1479 358 3751
597 1485 360 3773
598 1497 361 3790
599 1506 364 3810
600 1509 366 3832
601 1513 368 3850
602 1514 370 3871
603 1526 372 3899
604 1532 375 3923
605 1544 377 3942
606 1554 378 3968
607 1557 380 3998
608 1575 380 4014
609 1600 382 4032
610 1603 386 4056
611 1610 387 4083
612 1622 388 4104
613 1626 392 4136
614 1626 396 4167
615 1637 400 4185
616 1647 401 4210
617 1658 403 4232
618 1644 406 4270
619 1658 407 4306
620 1663 408 4332
621 1671 410 4360
622 1686 411 4380
623 1694 413 4412
624 1698 414 4448
625 1715 417 4475
626 1727 418 4501
627 1730 419 4523
628 1726 425 4551
629 1720 430 4582
630 1735 430 4605
631 1743 431 4630
632 1755 433 4645
633 1781 436 4665
634 1792 439 4691
635 1807 443 4718
636 1813 446 4747
637 1828 449 4771
638 1824 454 4802
639 1826 456 4832
640 1836 459 4864
641 1850 460 4896
642 1857 463 4929
643 1881 465 4950
644 1894 468 4971
645 1895 472 4999
646 1913 474 5029
647 1941 475 5051
648 1956 477 5077
649 1956 479 5112
650 1974 484 5145
651 1977 486 5180
652 1979 488 5209
653 1988 488 5243
654 1992 493 5270
655 2012 495 5298
656 2021 499 5332
657 2026 503 5365
658 2028 510 5399
659 2044 512 5427
660 2071 513 5455
661 2086 517 5484
662 2095 520 5518
663 2102 523 5553
664 2094 528 5595
665 2117 531 5617
666 2146 533 5644
667 2168 535 5677
668 2195 540 5711
669 2203 545 5747
670 2212 549 5776
671 2237 550 5811
672 2244 555 5842
673 2259 556 5878
674 2283 559 5903
675 2298 561 5937
676 2317 569 5969
677 2341 571 5999
678 2360 573 6030
679 2369 576 6070
680 2400 579 6101
681 2393 582 6154
682 2417 586 6179
683 2449 588 6208
684 2453 593 6252
685 2462 596 6293
686 2477 597 6332
687 2492 602 6372
688 2508 606 6410
689 2521 608 6453
690 2533 609 6490
691 2539 614 6531
692 2546 620 6572
693 2549 624 6621
694 2559 625 6662
695 2581 627 6711
696 2613 629 6745
697 2632 631 6781
698 2631 638 6817
699 2646 640 6847
700 2640 646 6899
701 2675 647 6935
702 2686 652 6973
703 2709 652 7012
704 2714 653 7064
705 2718 655 7115
706 2742 657 7149
707 2765 658 7185
708 2785 665 7217
709 2812 668 7257
710 2842 676 7300
711 2870 680 7341
712 2882 681 7391
713 2912 683 7419
714 2936 687 7457
715 2962 690 7493
716 2973 691 7535
717 2991 699 7580
718 3010 705 7624
719 3018 708 7674
720 3040 713 7715
721 3060 720 7759
722 3071 729 7791
723 3088 733 7832
724 3085 738 7882
725 3101 744 7920
726 3138 749 7960
727 3169 752 8004
728 3174 754 8053
729 3192 760 8095
730 3233 764 8128
731 3255 768 8173
732 3270 773 8229
733 3289 779 8272
734 3305 784 8317
735 3300 791 8379
736 3292 799 8434
737 3326 804 8476
738 3354 807 8516
739 3372 809 8568
740 3398 812 8612
741 3422 821 8665
742 3434 826 8718
743 3460 830 8767
744 3474 837 8828
745 3483 842 8883
746 3497 847 8946
747 3501 852 9006
748 3519 859 9062
749 3531 868 9122
750 3541 873 9185
751 3556 880 9241
752 3578 883 9297
753 3596 887 9355
754 3605 897 9408
755 3627 902 9464
756 3640 907 9520
757 3643 911 9583
758 3687 916 9634
759 3741 919 9678
760 3764 923 9724
761 3787 927 9785
762 3803 931 9847
763 3811 937 9905
764 3845 944 9945
765 3899 946 9985
766 3930 953 10044
767 3956 961 10097
768 3995 965 10154
769 4009 972 10219
770 4029 978 10276
771 4052 983 10333
772 4076 992 10388
773 4083 999 10451
774 4108 1004 10508
775 4130 1011 10573
776 4153 1017 10631
777 4189 1029 10696
778 4199 1036 10757
779 4236 1045 10811
780 4266 1049 10880
781 4296 1060 10926
782 4319 1067 10993
783 4334 1079 11048
784 4359 1085 11118
785 4382 1093 11188
786 4403 1096 11257
787 4435 1101 11311
788 4486 1112 11366
789 4514 1122 11427
790 4519 1131 11496
791 4530 1140 11563
792 4575 1145 11609
793 4584 1151 11682
794 4574 1159 11758
795 4601 1164 11831
796 4645 1172 11893
797 4678 1181 11962
798 4693 1188 12034
799 4721 1194 12111
800 4752 1198 12168
801 4775 1205 12228
802 4814 1216 12283
803 4855 1220 12333
804 4852 1233 12408
805 4885 1238 12476
806 4914 1251 12543
807 4924 1263 12624
808 4936 1270 12701
809 4965 1280 12764
810 4994 1293 12820
811 5045 1299 12893
