0 50 0 0
1 45 1 4
2 47 1 4
3 48 1 4
4 49 1 4
5 49 2 5
6 48 2 6
7 48 2 6
8 48 2 8
9 49 2 8
10 50 3 8
11 51 3 8
12 49 4 9
13 48 4 10
14 48 4 10
15 50 4 10
16 50 4 11
17 49 4 13
18 49 4 14
19 50 4 14
20 51 4 14
21 51 4 14
22 50 4 15
23 51 4 16
24 53 4 16
25 53 4 16
26 58 4 16
27 58 5 16
28 60 5 16
29 61 6 16
30 65 6 16
31 63 6 19
32 63 7 19
33 63 7 20
34 64 7 20
35 64 7 22
36 63 7 23
37 64 8 24
38 63 8 26
39 63 8 27
40 63 8 28
41 62 9 29
42 63 9 29
43 63 9 29
44 62 9 32
45 63 9 33
46 67 9 34
47 69 9 34
48 69 9 35
49 67 10 36
50 67 10 37
51 70 10 38
52 72 11 38
53 72 11 39
54 74 11 40
55 74 11 41
56 74 11 42
57 75 11 42
58 72 11 46
59 73 11 46
60 72 11 48
61 72 11 49
62 71 11 50
63 72 11 51
64 69 11 55
65 71 11 55
66 72 11 57
67 70 11 59
68 73 12 59
69 72 13 60
70 74 13 61
71 76 13 61
72 76 13 62
73 78 13 63
74 81 13 64
75 84 13 64
76 86 13 67
77 86 13 69
78 89 13 69
79 90 13 69
80 89 15 69
81 89 15 70
82 92 15 70
83 94 15 70
84 95 15 71
85 94 15 73
86 94 15 73
87 96 15 73
88 96 15 74
89 96 15 74
90 94 15 76
91 93 15 77
92 93 15 78
93 93 15 79
94 96 15 79
95 92 16 84
96 93 16 85
97 94 16 86
98 96 16 87
99 95 16 89
100 97 16 91
101 93 16 95
102 95 17 95
103 94 17 97
104 96 17 97
105 93 17 101
106 94 17 102
107 92 17 106
108 93 18 107
109 93 18 108
110 95 19 109
111 97 19 109
112 98 19 111
113 98 19 113
114 96 19 115
115 96 19 117
116 98 19 117
117 100 20 118
118 101 20 119
119 101 20 121
120 99 20 124
121 101 20 124
122 98 20 128
123 100 20 128
124 101 20 128
125 100 20 129
126 101 20 130
127 102 20 130
128 100 20 133
129 97 20 136
130 98 20 137
131 103 20 137
132 104 20 139
133 102 20 144
134 104 20 144
135 101 22 145
136 101 22 147
137 102 22 149
138 105 22 151
139 106 22 152
140 108 22 152
141 110 22 152
142 108 22 157
143 107 23 160
144 109 23 161
145 114 23 161
146 115 23 162
147 116 23 162
148 120 23 162
149 121 23 163
150 122 23 164
151 124 23 165
152 119 23 171
153 117 23 175
154 119 23 176
155 124 23 177
156 125 23 179
157 125 24 181
158 127 24 183
159 129 24 184
160 127 25 189
161 126 25 193
162 128 25 193
163 125 25 198
164 126 25 201
165 126 25 205
166 126 25 207
167 127 25 209
168 131 26 210
169 131 26 214
170 136 26 214
171 139 26 215
172 139 26 220
173 137 26 224
174 141 27 224
175 141 27 226
176 142 27 227
177 144 27 228
178 145 27 231
179 146 28 232
180 150 28 233
181 150 28 236
182 149 28 240
183 151 28 243
184 160 28 243
185 158 28 247
186 156 28 250
187 157 28 252
188 157 29 256
189 156 29 261
190 161 30 261
191 166 30 262
192 170 31 263
193 175 31 263
194 176 31 265
195 179 31 267
196 182 31 270
197 180 31 275
198 186 31 276
199 189 31 281
200 192 31 282
201 190 31 288
202 192 31 289
203 194 31 294
204 194 31 299
205 199 31 300
206 197 31 304
207 196 31 308
208 195 31 312
209 194 31 317
210 200 32 318
211 201 32 321
212 199 32 325
213 201 32 328
214 203 32 330
215 202 32 334
216 198 32 340
217 194 32 346
218 193 32 350
219 196 32 351
220 196 32 353
221 200 32 357
222 196 33 362
223 198 33 363
224 197 33 367
225 200 34 369
226 201 36 372
227 199 37 377
228 201 37 382
229 199 37 386
230 197 37 391
231 199 37 392
232 207 37 395
233 205 37 400
234 205 37 403
235 209 38 405
236 211 38 409
237 209 38 415
238 211 38 419
239 215 38 422
240 215 38 425
241 218 38 428
242 221 38 428
243 219 38 433
244 219 38 436
245 220 38 437
246 221 38 441
247 221 39 444
248 219 39 448
249 223 39 450
250 222 40 455
251 225 40 460
252 223 40 464
253 225 40 466
254 223 41 468
255 223 42 473
256 226 42 477
257 231 42 479
258 230 42 484
259 233 42 485
260 235 42 486
261 237 42 488
262 237 42 493
263 235 43 495
264 239 43 502
265 245 43 504
266 244 43 507
267 246 43 509
268 249 43 510
269 250 43 515
270 251 43 521
271 254 43 524
272 256 43 527
273 259 43 531
274 258 43 534
275 264 43 538
276 265 44 539
277 265 44 543
278 267 45 551
279 269 45 554
280 279 46 558
281 281 46 564
282 282 46 569
283 291 46 569
284 291 46 572
285 298 46 575
286 303 46 581
287 303 46 590
288 309 46 595
289 314 46 600
290 314 46 605
291 318 46 607
292 323 46 610
293 325 46 616
294 322 46 622
295 321 46 628
296 319 47 633
297 314 48 640
298 312 48 648
299 311 48 653
300 310 49 659
301 315 49 663
302 315 49 672
303 323 49 676
304 325 50 683
305 335 50 686
306 332 50 695
307 332 50 701
308 334 50 706
309 333 50 712
310 334 51 716
311 333 52 722
312 335 52 729
313 339 52 735
314 348 52 739
315 355 52 744
316 361 52 750
317 366 52 756
318 366 52 762
319 374 52 767
320 377 52 772
321 379 52 780
322 377 53 790
323 381 55 796
324 391 55 797
325 397 55 807
326 400 56 810
327 395 57 818
328 393 58 823
329 397 59 826
330 400 60 829
331 408 60 834
332 410 60 840
333 411 60 849
334 416 60 857
335 426 60 860
336 430 60 863
337 426 62 870
338 425 62 877
339 428 63 883
340 429 63 890
341 434 63 896
342 437 63 900
343 432 63 911
344 435 63 913
345 436 64 917
346 440 65 920
347 441 65 925
348 443 66 932
349 451 66 941
350 462 66 946
351 466 66 953
352 470 67 960
353 473 67 966
354 465 68 975
355 463 68 985
356 468 68 990
357 475 68 994
358 477 68 998
359 475 68 1007
360 488 68 1013
361 495 68 1019
362 495 70 1027
363 501 71 1034
364 503 71 1042
365 513 71 1048
366 509 73 1062
367 514 73 1073
368 510 76 1081
369 513 76 1089
370 517 78 1096
371 528 78 1103
372 525 78 1115
373 529 78 1121
374 530 79 1129
375 532 80 1139
376 535 81 1150
377 540 81 1160
378 540 82 1169
379 542 82 1175
380 541 82 1187
381 554 82 1192
382 552 83 1205
383 556 85 1213
384 569 88 1216
385 569 90 1223
386 574 91 1228
387 577 92 1234
388 570 92 1248
389 582 94 1255
390 583 95 1263
391 588 96 1267
392 589 97 1277
393 593 97 1289
394 600 98 1297
395 611 99 1304
396 618 100 1311
397 624 102 1317
398 622 102 1331
399 624 104 1345
400 623 106 1359
401 621 107 1374
402 633 107 1383
403 640 107 1394
404 634 110 1407
405 647 110 1413
406 652 112 1422
407 660 112 1429
408 673 113 1435
409 678 113 1447
410 675 115 1461
411 682 117 1474
412 693 119 1483
413 701 120 1489
414 701 120 1504
415 699 121 1515
416 710 122 1524
417 710 124 1539
418 714 125 1547
419 714 128 1557
420 724 128 1566
421 721 129 1580
422 734 132 1587
423 738 133 1598
424 735 135 1616
425 744 136 1623
426 742 137 1637
427 746 139 1647
428 746 141 1661
429 752 142 1674
430 752 143 1691
431 760 143 1697
432 768 146 1702
433 780 146 1708
434 786 146 1717
435 790 147 1729
436 804 147 1740
437 816 148 1752
438 821 151 1762
439 824 152 1779
440 832 152 1793
441 831 159 1802
442 829 161 1816
443 831 162 1829
444 829 162 1839
445 836 163 1850
446 843 163 1863
447 852 163 1876
448 866 163 1887
449 876 163 1900
450 881 163 1914
451 878 166 1930
452 884 169 1944
453 895 170 1959
454 903 172 1967
455 915 173 1981
456 911 173 2007
457 904 174 2026
458 915 176 2037
459 919 177 2050
460 920 180 2065
461 928 182 2071
462 936 182 2079
463 940 184 2093
464 947 185 2105
465 963 186 2114
466 974 187 2128
467 978 187 2143
468 983 190 2159
469 988 191 2176
470 993 191 2192
471 1001 194 2202
472 1013 196 2217
473 1012 198 2237
474 1024 198 2253
475 1033 202 2264
476 1043 203 2274
477 1042 205 2292
478 1038 206 2313
479 1043 206 2333
480 1055 207 2344
481 1052 207 2364
482 1077 208 2377
483 1086 209 2392
484 1089 211 2414
485 1091 211 2434
486 1097 213 2451
487 1094 216 2470
488 1101 218 2485
489 1113 218 2496
490 1109 220 2521
491 1112 222 2537
492 1129 223 2547
493 1138 227 2558
494 1150 229 2569
495 1160 230 2585
496 1167 231 2598
497 1171 232 2621
498 1180 234 2633
499 1186 237 2655
500 1200 241 2672
501 1212 243 2686
502 1230 245 2702
503 1229 247 2722
504 1233 248 2735
505 1235 250 2758
506 1242 252 2773
507 1257 254 2790
508 1272 258 2801
509 1265 260 2824
510 1270 262 2849
511 1292 264 2857
512 1306 266 2870
513 1313 266 2884
514 1330 268 2902
515 1337 270 2922
516 1352 272 2934
517 1361 275 2957
518 1366 276 2974
519 1375 276 2995
520 1377 279 3015
521 1380 281 3034
522 1393 282 3058
523 1406 284 3079
524 1417 285 3101
525 1431 285 3125
526 1425 290 3154
527 1435 291 3171
528 1444 293 3192
529 1438 296 3222
530 1443 298 3241
531 1461 299 3255
532 1468 303 3276
533 1481 307 3295
534 1486 307 3321
535 1495 310 3344
536 1498 313 3369
537 1508 315 3387
538 1505 317 3420
539 1504 317 3446
540 1525 320 3458
541 1526 320 3486
542 1532 323 3515
543 1541 325 3540
544 1545 328 3558
545 1552 329 3589
546 1560 332 3612
547 1562 332 3644
548 1583 338 3662
549 1598 341 3680
550 1598 346 3708
551 1604 347 3738
552 1602 348 3770
553 1607 348 3795
554 1619 348 3823
555 1612 350 3859
556 1608 350 3887
557 1619 353 3910
558 1623 354 3937
559 1635 355 3960
560 1642 358 3984
561 1651 359 4005
562 1659 363 4025
563 1666 366 4056
564 1683 367 4074
565 1689 368 4102
566 1687 369 4136
567 1688 370 4169
568 1696 373 4196
569 1703 375 4222
570 1717 375 4246
571 1730 375 4272
572 1744 377 4295
573 1762 377 4328
574 1787 380 4347
575 1786 382 4375
576 1805 383 4406
577 1817 389 4441
578 1842 391 4465
579 1851 398 4490
580 1858 402 4517
581 1856 405 4552
582 1853 409 4591
583 1856 413 4622
584 1863 416 4657
585 1870 423 4688
586 1879 425 4725
587 1892 429 4749
588 1891 431 4791
589 1905 432 4814
590 1916 435 4838
591 1930 441 4866
592 1946 446 4887
593 1964 450 4916
594 1964 451 4948
595 1979 455 4975
596 1992 458 5001
597 1991 463 5032
598 1987 465 5063
599 2003 466 5092
600 2008 472 5122
601 2007 476 5152
602 2014 479 5183
603 2028 481 5210
604 2024 486 5249
605 2037 489 5278
606 2053 490 5312
607 2072 494 5338
608 2081 497 5367
609 2094 499 5396
610 2121 502 5433
611 2117 504 5479
612 2135 509 5508
613 2141 512 5537
614 2145 514 5574
615 2152 515 5602
616 2155 517 5637
617 2163 520 5664
618 2168 523 5704
619 2179 523 5747
620 2201 525 5784
621 2220 527 5814
622 2233 530 5845
623 2249 533 5882
624 2261 535 5922
625 2285 539 5948
626 2288 544 5986
627 2301 546 6013
628 2316 548 6045
629 2335 550 6078
630 2344 553 6114
631 2382 554 6144
632 2387 559 6183
633 2410 566 6217
634 2408 570 6255
635 2426 574 6293
636 2447 579 6328
637 2455 584 6366
638 2444 587 6412
639 2474 588 6450
640 2500 590 6477
641 2508 593 6516
642 2526 600 6553
643 2538 604 6596
644 2552 607 6634
645 2564 612 6672
646 2564 614 6715
647 2574 618 6753
648 2581 621 6796
649 2600 623 6828
650 2633 625 6859
651 2651 629 6894
652 2673 634 6935
653 2684 640 6975
654 2709 642 7010
655 2712 646 7059
656 2740 651 7101
657 2757 655 7134
658 2755 660 7178
659 2752 664 7229
660 2775 664 7272
661 2781 670 7314
662 2784 673 7364
663 2796 677 7401
664 2816 679 7437
665 2823 684 7479
666 2841 690 7519
667 2849 694 7570
668 2862 698 7610
669 2892 702 7644
670 2912 708 7685
671 2924 714 7735
672 2933 716 7785
673 2941 721 7833
674 2964 726 7882
675 2969 729 7932
676 2991 731 7975
677 2982 735 8038
678 2987 741 8082
679 2991 745 8133
680 3017 747 8174
681 3026 749 8226
682 3021 754 8280
683 3033 760 8330
684 3068 760 8365
685 3095 764 8406
686 3113 767 8448
687 3136 770 8489
688 3143 773 8540
689 3161 774 8599
690 3195 778 8637
691 3219 781 8681
692 3234 784 8739
693 3250 792 8784
694 3258 796 8829
695 3270 801 8878
696 3284 806 8927
697 3289 812 8972
698 3305 816 9010
699 3322 826 9072
700 3355 831 9110
701 3361 834 9162
702 3366 839 9215
703 3384 844 9268
704 3393 848 9322
705 3422 856 9367
706 3424 862 9425
707 3446 869 9465
708 3457 876 9529
709 3455 878 9591
710 3461 883 9652
711 3461 888 9713
712 3465 891 9771
713 3483 898 9823
714 3509 902 9868
715 3513 907 9922
716 3519 913 9979
717 3541 920 10032
718 3565 924 10082
719 3599 927 10131
720 3600 930 10195
721 3602 937 10259
722 3619 945 10303
723 3629 951 10360
724 3627 960 10423
725 3645 965 10485
726 3678 967 10547
727 3710 973 10595
728 3725 976 10654
729 3749 982 10712
730 3762 993 10766
731 3783 994 10825
732 3812 1000 10875
733 3835 1005 10933
734 3843 1011 10988
735 3874 1014 11046
736 3885 1019 11108
737 3915 1025 11157
738 3943 1029 11206
739 3964 1036 11260
740 3981 1044 11315
741 3982 1050 11383
742 3978 1060 11451
743 3987 1071 11512
744 4007 1079 11565
745 4016 1085 11629
746 4018 1097 11699
747 4049 1107 11749
748 4065 1112 11808
749 4094 1115 11869
750 4120 1118 11929
751 4142 1122 12000
752 4175 1125 12068
753 4195 1129 12136
754 4217 1133 12195
755 4245 1139 12256
756 4270 1145 12317
757 4279 1155 12386
758 4293 1162 12450
759 4307 1166 12526
760 4317 1173 12617
761 4342 1180 12673
762 4380 1185 12733
763 4404 1190 12804
764 4412 1194 12877
765 4401 1200 12953
766 4429 1204 13014
767 4463 1211 13081
768 4465 1216 13165
769 4503 1220 13224
770 4524 1223 13295
771 4559 1227 13362
772 4571 1231 13429
773 4588 1232 13507
774 4617 1237 13574
775 4649 1244 13644
776 4707 1245 13698
777 4750 1250 13771
778 4785 1255 13837
779 4813 1257 13915
780 4854 1262 13986
781 4889 1267 14046
782 4908 1275 14117
783 4916 1280 14195
784 4956 1290 14261
785 4970 1296 14346
786 5006 1299 14418
