0 50 0 0
1 51 0 1
2 52 0 2
3 54 0 2
4 59 0 3
5 60 0 3
6 60 2 3
7 61 2 3
8 59 2 5
9 62 2 6
10 65 2 7
11 61 2 13
12 64 2 13
13 65 2 14
14 64 2 15
15 64 2 16
16 64 3 16
17 66 3 17
18 65 3 18
19 66 3 19
20 65 3 21
21 64 3 22
22 64 3 23
23 66 3 24
24 64 3 27
25 64 3 30
26 65 3 31
27 66 3 31
28 70 3 31
29 69 4 32
30 69 4 32
31 67 4 35
32 68 4 35
33 66 4 37
34 65 4 38
35 64 4 41
36 66 4 41
37 66 4 41
38 66 4 42
39 66 4 43
40 64 4 47
41 65 4 47
42 63 4 49
43 66 4 50
44 65 4 53
45 67 4 53
46 67 4 54
47 69 4 54
48 72 4 54
49 75 4 54
50 75 4 55
51 78 4 55
52 77 4 57
53 76 6 57
54 78 6 58
55 77 6 60
56 81 6 60
57 83 6 60
58 84 6 60
59 86 6 60
60 85 6 62
61 83 6 64
62 87 6 64
63 89 6 64
64 87 6 67
65 88 6 67
66 89 6 68
67 88 6 69
68 87 6 70
69 84 6 74
70 82 6 78
71 82 6 78
72 79 6 84
73 79 6 85
74 82 6 85
75 83 6 86
76 84 6 87
77 84 6 88
78 85 6 88
79 85 6 89
80 85 6 89
81 86 6 90
82 89 6 90
83 89 6 92
84 90 6 92
85 92 6 93
86 91 6 95
87 90 7 97
88 91 7 99
89 94 7 99
90 96 7 103
91 98 7 103
92 98 7 105
93 95 7 108
94 94 7 111
95 93 7 113
96 91 7 116
97 90 7 118
98 94 7 119
99 95 7 120
100 98 7 120
101 96 7 124
102 95 7 127
103 96 8 129
104 99 8 129
105 100 8 130
106 103 8 131
107 108 8 132
108 106 8 134
109 105 8 135
110 102 9 139
111 104 9 139
112 108 9 139
113 107 9 141
114 107 9 143
115 104 9 148
116 103 9 151
117 101 9 156
118 102 9 157
119 105 9 159
120 104 9 161
121 104 9 162
122 105 9 163
123 105 9 165
124 104 9 167
125 108 9 167
126 108 9 169
127 108 9 171
128 110 9 172
129 112 9 173
130 113 9 174
131 114 9 175
132 115 9 176
133 114 9 178
134 116 9 179
135 117 9 182
136 117 9 184
137 114 10 186
138 115 10 187
139 115 11 189
140 114 11 191
141 117 11 193
142 117 11 196
143 119 11 197
144 118 11 201
145 120 11 202
146 119 11 205
147 119 11 207
148 121 11 208
149 123 11 210
150 121 11 213
151 122 11 215
152 127 11 215
153 129 11 216
154 130 11 220
155 131 11 220
156 134 11 221
157 134 11 225
158 138 11 227
159 139 11 230
160 140 11 231
161 140 11 235
162 137 11 240
163 138 11 242
164 142 11 242
165 142 12 242
166 142 12 244
167 143 12 247
168 148 12 247
169 152 12 249
170 155 12 250
171 158 12 252
172 158 12 254
173 159 12 255
174 163 12 258
175 161 13 263
176 163 14 265
177 161 14 269
178 164 14 270
179 167 14 272
180 166 14 275
181 166 14 276
182 161 14 281
183 159 14 287
184 166 14 288
185 166 15 290
186 169 15 291
187 171 15 293
188 170 16 297
189 170 16 299
190 166 16 303
191 170 16 305
192 172 16 307
193 172 17 311
194 175 17 314
195 173 17 319
196 174 17 320
197 175 17 323
198 177 17 326
199 182 17 329
200 183 18 334
201 181 18 339
202 185 18 339
203 187 18 341
204 190 19 342
205 191 19 347
206 195 20 348
207 193 21 352
208 199 21 354
209 195 24 359
210 193 24 363
211 197 25 365
212 200 25 368
213 201 26 370
214 200 27 375
215 203 27 375
216 203 28 378
217 203 29 380
218 204 29 384
219 203 30 387
220 206 31 390
221 211 31 390
222 213 31 392
223 219 31 396
224 223 31 397
225 224 32 400
226 224 32 402
227 225 33 406
228 228 33 412
229 228 34 416
230 231 34 421
231 234 34 424
232 235 34 428
233 237 34 431
234 238 35 432
235 234 36 438
236 231 37 442
237 226 38 450
238 226 39 453
239 226 39 457
240 226 40 461
241 226 41 463
242 216 44 471
243 214 45 476
244 215 46 480
245 212 47 485
246 214 47 488
247 217 47 491
248 222 47 494
249 219 47 500
250 220 47 503
251 221 48 504
252 228 48 504
253 229 48 509
254 231 48 511
255 231 48 518
256 230 49 524
257 233 50 529
258 233 50 532
259 231 50 538
260 233 50 539
261 239 51 540
262 236 52 546
263 233 52 552
264 235 52 554
265 241 52 557
266 245 52 560
267 248 52 561
268 248 53 565
269 255 53 568
270 252 53 574
271 253 53 578
272 250 54 583
273 247 55 590
274 244 55 595
275 246 55 598
276 245 55 601
277 239 56 609
278 239 56 612
279 240 57 615
280 243 57 620
281 242 58 623
282 244 59 624
283 250 59 628
284 253 59 634
285 254 59 636
286 251 59 642
287 252 59 648
288 249 59 652
289 248 59 656
290 257 60 656
291 259 60 658
292 258 60 664
293 262 60 668
294 263 61 670
295 266 61 673
296 273 61 675
297 277 61 682
298 277 61 685
299 276 61 693
300 274 61 700
301 279 61 704
302 281 61 711
303 278 62 716
304 285 62 717
305 293 62 720
306 291 62 724
307 297 62 728
308 303 62 730
309 302 63 734
310 303 64 737
311 303 64 741
312 305 65 747
313 305 65 752
314 308 65 758
315 319 65 762
316 319 66 767
317 323 68 770
318 327 68 774
319 329 68 780
320 331 68 785
321 324 69 795
322 324 69 803
323 327 69 808
324 328 70 816
325 332 71 820
326 332 72 826
327 334 72 829
328 340 72 834
329 344 72 839
330 344 72 845
331 344 72 849
332 342 72 854
333 341 73 860
334 341 73 866
335 337 75 872
336 344 75 879
337 345 76 885
338 343 77 893
339 343 77 901
340 348 77 908
341 348 78 913
342 351 78 920
343 355 78 922
344 357 79 926
345 358 79 934
346 363 79 935
347 365 81 940
348 371 81 944
349 375 81 947
350 379 82 952
351 383 82 954
352 385 82 961
353 387 82 969
354 389 82 977
355 385 82 984
356 392 83 989
357 398 83 991
358 402 83 999
359 404 83 1004
360 403 83 1015
361 406 83 1020
362 406 84 1026
363 408 85 1032
364 411 85 1038
365 413 86 1045
366 424 86 1047
367 432 87 1051
368 436 87 1056
369 433 89 1069
370 429 89 1078
371 427 90 1083
372 421 90 1094
373 425 91 1099
374 435 93 1104
375 439 93 1109
376 437 93 1119
377 440 94 1126
378 445 96 1129
379 447 96 1131
380 452 97 1138
381 449 98 1148
382 449 99 1154
383 454 100 1161
384 454 100 1167
385 456 101 1175
386 460 101 1184
387 467 102 1186
388 463 103 1194
389 470 103 1199
390 475 104 1206
391 476 106 1209
392 481 107 1214
393 481 110 1223
394 483 110 1228
395 481 111 1240
396 484 112 1245
397 482 112 1256
398 485 115 1263
399 488 118 1272
400 494 120 1282
401 492 120 1291
402 487 121 1303
403 488 121 1313
404 493 121 1322
405 491 123 1328
406 493 124 1336
407 492 124 1346
408 499 125 1349
409 500 125 1358
410 504 125 1362
411 514 125 1368
412 524 125 1376
413 525 125 1384
414 523 126 1392
415 531 126 1399
416 539 126 1407
417 536 127 1417
418 547 128 1421
419 549 130 1429
420 551 130 1440
421 555 132 1448
422 557 132 1459
423 556 132 1466
424 558 133 1473
425 561 135 1483
426 569 135 1488
427 581 136 1491
428 581 137 1498
429 585 138 1504
430 585 138 1516
431 593 138 1526
432 590 139 1536
433 591 139 1546
434 600 141 1551
435 602 141 1565
436 602 142 1578
437 620 143 1582
438 628 143 1591
439 630 144 1600
440 628 144 1611
441 632 144 1620
442 637 145 1627
443 650 145 1635
444 647 148 1647
445 654 148 1655
446 653 149 1668
447 647 150 1682
448 643 151 1699
449 657 152 1706
450 663 154 1713
451 673 154 1721
452 677 154 1734
453 681 158 1737
454 683 160 1744
455 678 161 1757
456 677 161 1770
457 683 161 1779
458 688 164 1788
459 690 166 1797
460 703 166 1804
461 691 166 1826
462 701 167 1835
463 706 167 1846
464 706 167 1858
465 714 169 1866
466 716 169 1883
467 716 169 1893
468 717 170 1902
469 730 171 1917
470 730 172 1929
471 735 172 1938
472 740 173 1948
473 734 175 1963
474 735 176 1971
475 743 177 1980
476 743 177 1998
477 742 178 2010
478 754 179 2020
479 764 180 2028
480 778 182 2038
481 771 184 2053
482 768 184 2069
483 783 187 2076
484 785 187 2085
485 771 187 2107
486 770 187 2124
487 775 188 2136
488 780 190 2149
489 794 191 2157
490 805 193 2168
491 811 194 2180
492 828 196 2187
493 837 197 2196
494 847 198 2206
495 855 199 2216
496 877 199 2223
497 889 202 2235
498 886 203 2250
499 896 205 2260
500 911 207 2267
501 911 209 2284
502 923 211 2293
503 928 212 2306
504 932 212 2325
505 940 212 2337
506 941 215 2353
507 932 216 2373
508 942 216 2386
509 949 216 2402
510 961 216 2408
511 961 217 2421
512 980 218 2433
513 993 220 2447
514 1002 221 2462
515 1007 224 2480
516 1006 227 2493
517 1016 228 2505
518 1011 230 2522
519 1016 235 2535
520 1022 238 2544
521 1037 239 2556
522 1052 241 2567
523 1064 242 2584
524 1067 244 2608
525 1074 245 2622
526 1068 245 2648
527 1071 248 2663
528 1094 248 2673
529 1104 250 2683
530 1111 254 2696
531 1128 257 2708
532 1134 259 2729
533 1142 261 2749
534 1139 262 2770
535 1146 263 2789
536 1162 266 2801
537 1168 269 2817
538 1172 273 2836
539 1179 276 2854
540 1192 279 2865
541 1207 283 2879
542 1216 287 2894
543 1226 289 2907
544 1242 292 2920
545 1259 293 2939
546 1263 295 2962
547 1255 297 2986
548 1261 297 3000
549 1267 297 3020
550 1274 299 3035
551 1270 302 3063
552 1279 306 3079
553 1284 308 3103
554 1286 309 3120
555 1291 311 3141
556 1289 312 3172
557 1295 314 3189
558 1290 317 3210
559 1306 318 3230
560 1324 318 3248
561 1347 318 3263
562 1353 321 3282
563 1356 323 3306
564 1350 326 3331
565 1351 328 3355
566 1354 328 3379
567 1349 334 3399
568 1356 335 3420
569 1354 339 3437
570 1365 340 3457
571 1381 341 3475
572 1394 343 3498
573 1398 345 3519
574 1400 348 3541
575 1417 352 3558
576 1414 357 3586
577 1436 358 3599
578 1453 362 3613
579 1457 365 3643
580 1468 368 3662
581 1479 371 3685
582 1480 374 3709
583 1487 379 3729
584 1495 382 3749
585 1507 382 3771
586 1514 384 3793
587 1537 385 3814
588 1554 387 3827
589 1557 391 3850
590 1567 394 3873
591 1570 398 3896
592 1555 404 3931
593 1563 406 3953
594 1561 408 3986
595 1561 411 4015
596 1575 412 4040
597 1591 416 4059
598 1594 418 4086
599 1596 420 4109
600 1605 424 4132
601 1613 426 4152
602 1623 429 4176
603 1637 429 4200
604 1645 431 4226
605 1668 433 4247
606 1663 437 4281
607 1667 439 4308
608 1682 442 4326
609 1698 444 4352
610 1700 446 4379
611 1727 448 4394
612 1731 448 4426
613 1742 450 4449
614 1743 458 4476
615 1750 460 4500
616 1746 461 4527
617 1736 463 4562
618 1747 465 4584
619 1756 466 4606
620 1780 467 4624
621 1778 471 4651
622 1788 472 4676
623 1799 474 4702
624 1806 478 4735
625 1803 479 4774
626 1802 482 4798
627 1811 486 4815
628 1807 492 4841
629 1806 494 4879
630 1799 498 4916
631 1791 501 4946
632 1795 503 4971
633 1803 511 4992
634 1806 514 5015
635 1820 518 5034
636 1827 523 5059
637 1830 526 5093
638 1833 527 5121
639 1842 528 5149
640 1843 532 5182
641 1844 534 5219
642 1846 537 5247
643 1850 541 5281
644 1853 544 5318
645 1866 545 5346
646 1891 546 5368
647 1907 552 5387
648 1922 555 5408
649 1928 558 5444
650 1933 560 5480
651 1937 561 5514
652 1957 565 5537
653 1961 569 5567
654 1973 572 5595
655 1994 575 5620
656 2015 579 5640
657 2030 581 5668
658 2047 583 5701
659 2050 585 5739
660 2058 587 5769
661 2067 589 5806
662 2065 592 5848
663 2091 595 5878
664 2090 596 5914
665 2099 599 5945
666 2119 600 5980
667 2134 603 6003
668 2140 606 6030
669 2138 609 6063
670 2144 613 6104
671 2159 618 6137
672 2182 619 6163
673 2198 623 6188
674 2201 628 6224
675 2234 628 6245
676 2246 631 6279
677 2265 632 6320
678 2280 636 6354
679 2304 639 6380
680 2330 644 6412
681 2335 644 6454
682 2344 648 6487
683 2337 652 6534
684 2360 654 6572
685 2359 662 6616
686 2388 667 6640
687 2399 670 6675
688 2420 672 6719
689 2427 673 6754
690 2426 677 6797
691 2448 681 6830
692 2470 682 6869
693 2491 689 6904
694 2526 692 6937
695 2544 693 6977
696 2567 695 7017
697 2577 699 7057
698 2599 705 7091
699 2618 713 7133
700 2640 715 7163
701 2630 721 7211
702 2636 729 7253
703 2638 732 7295
704 2659 736 7333
705 2673 739 7373
706 2694 741 7410
707 2702 745 7458
708 2708 751 7508
709 2717 756 7553
710 2733 758 7603
711 2755 759 7640
712 2764 764 7682
713 2759 767 7741
714 2745 775 7796
715 2754 779 7841
716 2760 785 7882
717 2779 789 7924
718 2788 792 7964
719 2802 795 8009
720 2811 797 8058
721 2836 804 8087
722 2857 807 8129
723 2878 814 8164
724 2888 818 8207
725 2910 825 8250
726 2927 831 8287
727 2973 833 8317
728 2983 838 8363
729 3005 843 8400
730 3013 846 8453
731 3023 849 8497
732 3057 857 8525
733 3072 862 8574
734 3097 871 8613
735 3116 873 8654
736 3122 874 8702
737 3109 881 8757
738 3128 889 8793
739 3145 895 8834
740 3176 898 8878
741 3176 904 8931
742 3187 907 8986
743 3216 912 9025
744 3242 917 9066
745 3248 923 9109
746 3258 930 9164
747 3270 935 9212
748 3283 937 9264
749 3293 940 9311
750 3309 947 9359
751 3307 954 9415
752 3346 957 9462
753 3375 965 9509
754 3419 967 9548
755 3438 976 9602
756 3479 979 9645
757 3497 982 9699
758 3530 983 9745
759 3546 988 9789
760 3548 991 9851
761 3566 994 9908
762 3580 1003 9958
763 3602 1010 10009
764 3617 1016 10072
765 3636 1023 10113
766 3640 1029 10160
767 3652 1035 10215
768 3653 1053 10276
769 3679 1060 10330
770 3708 1066 10375
771 3743 1073 10411
772 3761 1078 10465
773 3778 1083 10517
774 3813 1086 10576
775 3839 1090 10632
776 3858 1093 10698
777 3883 1101 10754
778 3885 1111 10820
779 3902 1118 10870
780 3929 1127 10930
781 3969 1134 10973
782 4003 1139 11026
783 4028 1146 11080
784 4058 1150 11136
785 4073 1158 11190
786 4087 1160 11264
787 4110 1169 11312
788 4120 1176 11374
789 4151 1179 11436
790 4177 1184 11497
791 4197 1188 11558
792 4219 1198 11620
793 4250 1206 11675
794 4274 1212 11756
795 4294 1218 11824
796 4301 1224 11901
797 4318 1236 11959
798 4351 1245 12016
799 4383 1250 12074
800 4411 1255 12139
801 4441 1261 12204
802 4462 1270 12269
803 4486 1274 12336
804 4506 1279 12400
805 4537 1288 12466
806 4565 1294 12537
807 4603 1299 12604
808 4618 1308 12674
809 4617 1317 12761
810 4647 1324 12822
811 4670 1329 12894
812 4673 1332 12983
813 4692 1342 13057
814 4723 1350 13113
815 4739 1357 13182
816 4771 1361 13244
817 4787 1363 13323
818 4813 1373 13396
819 4872 1378 13453
820 4890 1385 13533
821 4925 1391 13600
822 4942 1395 13694
823 4983 1400 13769
824 5022 1403 13836
