0 50 0 0
1 50 0 0
2 51 0 1
3 51 0 2
4 50 1 3
5 49 1 4
6 49 2 4
7 51 2 4
8 51 2 6
9 52 2 6
10 53 2 6
11 52 2 7
12 54 2 7
13 54 2 7
14 58 2 7
15 58 2 8
16 59 2 8
17 59 2 8
18 60 2 9
19 61 2 9
20 61 3 9
21 61 3 10
22 64 3 10
23 65 3 11
24 65 3 13
25 65 3 14
26 61 5 16
27 61 5 17
28 61 5 18
29 61 5 19
30 61 5 20
31 65 5 20
32 64 5 22
33 64 5 23
34 64 6 23
35 64 6 25
36 64 6 26
37 64 6 27
38 64 6 27
39 63 6 29
40 61 6 33
41 63 6 33
42 64 6 33
43 62 6 36
44 64 6 36
45 67 6 36
46 66 6 37
47 65 7 39
48 66 7 39
49 66 7 39
50 65 7 40
51 64 7 42
52 69 7 42
53 70 7 42
54 69 8 42
55 69 8 43
56 70 8 43
57 71 8 43
58 71 8 44
59 71 8 46
60 73 8 46
61 71 8 50
62 74 8 51
63 74 8 51
64 71 8 54
65 75 8 54
66 75 8 55
67 76 8 56
68 76 8 56
69 76 8 56
70 78 8 56
71 76 8 59
72 79 8 59
73 78 8 60
74 77 8 61
75 75 8 63
76 75 8 63
77 75 8 65
78 74 8 68
79 74 8 68
80 73 8 70
81 70 8 74
82 71 8 76
83 71 8 78
84 73 8 79
85 76 8 80
86 77 8 80
87 74 8 84
88 75 8 84
89 76 8 84
90 76 8 85
91 78 8 85
92 74 8 89
93 75 8 90
94 76 8 90
95 76 8 91
96 81 8 91
97 81 8 91
98 82 9 91
99 81 9 92
100 86 9 93
101 90 9 93
102 89 10 95
103 89 10 96
104 90 10 97
105 88 10 101
106 88 10 103
107 88 10 103
108 89 10 103
109 86 11 107
110 91 11 107
111 93 11 107
112 94 11 108
113 93 12 108
114 95 12 108
115 96 12 109
116 97 12 112
117 93 12 117
118 93 13 118
119 96 13 118
120 99 13 118
121 103 13 118
122 103 13 121
123 103 13 123
124 107 13 124
125 110 13 124
126 111 13 125
127 113 13 125
128 113 13 126
129 117 13 126
130 118 13 128
131 117 13 131
132 118 13 132
133 118 13 133
134 121 13 135
135 122 13 137
136 120 13 140
137 124 13 140
138 128 13 140
139 129 13 141
140 127 15 142
141 129 15 143
142 131 15 144
143 131 15 146
144 131 15 149
145 134 15 150
146 139 15 153
147 138 15 156
148 139 15 159
149 138 15 161
150 139 17 162
151 143 17 162
152 145 17 164
153 148 17 167
154 148 17 169
155 149 17 172
156 151 17 174
157 151 17 175
158 152 17 176
159 151 17 179
160 158 17 179
161 160 17 183
162 160 17 186
163 160 17 186
164 162 17 187
165 162 17 189
166 163 17 192
167 162 17 196
168 163 17 199
169 166 17 201
170 170 17 201
171 170 17 204
172 172 17 205
173 174 17 207
174 171 17 210
175 172 17 212
176 171 17 215
177 173 17 217
178 180 17 217
179 176 17 221
180 183 17 223
181 186 17 224
182 186 17 226
183 186 17 228
184 187 17 232
185 191 17 237
186 195 17 240
187 196 17 243
188 199 18 245
189 198 19 248
190 201 19 249
191 205 19 251
192 210 20 252
193 208 20 257
194 210 20 259
195 208 20 263
196 207 20 267
197 207 20 268
198 207 20 274
199 209 20 278
200 212 20 281
201 214 20 285
202 220 20 286
203 219 20 291
204 221 20 295
205 219 20 299
206 217 20 307
207 223 20 309
208 228 20 314
209 228 21 316
210 230 21 320
211 228 21 324
212 231 22 326
213 230 22 328
214 234 22 332
215 237 22 334
216 239 22 338
217 241 22 340
218 243 22 346
219 249 22 348
220 242 23 355
221 237 24 361
222 238 24 364
223 235 25 372
224 238 25 373
225 235 25 378
226 241 25 382
227 242 27 385
228 244 27 388
229 242 27 396
230 239 27 400
231 243 27 401
232 246 27 404
233 247 27 406
234 248 27 410
235 248 27 415
236 246 27 422
237 249 28 425
238 250 29 430
239 255 29 433
240 261 29 437
241 272 29 437
242 280 29 439
243 279 31 443
244 281 31 448
245 283 32 450
246 282 35 454
247 282 35 464
248 278 36 473
249 277 36 477
250 280 36 480
251 288 36 483
252 285 36 489
253 292 36 494
254 295 36 498
255 300 36 499
256 305 36 500
257 303 38 507
258 311 39 510
259 318 39 514
260 317 40 518
261 321 40 523
262 320 43 529
263 323 43 534
264 329 43 540
265 330 44 543
266 327 44 548
267 330 45 551
268 332 46 555
269 333 47 560
270 337 47 562
271 345 47 563
272 344 47 572
273 342 49 576
274 343 50 584
275 340 51 590
276 345 51 592
277 347 53 598
278 345 54 602
279 342 54 611
280 347 54 614
281 348 56 619
282 344 57 624
283 344 58 631
284 345 58 637
285 349 58 641
286 354 58 644
287 355 58 652
288 352 58 660
289 355 59 664
290 356 61 667
291 359 62 670
292 360 62 676
293 362 62 681
294 361 63 684
295 365 65 690
296 370 66 693
297 372 67 697
298 370 69 704
299 375 69 708
300 376 70 716
301 375 70 722
302 380 71 726
303 389 71 729
304 385 73 741
305 386 74 748
306 393 74 752
307 396 75 756
308 399 75 760
309 402 75 767
310 391 78 782
311 392 79 790
312 391 81 796
313 394 81 801
314 400 81 806
315 394 82 816
316 393 84 822
317 391 85 829
318 395 85 836
319 398 85 840
320 401 85 849
321 400 85 855
322 399 86 862
323 404 86 866
324 402 87 876
325 396 87 889
326 405 87 892
327 409 88 894
328 414 90 896
329 417 90 901
330 418 91 908
331 419 91 917
332 418 91 926
333 424 91 933
334 426 91 937
335 436 91 941
336 444 92 942
337 447 93 947
338 440 95 958
339 444 95 965
340 445 96 972
341 454 96 979
342 459 96 985
343 461 96 991
344 459 96 999
345 462 96 1008
346 468 96 1013
347 472 97 1017
348 476 97 1021
349 485 97 1029
350 484 99 1041
351 483 99 1053
352 486 99 1060
353 484 100 1067
354 496 101 1070
355 499 101 1079
356 501 102 1085
357 496 102 1094
358 495 105 1106
359 493 105 1113
360 499 108 1118
361 510 109 1126
362 514 109 1135
363 517 109 1139
364 519 110 1149
365 526 110 1158
366 535 110 1165
367 531 110 1177
368 532 112 1187
369 534 113 1196
370 535 113 1201
371 541 113 1209
372 549 114 1216
373 553 115 1225
374 559 117 1231
375 563 117 1236
376 574 117 1246
377 571 117 1258
378 583 119 1264
379 586 119 1274
380 590 119 1282
381 592 119 1290
382 601 120 1300
383 608 123 1307
384 613 126 1314
385 607 127 1325
386 613 129 1331
387 611 130 1346
388 614 131 1356
389 624 131 1363
390 623 132 1370
391 629 132 1379
392 631 132 1393
393 639 132 1401
394 643 132 1412
395 652 132 1421
396 647 134 1432
397 648 138 1439
398 646 140 1454
399 645 143 1467
400 649 145 1477
401 660 145 1489
402 652 148 1507
403 657 149 1518
404 662 150 1530
405 669 152 1536
406 670 152 1546
407 667 155 1559
408 668 157 1565
409 671 159 1571
410 670 161 1584
411 667 164 1597
412 663 164 1613
413 677 165 1618
414 678 166 1630
415 678 167 1641
416 684 168 1650
417 693 168 1656
418 695 169 1666
419 710 169 1672
420 707 169 1688
421 715 171 1694
422 721 172 1703
423 721 173 1713
424 725 173 1724
425 725 174 1743
426 726 174 1757
427 729 176 1765
428 737 176 1776
429 728 176 1791
430 741 178 1799
431 746 179 1808
432 749 179 1822
433 757 180 1834
434 768 180 1839
435 769 180 1853
436 770 182 1864
437 778 183 1872
438 780 183 1882
439 785 183 1893
440 788 184 1905
441 788 184 1921
442 791 186 1930
443 803 187 1943
444 806 187 1958
445 812 189 1968
446 819 189 1976
447 834 190 1985
448 835 192 1998
449 841 194 2008
450 835 197 2023
451 842 199 2033
452 843 201 2048
453 847 203 2058
454 862 203 2070
455 873 205 2078
456 883 207 2089
457 884 208 2108
458 890 213 2118
459 890 213 2133
460 894 213 2146
461 898 214 2156
462 898 216 2173
463 903 219 2183
464 898 221 2198
465 896 221 2220
466 898 227 2229
467 900 228 2247
468 917 230 2254
469 919 230 2268
470 932 230 2288
471 935 230 2308
472 932 233 2325
473 936 234 2338
474 941 236 2354
475 940 238 2370
476 933 239 2385
477 939 242 2401
478 949 242 2416
479 949 242 2431
480 959 244 2440
481 958 245 2456
482 964 248 2464
483 978 251 2475
484 990 252 2489
485 996 253 2503
486 1017 254 2513
487 1008 259 2530
488 1006 260 2548
489 1017 262 2566
490 1029 262 2574
491 1038 262 2587
492 1038 264 2601
493 1043 266 2613
494 1061 266 2625
495 1062 269 2648
496 1067 272 2662
497 1075 273 2680
498 1076 273 2700
499 1069 273 2729
500 1072 275 2743
501 1073 275 2761
502 1080 278 2772
503 1079 282 2785
504 1088 282 2800
505 1097 284 2814
506 1093 287 2835
507 1118 287 2843
508 1114 289 2870
509 1108 291 2895
510 1104 293 2913
511 1112 295 2928
512 1118 297 2942
513 1123 298 2962
514 1134 300 2978
515 1137 302 2994
516 1135 305 3009
517 1139 308 3032
518 1141 309 3051
519 1135 313 3073
520 1129 317 3099
521 1134 317 3118
522 1134 318 3139
523 1142 318 3161
524 1151 318 3175
525 1167 319 3186
526 1173 320 3199
527 1177 322 3214
528 1188 322 3230
529 1199 323 3243
530 1219 325 3258
531 1231 329 3279
532 1234 333 3299
533 1237 335 3322
534 1229 338 3344
535 1233 339 3360
536 1235 339 3380
537 1253 339 3396
538 1272 340 3407
539 1290 340 3415
540 1290 343 3440
541 1312 345 3452
542 1329 345 3470
543 1345 348 3482
544 1351 353 3501
545 1362 354 3517
546 1371 355 3545
547 1367 358 3576
548 1375 360 3596
549 1390 364 3615
550 1383 366 3642
551 1391 367 3664
552 1400 368 3687
553 1396 369 3708
554 1408 370 3733
555 1417 371 3753
556 1441 371 3772
557 1454 371 3800
558 1450 373 3830
559 1469 375 3850
560 1479 377 3867
561 1480 379 3895
562 1475 379 3924
563 1483 381 3942
564 1483 381 3971
565 1497 381 3996
566 1512 382 4012
567 1500 384 4047
568 1508 386 4075
569 1517 386 4097
570 1507 386 4132
571 1526 388 4143
572 1531 392 4170
573 1540 394 4188
574 1542 397 4215
575 1548 397 4239
576 1562 400 4257
577 1566 402 4288
578 1584 405 4311
579 1603 409 4331
580 1606 411 4363
581 1619 412 4391
582 1614 413 4416
583 1616 415 4446
584 1637 419 4467
585 1657 422 4484
586 1662 424 4509
587 1684 425 4523
588 1683 429 4553
589 1704 429 4579
590 1713 433 4603
591 1726 433 4628
592 1737 438 4655
593 1739 444 4681
594 1736 450 4707
595 1739 455 4727
596 1742 461 4753
597 1761 463 4778
598 1788 466 4798
599 1798 469 4825
600 1799 472 4852
601 1830 475 4872
602 1849 476 4888
603 1869 477 4918
604 1863 479 4946
605 1876 482 4972
606 1898 483 5000
607 1898 484 5039
608 1916 485 5061
609 1918 486 5090
610 1924 490 5115
611 1932 495 5138
612 1957 496 5164
613 1971 500 5187
614 1979 504 5221
615 1986 509 5246
616 1988 512 5285
617 1985 516 5323
618 1980 521 5357
619 1979 522 5393
620 1988 525 5416
621 1991 530 5450
622 2003 535 5480
623 2021 536 5506
624 2033 540 5533
625 2059 543 5563
626 2064 546 5592
627 2098 547 5616
628 2117 549 5650
629 2126 554 5675
630 2133 558 5704
631 2148 560 5733
632 2163 563 5761
633 2161 569 5798
634 2175 571 5834
635 2196 573 5864
636 2204 575 5897
637 2203 578 5939
638 2224 580 5968
639 2229 583 6003
640 2248 585 6039
641 2249 591 6070
642 2254 592 6098
643 2259 596 6137
644 2279 599 6174
645 2306 602 6203
646 2317 606 6237
647 2326 610 6275
648 2353 613 6299
649 2350 614 6344
650 2366 616 6375
651 2362 618 6415
652 2378 622 6445
653 2379 624 6481
654 2400 628 6518
655 2420 632 6548
656 2425 634 6588
657 2422 636 6638
658 2450 639 6672
659 2467 644 6707
660 2486 650 6743
661 2490 657 6782
662 2500 663 6821
663 2511 670 6864
664 2541 672 6897
665 2543 677 6935
666 2562 680 6967
667 2576 687 7001
668 2588 690 7045
669 2588 696 7087
670 2598 700 7130
671 2613 706 7166
672 2615 708 7209
673 2648 715 7232
674 2656 716 7280
675 2656 719 7318
676 2675 723 7354
677 2688 727 7388
678 2703 730 7425
679 2732 734 7463
680 2749 737 7504
681 2778 741 7547
682 2786 747 7589
683 2812 748 7632
684 2825 753 7674
685 2859 755 7712
686 2873 759 7749
687 2890 764 7792
688 2897 767 7841
689 2918 772 7882
690 2910 780 7939
691 2922 787 7981
692 2940 792 8026
693 2964 796 8072
694 2967 801 8119
695 2993 807 8158
696 3008 809 8198
697 3043 814 8241
698 3051 821 8285
699 3076 823 8326
700 3112 828 8367
701 3106 835 8425
702 3111 839 8483
703 3114 843 8531
704 3130 846 8574
705 3132 851 8624
706 3153 856 8661
707 3159 863 8722
708 3170 870 8780
709 3205 876 8817
710 3208 883 8873
711 3207 889 8926
712 3223 897 8980
713 3230 901 9032
714 3240 905 9081
715 3258 909 9133
716 3287 914 9170
717 3297 921 9219
718 3309 929 9266
719 3347 932 9321
720 3368 938 9363
721 3391 944 9418
722 3396 951 9477
723 3400 954 9539
724 3433 961 9578
725 3471 967 9612
726 3490 970 9668
727 3512 979 9725
728 3538 983 9770
729 3560 992 9815
730 3577 998 9867
731 3585 1004 9931
732 3602 1014 9974
733 3635 1020 10022
734 3640 1028 10075
735 3652 1036 10131
736 3673 1040 10195
737 3680 1046 10249
738 3678 1049 10314
739 3704 1052 10359
740 3729 1058 10416
741 3759 1060 10459
742 3755 1066 10527
743 3771 1076 10589
744 3788 1080 10670
745 3834 1083 10724
746 3849 1089 10784
747 3860 1095 10835
748 3872 1098 10891
749 3890 1105 10942
750 3939 1108 10984
751 3940 1116 11046
752 3968 1120 11102
753 3987 1129 11149
754 3997 1134 11208
755 4008 1144 11278
756 4029 1151 11339
757 4054 1159 11398
758 4087 1162 11450
759 4107 1169 11515
760 4109 1174 11582
761 4143 1182 11644
762 4176 1186 11705
763 4203 1189 11768
764 4229 1197 11835
765 4221 1206 11906
766 4250 1210 11960
767 4272 1223 12016
768 4281 1228 12080
769 4312 1233 12133
770 4328 1240 12199
771 4349 1249 12256
772 4369 1259 12325
773 4396 1267 12392
774 4442 1273 12446
775 4452 1278 12520
776 4483 1283 12590
777 4524 1289 12639
778 4546 1303 12700
779 4597 1307 12748
780 4633 1313 12813
781 4629 1318 12894
782 4646 1323 12974
783 4667 1337 13041
784 4686 1340 13107
785 4716 1346 13167
786 4748 1353 13240
787 4757 1363 13317
788 4781 1372 13391
789 4814 1381 13456
790 4829 1391 13529
791 4866 1395 13596
792 4917 1399 13673
793 4961 1405 13736
794 4983 1414 13809
795 4987 1426 13898
796 5037 1433 13943
