0 50 0 0
1 51 0 0
2 56 0 0
3 60 0 0
4 61 0 1
5 61 0 1
6 62 0 1
7 62 0 1
8 61 0 2
9 60 0 3
10 60 0 4
11 61 0 5
12 62 0 6
13 61 0 8
14 62 0 8
15 61 0 10
16 61 0 11
17 60 0 13
18 59 0 14
19 59 0 15
20 58 0 17
21 60 0 18
22 61 0 19
23 62 0 19
24 60 0 21
25 58 1 23
26 57 1 26
27 57 1 27
28 59 1 27
29 61 1 27
30 62 1 27
31 61 1 30
32 60 1 32
33 58 1 34
34 58 1 35
35 57 1 37
36 59 1 37
37 61 1 37
38 63 1 38
39 62 1 42
40 62 1 43
41 63 1 43
42 63 1 45
43 65 1 45
44 65 1 46
45 64 1 49
46 67 1 49
47 66 1 52
48 67 1 52
49 68 1 53
50 64 1 57
51 65 1 57
52 67 1 57
53 67 1 58
54 65 2 60
55 65 2 63
56 66 2 63
57 65 2 64
58 67 2 64
59 68 2 64
60 69 3 64
61 68 3 65
62 66 4 67
63 66 5 67
64 65 5 68
65 63 5 70
66 62 5 71
67 61 5 72
68 61 5 73
69 61 5 75
70 62 5 75
71 64 5 75
72 64 6 75
73 65 6 76
74 64 6 77
75 65 6 78
76 68 6 78
77 69 6 79
78 68 6 80
79 66 6 82
80 62 6 87
81 63 6 88
82 62 6 90
83 62 6 92
84 64 6 93
85 65 6 94
86 63 6 97
87 62 6 99
88 63 6 100
89 62 6 102
90 64 6 103
91 64 6 105
92 66 6 105
93 67 6 105
94 68 6 105
95 69 6 105
96 71 6 105
97 72 6 106
98 73 6 106
99 71 6 110
100 72 6 110
101 72 6 111
102 73 6 112
103 74 6 113
104 75 6 114
105 77 6 114
106 79 6 114
107 79 6 116
108 82 6 116
109 82 6 117
110 83 6 119
111 83 6 119
112 83 6 121
113 80 6 125
114 79 6 126
115 80 6 128
116 81 6 129
117 83 6 130
118 83 6 131
119 82 6 133
120 83 6 134
121 82 6 136
122 82 6 137
123 81 6 138
124 82 6 139
125 81 6 141
126 80 6 143
127 80 6 145
128 79 6 147
129 80 6 147
130 80 6 148
131 79 6 153
132 79 6 153
133 80 6 154
134 79 6 156
135 80 6 158
136 82 6 159
137 83 6 159
138 81 6 161
139 81 6 162
140 82 6 163
141 81 6 165
142 83 6 165
143 83 6 166
144 85 6 166
145 81 6 171
146 86 6 173
147 87 6 173
148 86 6 175
149 90 6 175
150 92 6 177
151 93 6 180
152 96 6 180
153 96 6 181
154 97 6 182
155 99 6 184
156 100 6 187
157 101 6 187
158 100 6 189
159 102 6 190
160 103 6 192
161 103 6 194
162 102 6 197
163 100 6 201
164 103 6 202
165 101 6 205
166 99 6 209
167 100 6 211
168 101 6 214
169 100 6 217
170 99 6 219
171 101 6 219
172 97 6 225
173 98 6 228
174 95 6 231
175 92 6 235
176 93 6 236
177 97 6 236
178 98 6 237
179 100 6 237
180 103 6 238
181 107 6 239
182 106 6 241
183 106 6 243
184 105 6 244
185 106 6 246
186 107 6 247
187 109 6 247
188 109 6 249
189 109 6 250
190 109 6 251
191 110 6 253
192 108 6 257
193 109 6 257
194 111 6 257
195 112 6 257
196 114 6 259
197 112 6 264
198 114 6 265
199 116 6 266
200 119 6 268
201 120 6 270
202 121 6 272
203 122 6 273
204 124 6 273
205 124 6 275
206 128 6 276
207 127 6 278
208 126 6 280
209 130 6 280
210 133 6 280
211 135 6 281
212 138 6 281
213 138 6 285
214 137 6 288
215 138 6 290
216 144 6 291
217 142 6 294
218 146 6 294
219 147 6 294
220 147 6 295
221 149 6 298
222 147 6 303
223 150 6 304
224 153 6 304
225 150 7 309
226 156 7 309
227 156 7 312
228 158 7 316
229 158 7 318
230 156 7 321
231 156 7 324
232 158 7 328
233 156 7 331
234 156 7 335
235 157 7 336
236 161 7 337
237 162 7 338
238 161 7 339
239 165 7 341
240 168 8 342
241 167 8 346
242 164 8 350
243 167 8 353
244 168 8 356
245 174 8 358
246 176 8 363
247 178 8 366
248 183 8 368
249 185 8 370
250 185 8 373
251 185 8 376
252 189 8 379
253 193 8 380
254 195 8 385
255 198 8 387
256 202 8 390
257 204 8 393
258 204 8 399
259 207 8 402
260 217 8 402
261 219 8 404
262 220 8 407
263 222 9 411
264 222 10 413
265 221 10 416
266 220 11 417
267 222 12 420
268 224 12 421
269 226 12 423
270 229 12 427
271 231 12 428
272 235 12 428
273 239 13 430
274 243 13 431
275 251 13 433
276 251 13 435
277 252 13 439
278 254 14 443
279 255 15 446
280 260 15 447
281 264 15 452
282 268 15 454
283 270 15 458
284 270 16 463
285 274 17 466
286 271 17 473
287 271 17 478
288 271 18 483
289 271 18 487
290 277 18 490
291 278 18 496
292 276 19 501
293 280 19 505
294 280 19 509
295 288 19 510
296 289 19 516
297 290 19 520
298 287 19 530
299 288 19 535
300 288 21 539
301 294 22 542
302 296 24 544
303 299 24 547
304 301 24 552
305 309 24 556
306 308 24 561
307 312 24 565
308 313 24 572
309 324 24 576
310 329 24 579
311 331 24 583
312 335 24 586
313 329 24 597
314 328 25 600
315 331 26 605
316 332 27 609
317 330 27 616
318 336 27 619
319 330 27 627
320 333 28 633
321 335 28 637
322 340 28 644
323 341 28 648
324 343 28 652
325 344 29 656
326 351 29 659
327 349 29 670
328 347 29 680
329 348 30 685
330 346 31 690
331 344 33 697
332 346 33 700
333 347 33 703
334 347 33 707
335 346 33 714
336 350 33 718
337 358 34 719
338 367 34 722
339 367 34 727
340 365 34 739
341 368 34 745
342 372 35 751
343 376 35 754
344 382 35 757
345 385 37 761
346 393 37 769
347 395 38 771
348 392 38 777
349 394 39 781
350 387 40 791
351 390 40 801
352 395 40 808
353 394 40 814
354 390 41 821
355 392 41 825
356 400 41 831
357 403 41 835
358 402 42 844
359 402 42 849
360 406 42 853
361 404 42 861
362 410 42 864
363 420 43 869
364 426 43 876
365 429 44 881
366 435 44 887
367 435 44 895
368 439 44 902
369 445 44 906
370 444 45 910
371 446 45 913
372 448 45 922
373 449 45 931
374 457 45 936
375 464 45 941
376 459 45 950
377 467 45 956
378 470 45 963
379 469 45 969
380 476 46 974
381 477 47 982
382 474 47 994
383 480 47 1003
384 485 47 1009
385 488 47 1015
386 495 47 1022
387 497 47 1033
388 499 47 1042
389 510 47 1048
390 518 47 1050
391 522 47 1058
392 522 47 1069
393 527 47 1073
394 539 47 1077
395 537 47 1089
396 547 48 1095
397 548 48 1106
398 546 48 1122
399 549 49 1129
400 549 50 1134
401 553 50 1140
402 559 50 1148
403 563 51 1157
404 570 51 1162
405 569 52 1170
406 567 52 1177
407 576 53 1184
408 581 53 1191
409 588 53 1198
410 588 54 1201
411 593 54 1210
412 600 54 1219
413 604 56 1225
414 602 56 1241
415 613 57 1246
416 609 58 1260
417 608 58 1272
418 607 58 1284
419 608 58 1295
420 615 58 1304
421 614 58 1315
422 620 58 1318
423 618 58 1332
424 622 59 1337
425 619 60 1347
426 617 61 1357
427 617 61 1371
428 618 61 1381
429 619 61 1391
430 604 61 1413
431 603 63 1426
432 610 63 1434
433 616 63 1441
434 623 63 1451
435 628 63 1459
436 626 64 1468
437 637 64 1476
438 644 64 1486
439 649 65 1495
440 654 66 1504
441 660 68 1512
442 657 69 1529
443 661 69 1537
444 665 69 1543
445 664 69 1554
446 669 70 1564
447 672 71 1577
448 684 71 1585
449 688 71 1596
450 695 71 1603
451 698 71 1613
452 701 71 1623
453 702 71 1633
454 697 71 1648
455 706 71 1658
456 713 71 1667
457 724 71 1673
458 743 71 1678
459 748 71 1689
460 763 73 1694
461 766 73 1706
462 766 73 1715
463 774 73 1725
464 782 74 1740
465 793 75 1748
466 792 75 1761
467 803 76 1771
468 810 76 1784
469 820 76 1793
470 834 77 1802
471 837 78 1816
472 844 78 1829
473 849 78 1840
474 858 81 1848
475 869 81 1858
476 875 83 1869
477 876 83 1875
478 886 84 1883
479 893 84 1898
480 903 84 1912
481 904 84 1928
482 899 84 1946
483 910 87 1954
484 924 88 1965
485 931 88 1977
486 944 88 1989
487 954 88 2005
488 950 88 2020
489 968 89 2026
490 976 89 2040
491 983 89 2059
492 1000 90 2071
493 1006 90 2086
494 1012 91 2101
495 1034 91 2108
496 1045 91 2126
497 1055 92 2141
498 1060 93 2157
499 1063 93 2173
500 1073 93 2188
501 1085 93 2200
502 1091 93 2223
503 1103 93 2235
504 1114 94 2252
505 1119 94 2268
506 1108 95 2295
507 1111 96 2310
508 1121 97 2322
509 1129 98 2336
510 1143 98 2349
511 1165 99 2362
512 1175 100 2373
513 1187 100 2390
514 1181 100 2418
515 1187 101 2433
516 1184 101 2451
517 1203 101 2463
518 1215 101 2475
519 1226 101 2493
520 1232 101 2513
521 1240 102 2533
522 1242 104 2551
523 1244 104 2571
524 1244 104 2593
525 1245 104 2606
526 1258 104 2623
527 1261 104 2649
528 1268 105 2668
529 1265 105 2693
530 1281 105 2709
531 1288 105 2731
532 1300 105 2747
533 1309 105 2766
534 1310 107 2786
535 1311 108 2808
536 1318 109 2824
537 1319 109 2849
538 1331 109 2868
539 1331 110 2894
540 1347 110 2909
541 1351 110 2931
542 1370 112 2953
543 1391 113 2965
544 1399 113 2983
545 1389 114 3012
546 1393 114 3032
547 1403 114 3049
548 1413 114 3069
549 1423 115 3089
550 1432 115 3111
551 1442 115 3136
552 1433 115 3170
553 1436 116 3195
554 1442 118 3219
555 1453 119 3235
556 1460 119 3257
557 1451 120 3291
558 1466 121 3309
559 1474 122 3334
560 1480 122 3359
561 1482 122 3378
562 1510 124 3391
563 1504 124 3420
564 1518 125 3434
565 1532 125 3458
566 1555 125 3478
567 1567 125 3505
568 1574 125 3528
569 1586 126 3552
570 1593 126 3576
571 1607 127 3596
572 1629 127 3610
573 1641 127 3644
574 1650 129 3667
575 1655 129 3690
576 1677 131 3708
577 1702 131 3728
578 1712 131 3753
579 1729 131 3779
580 1720 131 3812
581 1729 133 3845
582 1748 133 3870
583 1753 133 3900
584 1764 135 3930
585 1775 137 3949
586 1799 138 3968
587 1798 138 3997
588 1811 139 4029
589 1812 139 4062
590 1837 140 4080
591 1826 142 4121
592 1845 143 4147
593 1869 144 4165
594 1881 146 4196
595 1880 147 4229
596 1901 149 4252
597 1913 149 4278
598 1927 150 4307
599 1940 152 4331
600 1945 154 4371
601 1956 154 4406
602 1980 154 4438
603 1983 154 4468
604 1991 155 4497
605 1993 157 4533
606 2003 157 4563
607 2016 161 4598
608 2023 162 4628
609 2045 163 4656
610 2042 164 4691
611 2057 165 4721
612 2083 167 4735
613 2093 169 4764
614 2102 170 4791
615 2114 171 4821
616 2115 171 4852
617 2130 172 4886
618 2136 172 4924
619 2135 175 4965
620 2149 175 4996
621 2167 176 5033
622 2157 178 5078
623 2176 179 5108
624 2180 179 5148
625 2195 179 5179
626 2189 183 5216
627 2207 186 5241
628 2226 186 5270
629 2240 187 5307
630 2261 187 5343
631 2292 189 5369
632 2316 190 5405
633 2316 190 5456
634 2323 192 5495
635 2351 193 5523
636 2364 195 5560
637 2382 195 5596
638 2406 198 5628
639 2413 200 5664
640 2423 203 5697
641 2456 204 5723
642 2461 205 5762
643 2467 207 5798
644 2488 207 5833
645 2517 210 5862
646 2536 211 5894
647 2533 212 5942
648 2540 213 5976
649 2566 214 6016
650 2581 217 6059
651 2607 217 6097
652 2622 218 6139
653 2630 218 6174
654 2643 219 6223
655 2653 221 6267
656 2664 223 6304
657 2679 223 6346
658 2710 225 6385
659 2716 227 6426
660 2750 227 6458
661 2776 230 6495
662 2782 231 6546
663 2808 232 6593
664 2830 234 6635
665 2848 235 6676
666 2869 236 6720
667 2882 236 6770
668 2894 237 6819
669 2913 239 6864
670 2929 239 6905
671 2953 240 6955
672 2977 241 7003
673 2975 242 7059
674 2991 242 7100
675 3000 244 7154
676 3013 246 7198
677 3024 248 7244
678 3041 248 7299
679 3050 251 7348
680 3045 253 7400
681 3051 253 7453
682 3076 255 7489
683 3091 259 7534
684 3122 260 7572
685 3124 260 7637
686 3156 262 7677
687 3182 263 7726
688 3197 264 7778
689 3232 264 7820
690 3249 266 7881
691 3259 270 7928
692 3268 271 7996
693 3292 274 8050
694 3326 275 8094
695 3351 275 8139
696 3377 276 8187
697 3389 277 8241
698 3407 281 8296
699 3438 281 8342
700 3473 283 8385
701 3498 286 8433
702 3519 288 8485
703 3542 291 8535
704 3553 292 8595
705 3563 293 8656
706 3573 293 8705
707 3598 295 8760
708 3616 297 8830
709 3650 298 8883
710 3680 301 8943
711 3701 302 9006
712 3741 304 9057
713 3750 304 9125
714 3762 307 9187
715 3784 309 9244
716 3802 311 9297
717 3825 311 9358
718 3848 311 9417
719 3874 312 9473
720 3892 313 9542
721 3935 314 9592
722 3959 315 9648
723 3993 317 9696
724 4016 319 9756
725 4006 321 9825
726 4049 322 9877
727 4080 324 9929
728 4095 326 9992
729 4128 327 10041
730 4153 329 10107
731 4167 332 10173
732 4207 332 10236
733 4254 333 10299
734 4288 335 10366
735 4301 338 10436
736 4334 343 10494
737 4366 346 10554
738 4384 348 10611
739 4429 350 10676
740 4446 353 10737
741 4467 355 10807
742 4516 356 10877
743 4553 357 10942
744 4583 358 11005
745 4620 359 11077
746 4624 363 11155
747 4655 365 11234
748 4674 368 11313
749 4708 369 11382
750 4745 374 11445
751 4757 378 11522
752 4804 382 11588
753 4803 385 11675
754 4818 387 11760
755 4834 392 11837
756 4844 393 11910
757 4866 397 11992
758 4879 400 12068
759 4908 403 12154
760 4934 407 12237
761 4974 409 12303
762 4997 412 12377
763 5023 416 12445
