0 50 0 0
1 51 0 0
2 52 1 1
3 50 2 2
4 49 2 5
5 48 3 6
6 50 3 6
7 50 3 6
8 50 3 6
9 48 3 8
10 48 3 8
11 47 3 9
12 47 3 10
13 48 3 11
14 49 3 11
15 49 3 13
16 49 3 13
17 50 3 13
18 49 3 15
19 49 3 16
20 50 3 18
21 51 3 20
22 52 4 20
23 53 4 21
24 55 4 22
25 57 4 23
26 58 4 24
27 60 4 24
28 61 4 24
29 60 4 25
30 60 4 27
31 59 4 28
32 57 4 30
33 57 4 31
34 58 4 32
35 56 4 34
36 54 4 36
37 50 4 41
38 52 4 41
39 51 4 42
40 50 4 43
41 51 4 43
42 52 4 43
43 52 4 43
44 54 4 44
45 54 4 45
46 54 4 46
47 55 4 48
48 56 4 48
49 58 4 49
50 58 4 49
51 56 4 51
52 56 4 52
53 56 4 52
54 57 4 52
55 59 4 53
56 59 4 53
57 61 4 54
58 60 4 56
59 60 4 57
60 60 5 58
61 61 5 59
62 61 5 61
63 62 5 61
64 62 5 62
65 62 6 62
66 62 6 63
67 64 6 64
68 64 6 66
69 63 7 67
70 63 7 68
71 64 7 68
72 65 7 69
73 64 7 71
74 63 7 72
75 62 7 74
76 62 7 74
77 62 7 75
78 62 7 76
79 57 7 82
80 55 7 84
81 55 7 84
82 55 7 85
83 55 7 85
84 53 7 87
85 51 7 90
86 51 7 92
87 51 7 92
88 49 7 94
89 48 7 95
90 48 7 96
91 48 7 96
92 51 7 96
93 51 7 97
94 53 7 98
95 54 7 98
96 54 7 98
97 51 7 101
98 51 7 101
99 53 7 101
100 51 7 103
101 51 7 104
102 52 7 104
103 52 7 104
104 52 7 105
105 51 7 106
106 53 7 106
107 53 7 106
108 55 7 106
109 54 7 107
110 53 8 108
111 52 8 109
112 52 8 110
113 52 8 111
114 51 8 112
115 52 8 112
116 54 8 113
117 53 8 114
118 53 8 115
119 54 8 115
120 55 8 115
121 54 8 117
122 54 8 117
123 56 8 117
124 57 9 117
125 58 9 117
126 53 9 122
127 52 9 123
128 54 9 123
129 55 9 123
130 55 9 124
131 55 9 125
132 55 9 126
133 57 9 126
134 57 9 126
135 57 9 127
136 57 9 128
137 57 9 128
138 58 9 128
139 59 9 129
140 61 9 130
141 61 9 130
142 63 9 130
143 63 9 132
144 65 9 132
145 66 9 133
146 67 9 133
147 69 9 133
148 69 9 135
149 70 9 136
150 71 9 136
151 72 9 136
152 77 9 136
153 78 9 137
154 80 9 137
155 80 9 138
156 81 9 140
157 79 9 145
158 79 9 147
159 76 9 150
160 77 9 152
161 78 9 153
162 79 9 154
163 80 9 154
164 80 9 156
165 83 9 156
166 87 9 156
167 85 9 158
168 86 9 159
169 88 9 159
170 92 9 161
171 93 9 162
172 92 9 164
173 95 9 164
174 94 10 164
175 93 10 166
176 91 10 168
177 91 10 170
178 94 10 170
179 95 10 171
180 98 10 173
181 96 10 176
182 97 10 178
183 97 10 180
184 94 10 183
185 97 10 183
186 94 11 185
187 96 11 186
188 96 11 187
189 96 11 191
190 97 12 192
191 94 13 194
192 94 13 196
193 94 15 196
194 97 15 196
195 96 15 197
196 95 15 199
197 94 15 202
198 93 15 204
199 95 15 204
200 93 15 206
201 93 15 207
202 94 15 209
203 95 15 210
204 96 15 211
205 96 15 213
206 96 15 215
207 97 15 218
208 97 15 221
209 99 15 221
210 96 16 224
211 97 16 225
212 95 16 228
213 98 16 229
214 99 16 230
215 98 16 231
216 100 16 231
217 102 16 231
218 107 16 231
219 109 16 233
220 104 16 238
221 104 16 239
222 103 16 240
223 101 16 242
224 101 16 245
225 104 16 245
226 105 16 245
227 108 16 245
228 108 16 246
229 110 16 248
230 109 17 249
231 108 17 253
232 110 17 253
233 109 17 255
234 108 17 257
235 113 17 257
236 113 17 258
237 111 17 263
238 109 17 267
239 111 17 268
240 113 17 268
241 114 17 271
242 116 17 271
243 120 17 272
244 119 17 275
245 118 17 276
246 117 17 279
247 120 17 280
248 121 17 282
249 122 17 285
250 119 17 289
251 121 17 290
252 119 17 293
253 118 17 295
254 118 17 297
255 118 17 298
256 123 17 300
257 122 17 301
258 125 17 303
259 124 17 306
260 127 18 306
261 130 18 308
262 130 18 309
263 128 18 313
264 132 18 314
265 131 18 318
266 130 18 320
267 130 18 322
268 133 18 323
269 134 18 326
270 134 18 330
271 136 18 333
272 134 18 336
273 137 18 336
274 139 18 337
275 142 18 339
276 143 18 341
277 144 18 341
278 141 18 346
279 142 18 347
280 140 18 349
281 143 18 349
282 146 18 350
283 151 18 350
284 151 18 351
285 154 18 352
286 156 18 354
287 158 18 355
288 162 18 357
289 164 18 359
290 168 18 362
291 170 18 363
292 174 18 363
293 177 18 365
294 180 18 368
295 182 18 370
296 188 18 372
297 188 18 375
298 192 18 377
299 196 19 379
300 198 19 380
301 201 19 382
302 206 19 384
303 209 19 387
304 210 19 389
305 213 19 392
306 217 19 396
307 217 19 399
308 218 19 402
309 219 19 406
310 219 19 409
311 221 19 413
312 225 19 414
313 225 19 419
314 229 19 420
315 226 19 425
316 223 19 430
317 221 19 434
318 224 19 437
319 232 19 439
320 234 19 443
321 238 19 447
322 241 19 447
323 242 20 449
324 251 20 451
325 251 21 457
326 249 21 461
327 256 21 461
328 262 21 462
329 266 21 464
330 267 21 472
331 268 21 478
332 272 21 481
333 275 22 486
334 273 22 490
335 281 22 491
336 286 22 496
337 296 22 496
338 297 22 501
339 301 22 504
340 306 22 506
341 302 24 516
342 298 24 525
343 302 24 530
344 302 24 533
345 305 24 536
346 307 24 539
347 308 24 543
348 308 25 548
349 311 25 550
350 311 25 554
351 310 25 560
352 320 25 561
353 322 25 564
354 327 25 570
355 331 25 576
356 336 25 578
357 335 25 586
358 335 25 592
359 339 25 596
360 347 25 601
361 346 25 605
362 351 25 609
363 348 25 613
364 347 25 619
365 348 25 623
366 349 25 627
367 352 25 631
368 354 25 633
369 351 25 640
370 358 25 641
371 359 25 647
372 365 25 653
373 366 25 662
374 373 25 666
375 377 25 670
376 379 25 676
377 380 25 680
378 373 25 690
379 373 25 698
380 376 25 702
381 379 25 707
382 380 25 714
383 379 25 721
384 387 25 722
385 393 25 727
386 393 25 734
387 401 25 736
388 405 25 740
389 407 25 744
390 410 26 749
391 408 26 758
392 410 26 763
393 416 26 766
394 413 27 775
395 413 27 780
396 419 27 784
397 424 27 796
398 428 28 802
399 429 28 808
400 431 28 813
401 437 28 817
402 443 28 825
403 448 28 830
404 452 28 836
405 457 29 841
406 464 29 846
407 470 29 852
408 473 30 863
409 480 31 866
410 484 31 874
411 493 31 880
412 501 31 888
413 502 31 897
414 503 31 905
415 509 31 909
416 511 31 915
417 515 31 922
418 523 31 928
419 529 31 935
420 530 31 944
421 531 31 955
422 537 31 962
423 546 32 969
424 558 32 976
425 561 32 988
426 565 32 992
427 570 32 1000
428 573 32 1010
429 580 32 1018
430 590 32 1023
431 597 33 1032
432 602 34 1041
433 602 34 1054
434 599 34 1067
435 603 35 1073
436 606 35 1080
437 616 36 1086
438 614 36 1100
439 620 37 1107
440 623 37 1120
441 632 37 1129
442 642 37 1138
443 650 37 1148
444 654 38 1158
445 651 38 1169
446 667 39 1174
447 677 39 1183
448 681 39 1190
449 681 39 1199
450 680 39 1214
451 678 41 1225
452 686 41 1231
453 686 41 1244
454 683 41 1253
455 690 41 1263
456 696 42 1273
457 701 42 1281
458 704 42 1291
459 709 42 1302
460 699 43 1322
461 706 44 1331
462 707 44 1348
463 711 44 1360
464 715 44 1366
465 717 46 1380
466 717 46 1394
467 724 46 1404
468 716 47 1425
469 711 47 1439
470 710 49 1448
471 717 49 1455
472 711 50 1469
473 713 52 1479
474 721 52 1489
475 721 54 1504
476 725 54 1522
477 726 57 1530
478 725 57 1548
479 731 57 1557
480 731 57 1566
481 726 58 1577
482 737 59 1587
483 746 59 1596
484 750 59 1611
485 756 59 1622
486 773 59 1628
487 772 60 1649
488 777 62 1665
489 784 62 1675
490 788 63 1690
491 798 63 1704
492 798 63 1720
493 798 65 1733
494 795 66 1749
495 798 67 1764
496 812 67 1771
497 822 68 1783
498 827 68 1792
499 821 68 1809
500 832 68 1819
501 835 68 1839
502 842 68 1850
503 846 69 1863
504 845 69 1881
505 849 69 1891
506 866 69 1899
507 882 70 1907
508 884 70 1928
509 892 70 1942
510 895 72 1958
511 897 72 1969
512 900 73 1982
513 911 73 1997
514 917 73 2010
515 924 73 2026
516 930 74 2040
517 947 75 2049
518 946 76 2060
519 950 77 2075
520 954 78 2087
521 956 78 2096
522 969 80 2107
523 982 80 2124
524 977 81 2147
525 982 82 2158
526 984 85 2173
527 994 85 2186
528 990 86 2206
529 1002 87 2219
530 997 89 2243
531 1013 89 2253
532 1021 90 2267
533 1035 90 2278
534 1037 91 2296
535 1040 91 2311
536 1043 91 2328
537 1046 92 2345
538 1057 92 2361
539 1064 92 2376
540 1082 94 2385
541 1089 96 2403
542 1097 97 2416
543 1107 98 2428
544 1103 101 2451
545 1111 101 2465
546 1111 101 2484
547 1120 102 2504
548 1120 104 2518
549 1128 104 2533
550 1139 104 2554
551 1138 105 2575
552 1149 106 2591
553 1159 106 2615
554 1164 106 2637
555 1176 106 2655
556 1187 106 2668
557 1202 107 2683
558 1211 108 2701
559 1225 108 2718
560 1240 108 2734
561 1253 109 2746
562 1261 110 2759
563 1269 111 2778
564 1278 111 2800
565 1285 111 2819
566 1285 114 2838
567 1297 115 2855
568 1288 117 2880
569 1298 118 2896
570 1311 119 2915
571 1322 120 2933
572 1325 120 2958
573 1333 121 2981
574 1352 122 3001
575 1360 123 3022
576 1367 123 3044
577 1389 124 3060
578 1404 124 3079
579 1412 125 3098
580 1427 127 3121
581 1439 128 3140
582 1437 131 3169
583 1442 135 3193
584 1441 138 3221
585 1450 140 3237
586 1464 142 3257
587 1478 142 3275
588 1482 143 3299
589 1499 144 3317
590 1519 146 3337
591 1518 146 3362
592 1520 146 3393
593 1510 146 3424
594 1517 146 3446
595 1531 146 3469
596 1550 148 3491
597 1559 149 3511
598 1569 149 3536
599 1575 151 3565
600 1594 151 3586
601 1602 151 3616
602 1611 151 3636
603 1623 152 3654
604 1628 155 3686
605 1637 157 3713
606 1637 157 3740
607 1653 157 3768
608 1666 160 3790
609 1660 160 3819
610 1684 161 3841
611 1702 163 3859
612 1704 165 3890
613 1706 167 3924
614 1717 168 3944
615 1738 169 3967
616 1741 169 3994
617 1748 170 4017
618 1765 172 4040
619 1762 173 4070
620 1771 175 4096
621 1791 175 4125
622 1800 176 4154
623 1794 177 4186
624 1801 177 4212
625 1808 179 4238
626 1817 180 4271
627 1829 181 4297
628 1839 182 4333
629 1854 183 4365
630 1868 184 4388
631 1878 185 4414
632 1888 186 4449
633 1891 187 4479
634 1887 190 4511
635 1895 194 4536
636 1907 194 4563
637 1920 194 4590
638 1938 195 4625
639 1954 197 4651
640 1969 199 4678
641 1967 201 4710
642 1977 203 4736
643 1974 207 4773
644 1984 207 4805
645 1991 209 4837
646 2001 210 4868
647 2009 211 4908
648 2018 212 4946
649 2023 213 4985
650 2033 214 5015
651 2051 217 5036
652 2059 217 5069
653 2065 218 5103
654 2084 220 5129
655 2086 222 5161
656 2091 225 5201
657 2102 226 5234
658 2124 228 5268
659 2151 230 5283
660 2160 233 5316
661 2186 235 5339
662 2218 239 5361
663 2223 239 5398
664 2228 240 5439
665 2245 240 5477
666 2272 241 5506
667 2275 243 5545
668 2296 245 5567
669 2293 245 5610
670 2310 246 5645
671 2320 247 5686
672 2333 250 5716
673 2340 252 5751
674 2354 252 5782
675 2358 254 5825
676 2389 254 5852
677 2399 259 5887
678 2402 262 5925
679 2420 263 5961
680 2444 266 5997
681 2469 269 6035
682 2471 271 6076
683 2487 274 6118
684 2516 276 6148
685 2533 277 6181
686 2533 278 6221
687 2553 281 6253
688 2581 282 6285
689 2600 283 6318
690 2617 284 6358
691 2666 286 6379
692 2685 286 6410
693 2692 290 6457
694 2713 293 6497
695 2727 296 6537
696 2754 299 6573
697 2773 301 6620
698 2806 303 6652
699 2819 303 6704
700 2819 306 6751
701 2848 307 6796
702 2857 307 6846
703 2881 310 6883
704 2896 310 6926
705 2896 312 6977
706 2921 313 7015
707 2922 313 7067
708 2947 315 7113
709 2979 317 7154
710 2991 320 7211
711 3028 321 7249
712 3043 324 7292
713 3058 327 7340
714 3072 330 7392
715 3084 339 7437
716 3107 342 7478
717 3132 345 7521
718 3153 348 7567
719 3160 350 7612
720 3150 353 7671
721 3172 355 7717
722 3204 360 7767
723 3216 362 7823
724 3238 366 7876
725 3260 367 7924
726 3254 369 7985
727 3277 370 8033
728 3290 372 8091
729 3340 376 8132
730 3354 378 8183
731 3382 382 8226
732 3415 385 8268
733 3443 385 8318
734 3478 389 8359
735 3495 393 8407
736 3505 397 8468
737 3529 398 8515
738 3527 401 8577
739 3566 402 8618
740 3588 406 8677
741 3622 409 8730
742 3624 411 8789
743 3650 411 8831
744 3678 416 8878
745 3707 417 8931
746 3719 423 8993
747 3724 424 9052
748 3746 426 9118
749 3753 428 9166
750 3754 430 9230
751 3771 430 9285
752 3811 431 9328
753 3838 434 9375
754 3866 434 9430
755 3879 438 9494
756 3897 440 9556
757 3906 441 9628
758 3933 445 9687
759 3950 448 9744
760 3987 450 9809
761 4009 452 9878
762 4020 455 9948
763 4048 456 10012
764 4061 460 10071
765 4086 461 10140
766 4121 466 10204
767 4147 468 10262
768 4163 469 10337
769 4192 473 10393
770 4229 477 10447
771 4263 477 10511
772 4284 480 10585
773 4292 482 10656
774 4306 483 10723
775 4323 485 10796
776 4369 487 10853
777 4394 491 10913
778 4418 494 10983
779 4447 495 11053
780 4480 500 11109
781 4510 501 11170
782 4547 505 11229
783 4577 506 11295
784 4581 511 11362
785 4607 512 11447
786 4644 515 11514
787 4657 517 11587
788 4684 520 11649
789 4715 525 11714
790 4746 526 11791
791 4764 529 11870
792 4801 533 11943
793 4814 538 12011
794 4852 539 12095
795 4891 542 12159
796 4927 544 12227
797 4930 549 12320
798 4976 552 12387
799 4991 557 12465
800 5035 561 12522
