0 50 0 0
1 50 0 0
2 48 0 3
3 48 0 3
4 46 0 5
5 47 0 5
6 46 0 6
7 47 0 6
8 47 1 7
9 47 2 7
10 46 2 8
11 46 2 10
12 47 2 10
13 50 2 10
14 50 2 11
15 51 2 11
16 48 2 14
17 48 2 14
18 47 2 15
19 49 2 15
20 50 2 15
21 49 3 16
22 50 3 17
23 51 3 18
24 52 3 19
25 53 3 19
26 53 3 21
27 51 4 22
28 50 4 24
29 50 4 24
30 49 4 25
31 49 4 26
32 48 4 27
33 48 4 28
34 48 4 29
35 47 5 30
36 48 5 30
37 49 5 30
38 52 5 30
39 53 5 31
40 54 5 31
41 55 5 31
42 55 5 32
43 58 5 33
44 54 5 37
45 53 5 38
46 55 5 38
47 54 5 40
48 56 5 40
49 56 5 40
50 55 5 42
51 56 5 42
52 55 5 43
53 55 5 44
54 54 5 45
55 55 6 46
56 58 6 46
57 60 6 46
58 59 6 47
59 59 7 47
60 60 7 48
61 60 7 48
62 60 8 49
63 60 8 50
64 62 8 51
65 61 9 52
66 62 9 52
67 63 9 53
68 63 9 53
69 62 9 54
70 62 9 55
71 64 9 55
72 64 9 57
73 63 9 58
74 64 9 59
75 64 10 59
76 64 10 60
77 66 10 60
78 67 11 60
79 72 12 60
80 76 12 61
81 74 13 63
82 74 13 64
83 73 13 66
84 75 13 66
85 75 13 68
86 75 13 69
87 76 13 69
88 74 13 71
89 73 13 73
90 69 14 76
91 68 14 79
92 66 14 81
93 67 14 81
94 68 14 83
95 66 14 86
96 65 15 86
97 64 15 87
98 65 15 87
99 64 16 87
100 63 16 89
101 63 16 90
102 64 16 90
103 65 16 90
104 64 16 92
105 64 16 93
106 65 16 93
107 65 16 95
108 64 16 97
109 64 16 97
110 66 16 97
111 67 16 97
112 69 16 97
113 67 16 100
114 69 16 100
115 69 16 102
116 71 16 102
117 72 16 102
118 72 16 102
119 71 16 104
120 72 16 104
121 73 16 104
122 75 16 106
123 79 16 106
124 80 17 106
125 78 17 108
126 76 18 111
127 76 18 112
128 75 18 114
129 75 18 114
130 76 18 117
131 76 18 117
132 78 18 117
133 78 18 118
134 81 18 118
135 81 18 119
136 81 18 119
137 81 19 119
138 83 19 120
139 83 19 120
140 83 19 120
141 82 20 121
142 83 20 121
143 85 20 121
144 90 20 121
145 90 20 122
146 90 20 123
147 91 20 124
148 90 22 125
149 92 22 126
150 95 22 127
151 95 22 128
152 94 22 130
153 94 22 131
154 96 22 131
155 94 22 134
156 94 22 134
157 93 22 136
158 92 22 137
159 91 23 138
160 92 23 139
161 95 23 139
162 96 23 140
163 96 23 141
164 97 23 144
165 95 23 147
166 98 23 148
167 97 23 150
168 98 24 150
169 101 24 150
170 102 24 152
171 103 24 152
172 106 24 153
173 108 25 155
174 107 25 157
175 108 25 157
176 108 26 157
177 106 27 160
178 107 27 162
179 112 27 163
180 111 27 167
181 111 27 170
182 109 28 173
183 107 28 175
184 107 29 178
185 107 29 180
186 109 31 181
187 108 31 183
188 104 32 187
189 105 33 189
190 103 33 191
191 106 33 191
192 103 33 196
193 107 33 198
194 108 34 198
195 107 34 199
196 109 34 200
197 111 34 202
198 112 34 203
199 116 34 205
200 117 34 207
201 117 34 208
202 115 34 212
203 118 34 213
204 119 34 217
205 118 34 218
206 116 34 222
207 118 34 223
208 119 34 224
209 120 34 224
210 122 34 224
211 123 34 225
212 123 34 228
213 121 34 230
214 118 36 231
215 119 36 234
216 120 36 237
217 122 36 240
218 121 36 243
219 122 36 244
220 119 37 249
221 121 37 251
222 121 37 253
223 123 37 253
224 121 37 256
225 123 38 256
226 120 40 257
227 115 40 264
228 117 40 264
229 117 40 266
230 119 40 268
231 118 40 269
232 118 40 271
233 119 40 274
234 121 40 275
235 122 40 277
236 123 40 279
237 124 40 281
238 126 40 283
239 124 40 285
240 123 40 287
241 124 40 288
242 122 40 290
243 120 42 290
244 115 42 297
245 114 42 299
246 116 42 302
247 115 42 304
248 115 42 304
249 111 43 308
250 113 43 308
251 112 43 313
252 115 43 313
253 115 43 317
254 112 43 321
255 111 43 322
256 112 43 323
257 115 43 324
258 117 43 325
259 115 43 328
260 111 44 332
261 111 44 334
262 111 44 337
263 112 44 339
264 112 44 341
265 110 45 344
266 113 45 344
267 116 45 344
268 118 45 346
269 116 45 349
270 117 45 350
271 117 45 354
272 120 45 355
273 121 45 355
274 120 45 359
275 117 45 363
276 115 46 365
277 117 46 368
278 118 46 369
279 120 47 370
280 118 48 372
281 116 48 376
282 116 50 376
283 118 50 376
284 114 50 381
285 111 51 384
286 112 51 384
287 115 51 385
288 115 51 386
289 115 51 387
290 116 51 388
291 116 51 391
292 116 51 393
293 119 51 393
294 119 51 395
295 119 51 398
296 118 51 400
297 118 52 402
298 115 52 406
299 115 52 406
300 117 52 406
301 120 52 406
302 120 53 407
303 122 53 408
304 123 53 409
305 125 53 409
306 127 53 411
307 128 53 412
308 131 53 412
309 128 53 416
310 133 53 416
311 131 53 419
312 132 53 422
313 131 53 424
314 130 53 429
315 131 54 429
316 130 54 432
317 133 54 436
318 133 54 440
319 134 54 442
320 132 55 444
321 136 57 444
322 136 57 445
323 135 57 447
324 136 57 450
325 136 57 451
326 138 57 452
327 140 57 452
328 139 58 455
329 139 58 455
330 142 58 456
331 141 58 458
332 143 58 460
333 147 58 461
334 151 58 462
335 149 58 466
336 147 58 468
337 145 58 471
338 146 58 473
339 147 58 475
340 147 58 476
341 146 58 478
342 145 59 481
343 146 59 483
344 146 59 485
345 146 59 488
346 147 59 489
347 150 59 491
348 155 59 493
349 155 59 494
350 154 59 495
351 152 59 498
352 154 59 501
353 156 59 502
354 158 60 503
355 160 60 505
356 162 60 506
357 164 61 508
358 167 61 509
359 166 61 512
360 167 61 514
361 163 61 520
362 164 61 521
363 165 61 523
364 165 61 528
365 166 61 532
366 168 61 534
367 173 61 535
368 173 61 538
369 173 61 539
370 175 61 541
371 176 61 543
372 178 61 545
373 183 61 546
374 181 61 550
375 181 61 556
376 179 61 560
377 179 61 562
378 172 61 569
379 167 61 576
380 171 61 577
381 173 61 578
382 173 61 581
383 176 61 582
384 178 61 585
385 178 61 587
386 178 61 591
387 177 61 596
388 179 61 599
389 185 61 601
390 185 61 602
391 189 61 605
392 194 61 606
393 195 63 607
394 193 63 610
395 191 63 615
396 192 64 617
397 197 64 620
398 195 64 623
399 196 64 627
400 199 64 629
401 199 64 632
402 199 65 635
403 204 65 639
404 204 65 644
405 203 66 647
406 202 66 651
407 204 66 652
408 207 66 654
409 207 66 657
410 207 66 660
411 208 67 661
412 210 67 666
413 212 67 667
414 212 67 670
415 213 67 673
416 209 67 678
417 211 67 682
418 218 67 685
419 221 67 688
420 219 67 695
421 219 67 702
422 217 67 711
423 225 67 711
424 230 67 711
425 237 67 712
426 238 67 716
427 240 67 719
428 242 67 722
429 239 67 729
430 240 67 734
431 238 67 736
432 240 67 739
433 241 67 742
434 241 67 745
435 243 67 748
436 245 67 750
437 247 67 753
438 249 67 755
439 249 67 758
440 249 67 762
441 249 68 764
442 252 68 768
443 255 68 771
444 255 68 775
445 256 68 778
446 262 68 781
447 258 68 786
448 261 68 790
449 261 69 795
450 256 70 802
451 259 70 803
452 259 70 807
453 267 70 807
454 268 70 811
455 273 70 813
456 273 70 817
457 277 70 819
458 276 70 823
459 276 70 829
460 280 70 832
461 285 70 837
462 291 70 841
463 293 71 844
464 295 73 844
465 298 73 847
466 299 73 851
467 300 73 856
468 303 73 863
469 305 74 867
470 310 74 873
471 316 74 874
472 312 74 886
473 311 74 893
474 316 74 899
475 317 74 907
476 318 74 910
477 322 74 917
478 322 75 920
479 322 75 924
480 327 76 927
481 322 76 938
482 320 76 946
483 322 76 947
484 327 77 951
485 320 80 960
486 319 80 968
487 330 80 970
488 337 82 971
489 340 82 976
490 342 82 981
491 338 83 990
492 343 84 994
493 345 85 997
494 344 85 1005
495 351 86 1009
496 351 86 1016
497 357 86 1023
498 360 86 1028
499 368 86 1030
500 365 88 1035
501 368 88 1039
502 368 89 1045
503 376 90 1047
504 379 92 1050
505 384 92 1055
506 392 93 1060
507 390 93 1068
508 392 93 1075
509 390 95 1081
510 391 96 1088
511 396 99 1091
512 397 99 1094
513 398 99 1105
514 394 99 1112
515 398 99 1116
516 398 99 1124
517 399 100 1131
518 400 100 1137
519 410 100 1141
520 413 100 1149
521 416 100 1157
522 415 100 1165
523 422 100 1172
524 432 102 1175
525 438 102 1176
526 444 102 1181
527 445 102 1189
528 452 102 1191
529 452 102 1197
530 453 102 1203
531 456 104 1210
532 459 105 1217
533 460 105 1225
534 465 105 1230
535 467 105 1242
536 472 105 1247
537 469 105 1254
538 462 106 1266
539 465 106 1272
540 466 106 1282
541 470 108 1287
542 471 108 1298
543 468 108 1312
544 471 110 1316
545 479 110 1323
546 478 110 1334
547 481 111 1344
548 484 111 1350
549 486 111 1358
550 487 112 1365
551 492 112 1372
552 492 112 1380
553 491 112 1389
554 500 112 1391
555 503 112 1403
556 505 112 1409
557 503 112 1420
558 517 112 1426
559 525 113 1431
560 528 113 1436
561 533 113 1445
562 536 113 1456
563 542 114 1461
564 539 116 1471
565 547 117 1474
566 551 118 1482
567 556 118 1491
568 561 119 1494
569 559 121 1501
570 561 121 1510
571 561 121 1521
572 567 121 1528
573 570 122 1534
574 580 124 1543
575 588 124 1547
576 591 125 1555
577 597 125 1564
578 600 126 1570
579 612 126 1580
580 623 126 1586
581 624 126 1600
582 623 127 1608
583 618 129 1620
584 622 129 1628
585 624 130 1640
586 617 130 1656
587 622 130 1666
588 620 130 1673
589 623 132 1684
590 620 132 1695
591 625 134 1702
592 625 134 1718
593 627 135 1725
594 633 135 1734
595 633 135 1744
596 640 135 1752
597 637 135 1764
598 640 135 1773
599 641 135 1784
600 645 135 1792
601 647 136 1802
602 657 136 1810
603 667 137 1819
604 668 137 1833
605 675 137 1841
606 677 137 1853
607 676 140 1867
608 690 141 1875
609 688 142 1890
610 694 142 1901
611 694 143 1912
612 687 143 1926
613 696 144 1932
614 696 145 1943
615 703 146 1954
616 704 147 1966
617 712 147 1980
618 721 147 1988
619 730 147 1997
620 735 148 2007
621 728 148 2029
622 725 149 2044
623 729 149 2052
624 723 150 2069
625 729 150 2081
626 734 150 2097
627 729 150 2115
628 735 151 2125
629 732 151 2142
630 733 152 2155
631 738 152 2165
632 736 152 2176
633 743 152 2184
634 747 153 2194
635 751 154 2208
636 756 156 2216
637 761 156 2225
638 773 158 2238
639 773 158 2254
640 786 159 2264
641 797 159 2270
642 817 160 2280
643 818 160 2293
644 832 161 2297
645 838 162 2311
646 837 165 2327
647 843 165 2337
648 846 165 2353
649 850 166 2364
650 847 168 2380
651 847 169 2394
652 859 169 2401
653 872 169 2410
654 882 169 2421
655 880 171 2440
656 883 172 2450
657 891 174 2463
658 893 175 2477
659 893 176 2493
660 894 176 2508
661 903 177 2520
662 905 179 2535
663 923 179 2549
664 929 181 2564
665 940 181 2579
666 943 182 2597
667 966 182 2603
668 972 183 2618
669 995 183 2628
670 993 186 2647
671 995 187 2658
672 998 187 2676
673 1005 187 2691
674 1004 188 2711
675 1008 188 2733
676 1013 188 2751
677 1010 191 2769
678 1020 191 2789
679 1030 191 2799
680 1047 192 2810
681 1055 192 2827
682 1055 192 2846
683 1058 192 2867
684 1072 193 2879
685 1086 195 2893
686 1086 196 2916
687 1085 196 2934
688 1099 196 2953
689 1102 198 2975
690 1114 198 2989
691 1126 200 3004
692 1140 200 3016
693 1146 202 3032
694 1144 206 3051
695 1161 209 3061
696 1166 210 3085
697 1164 212 3110
698 1178 212 3126
699 1182 216 3139
700 1182 217 3157
701 1191 218 3171
702 1203 218 3185
703 1213 219 3200
704 1219 221 3218
705 1221 221 3233
706 1227 224 3246
707 1233 225 3266
708 1239 225 3286
709 1245 227 3305
710 1255 228 3315
711 1261 229 3337
712 1273 229 3348
713 1275 229 3367
714 1279 229 3388
715 1284 229 3408
716 1284 229 3430
717 1295 231 3453
718 1303 233 3476
719 1323 234 3484
720 1332 237 3508
721 1345 238 3528
722 1352 240 3549
723 1347 242 3576
724 1356 244 3600
725 1361 244 3616
726 1372 244 3631
727 1381 245 3651
728 1391 246 3676
729 1400 248 3694
730 1413 249 3718
731 1415 250 3743
732 1421 252 3760
733 1428 253 3776
734 1436 255 3796
735 1443 255 3815
736 1443 255 3839
737 1448 257 3857
738 1461 258 3877
739 1455 259 3911
740 1464 259 3930
741 1460 259 3961
742 1472 260 3983
743 1481 262 4004
744 1480 263 4027
745 1490 264 4050
746 1493 264 4074
747 1494 268 4097
748 1503 270 4120
749 1517 270 4145
750 1535 270 4168
751 1553 270 4190
752 1556 270 4223
753 1558 270 4251
754 1560 273 4280
755 1576 274 4300
756 1590 275 4321
757 1581 276 4356
758 1597 276 4375
759 1611 278 4401
760 1620 278 4423
761 1627 279 4444
762 1640 280 4469
763 1647 280 4492
764 1650 280 4522
765 1666 280 4548
766 1680 281 4575
767 1699 281 4602
768 1723 283 4623
769 1733 283 4648
770 1747 284 4675
771 1774 285 4692
772 1782 285 4723
773 1789 287 4744
774 1791 290 4774
775 1809 292 4803
776 1812 292 4832
777 1838 295 4853
778 1841 296 4887
779 1862 298 4911
780 1854 299 4951
781 1871 300 4972
782 1881 300 4996
783 1905 300 5024
784 1914 303 5054
785 1910 307 5083
786 1908 307 5114
787 1921 309 5137
788 1927 314 5161
789 1938 316 5196
790 1952 318 5228
791 1967 321 5255
792 1982 322 5291
793 1991 326 5321
794 1992 327 5352
795 1985 333 5391
796 1995 334 5420
797 2011 335 5445
798 2028 335 5476
799 2036 336 5510
800 2054 338 5539
801 2066 338 5571
802 2068 338 5612
803 2083 338 5642
804 2113 339 5664
805 2131 339 5700
806 2154 339 5734
807 2172 341 5766
808 2203 341 5801
809 2215 343 5844
810 2235 345 5876
811 2262 346 5907
812 2264 346 5951
813 2298 347 5977
814 2313 349 6012
815 2317 349 6044
816 2322 351 6075
817 2321 352 6116
818 2320 353 6155
819 2320 355 6196
820 2339 356 6232
821 2349 357 6272
822 2361 359 6303
823 2371 367 6339
824 2382 369 6373
825 2391 371 6418
826 2409 371 6445
827 2420 373 6477
828 2419 374 6519
829 2438 377 6549
830 2456 378 6584
831 2470 378 6621
832 2488 381 6649
833 2504 382 6683
834 2522 386 6716
835 2537 388 6759
836 2562 392 6793
837 2596 393 6826
838 2602 394 6866
839 2605 396 6908
840 2623 397 6951
841 2633 399 6992
842 2642 400 7040
843 2655 401 7082
844 2670 406 7125
845 2696 410 7163
846 2713 411 7201
847 2710 413 7248
848 2745 414 7282
849 2761 415 7324
850 2788 418 7363
851 2810 419 7413
852 2823 422 7457
853 2839 424 7505
854 2858 425 7545
855 2867 429 7593
856 2878 433 7635
857 2885 437 7685
858 2911 440 7731
859 2937 441 7771
860 2949 446 7805
861 2983 447 7846
862 3009 450 7889
863 3037 453 7936
864 3051 455 7982
865 3049 456 8038
866 3067 458 8083
867 3087 459 8134
868 3096 463 8185
869 3112 464 8230
870 3128 469 8273
871 3142 472 8316
872 3164 474 8366
873 3191 477 8415
874 3215 478 8458
875 3215 480 8507
876 3235 483 8559
877 3258 483 8614
878 3261 488 8668
879 3297 491 8709
880 3316 496 8761
881 3324 498 8807
882 3349 503 8852
883 3384 505 8894
884 3403 508 8942
885 3425 510 8983
886 3441 512 9049
887 3454 513 9099
888 3470 514 9151
889 3488 518 9195
890 3522 520 9244
891 3547 522 9298
892 3574 522 9350
893 3609 523 9397
894 3619 528 9450
895 3651 529 9501
896 3662 533 9562
897 3679 537 9611
898 3704 538 9667
899 3725 540 9729
900 3737 542 9802
901 3748 544 9867
902 3796 546 9920
903 3816 553 9979
904 3840 554 10042
905 3867 559 10099
906 3879 560 10159
907 3916 563 10216
908 3945 565 10290
909 3967 567 10340
910 4008 571 10394
911 4046 574 10456
912 4061 580 10519
913 4085 581 10584
914 4102 585 10650
915 4136 588 10711
916 4168 592 10779
917 4198 594 10844
918 4214 596 10904
919 4232 600 10977
920 4276 603 11035
921 4297 604 11103
922 4305 608 11175
923 4335 612 11235
924 4358 615 11294
925 4372 620 11372
926 4404 624 11438
927 4406 627 11532
928 4422 633 11591
929 4455 635 11650
930 4483 639 11709
931 4519 644 11784
932 4559 645 11858
933 4595 648 11929
934 4623 652 11998
935 4634 656 12075
936 4653 657 12151
937 4711 662 12207
938 4747 662 12279
939 4774 669 12348
940 4787 673 12424
941 4834 677 12495
942 4847 678 12575
943 4897 684 12632
944 4920 688 12717
945 4948 695 12787
946 4978 703 12856
947 5014 705 12930
