0 50 0 0
1 49 0 1
2 48 1 1
3 50 1 1
4 51 2 2
5 51 2 3
6 50 3 4
7 51 3 4
8 52 3 4
9 52 3 5
10 51 4 6
11 51 5 7
12 49 5 9
13 48 6 9
14 48 6 10
15 50 6 10
16 52 6 11
17 50 6 13
18 53 6 13
19 53 6 13
20 53 6 13
21 53 6 14
22 52 6 16
23 52 6 16
24 53 6 16
25 52 6 17
26 55 7 17
27 59 7 17
28 57 7 20
29 59 7 20
30 60 7 20
31 62 7 21
32 63 7 21
33 64 7 21
34 65 7 21
35 65 7 22
36 64 7 23
37 65 7 24
38 69 7 24
39 66 7 27
40 66 8 27
41 67 8 27
42 67 9 28
43 68 9 29
44 69 9 29
45 70 9 30
46 69 9 31
47 68 9 32
48 68 9 32
49 67 9 34
50 67 9 37
51 68 9 37
52 69 9 37
53 69 9 37
54 69 9 38
55 68 9 39
56 68 9 39
57 70 9 40
58 72 9 42
59 75 9 42
60 74 9 43
61 75 9 43
62 73 9 45
63 74 9 46
64 76 9 48
65 76 9 48
66 77 9 48
67 76 9 50
68 74 9 52
69 74 9 53
70 75 9 53
71 74 9 54
72 78 9 55
73 81 9 55
74 79 9 57
75 77 9 59
76 76 9 63
77 78 9 65
78 77 9 67
79 77 9 69
80 77 9 71
81 75 9 73
82 78 9 74
83 80 9 74
84 79 9 75
85 82 9 75
86 82 9 76
87 81 9 79
88 83 9 79
89 81 9 82
90 79 9 84
91 80 9 85
92 81 9 87
93 80 9 90
94 81 9 91
95 81 9 93
96 81 9 94
97 79 10 95
98 79 10 95
99 78 10 97
100 77 10 99
101 76 10 100
102 75 10 101
103 71 10 105
104 71 10 106
105 72 10 107
106 72 10 109
107 72 10 112
108 74 10 113
109 75 10 114
110 76 10 114
111 78 10 114
112 75 10 117
113 77 10 117
114 76 10 119
115 74 10 121
116 75 10 121
117 75 10 121
118 78 11 122
119 79 11 122
120 79 11 123
121 80 11 123
122 80 12 124
123 80 12 125
124 78 12 129
125 78 12 130
126 78 12 132
127 79 12 133
128 84 12 133
129 86 12 134
130 86 12 135
131 86 12 136
132 85 12 139
133 88 12 140
134 89 12 140
135 87 12 143
136 88 12 144
137 87 12 146
138 84 13 148
139 84 13 148
140 85 14 148
141 87 14 149
142 86 14 152
143 86 14 155
144 86 15 155
145 88 15 156
146 88 15 157
147 88 15 158
148 89 15 161
149 87 15 165
150 87 15 166
151 89 15 169
152 88 15 172
153 88 15 173
154 89 15 173
155 88 15 175
156 89 15 177
157 91 15 178
158 88 15 181
159 93 15 182
160 95 15 182
161 95 15 184
162 96 15 185
163 97 15 185
164 100 15 186
165 102 15 186
166 103 15 186
167 103 15 186
168 104 15 188
169 103 15 190
170 101 15 193
171 102 15 194
172 101 15 197
173 101 15 199
174 103 15 200
175 102 15 202
176 101 15 204
177 102 15 204
178 102 15 206
179 100 16 208
180 98 16 211
181 102 16 211
182 103 16 212
183 103 16 214
184 104 16 217
185 103 16 219
186 102 16 221
187 102 16 222
188 103 16 223
189 102 16 225
190 103 16 225
191 105 16 227
192 106 16 227
193 106 16 228
194 106 16 228
195 110 17 228
196 116 17 229
197 113 18 231
198 111 18 235
199 113 18 238
200 111 18 243
201 113 18 244
202 111 19 246
203 111 19 247
204 111 19 248
205 112 20 249
206 111 20 251
207 112 20 252
208 112 20 254
209 114 20 255
210 114 20 260
211 116 20 260
212 116 20 261
213 116 20 261
214 118 21 263
215 119 21 264
216 123 21 264
217 126 21 264
218 128 21 264
219 131 21 265
220 135 21 267
221 135 21 270
222 132 22 276
223 132 22 278
224 136 22 280
225 137 22 282
226 135 25 283
227 137 25 284
228 137 26 288
229 136 26 291
230 139 26 292
231 140 26 293
232 141 26 294
233 142 26 295
234 144 26 295
235 144 26 295
236 141 26 299
237 141 27 301
238 149 27 302
239 148 27 306
240 144 27 311
241 150 27 313
242 152 27 315
243 153 27 316
244 156 27 317
245 151 28 321
246 152 28 322
247 154 28 323
248 155 29 324
249 158 29 324
250 154 29 328
251 149 29 333
252 146 30 336
253 146 30 339
254 145 30 342
255 145 30 347
256 147 30 347
257 144 33 349
258 143 33 351
259 145 33 354
260 145 33 354
261 145 33 358
262 143 34 361
263 148 34 363
264 149 34 365
265 150 35 367
266 147 36 370
267 147 36 371
268 150 36 373
269 150 36 377
270 150 36 380
271 151 36 382
272 155 36 383
273 160 36 384
274 160 36 386
275 157 37 390
276 156 37 393
277 158 37 394
278 159 37 396
279 162 37 399
280 167 37 400
281 170 37 403
282 173 37 405
283 174 38 406
284 174 38 409
285 178 38 411
286 177 39 413
287 176 39 418
288 174 39 423
289 179 39 424
290 178 39 427
291 179 39 430
292 178 39 433
293 182 39 433
294 181 39 436
295 184 39 438
296 189 39 442
297 191 39 446
298 196 39 446
299 199 39 447
300 201 39 447
301 203 39 449
302 203 39 454
303 204 39 458
304 206 39 461
305 203 39 466
306 202 39 469
307 199 40 473
308 202 40 475
309 202 40 477
310 204 40 480
311 208 40 483
312 213 40 486
313 218 41 490
314 218 42 493
315 217 42 495
316 223 42 497
317 228 42 499
318 229 42 502
319 232 42 510
320 230 42 514
321 229 42 520
322 232 42 524
323 235 42 525
324 239 42 527
325 242 42 530
326 242 43 532
327 239 44 539
328 240 44 543
329 241 44 546
330 244 45 547
331 244 45 551
332 242 45 560
333 247 45 562
334 246 45 566
335 245 46 571
336 246 46 578
337 249 46 580
338 251 46 585
339 253 46 587
340 255 47 589
341 249 47 597
342 248 48 600
343 252 48 602
344 252 48 607
345 256 48 610
346 256 49 614
347 258 49 618
348 258 50 622
349 260 50 626
350 258 52 630
351 254 52 636
352 260 53 638
353 263 54 643
354 267 54 647
355 273 54 651
356 271 54 655
357 276 54 658
358 275 54 663
359 277 54 664
360 274 54 671
361 276 54 674
362 282 54 676
363 286 55 680
364 288 55 688
365 284 55 695
366 286 55 700
367 290 55 705
368 290 55 711
369 291 55 714
370 299 55 715
371 309 55 719
372 313 55 724
373 324 55 725
374 326 55 729
375 330 55 731
376 334 57 737
377 334 57 744
378 337 57 749
379 336 60 756
380 342 60 761
381 344 60 767
382 345 60 771
383 344 60 775
384 349 60 779
385 349 61 789
386 346 62 795
387 346 63 798
388 342 63 808
389 346 63 813
390 348 64 815
391 352 64 821
392 356 64 825
393 358 64 831
394 364 64 836
395 372 64 839
396 375 64 847
397 375 65 852
398 376 65 857
399 384 65 862
400 384 65 872
401 386 65 877
402 388 65 882
403 390 65 889
404 389 65 899
405 391 65 907
406 390 65 915
407 393 65 917
408 397 66 923
409 403 66 927
410 412 66 930
411 410 66 935
412 413 66 940
413 413 66 946
414 417 67 953
415 416 67 959
416 416 67 966
417 412 67 977
418 412 68 986
419 414 69 994
420 422 69 1002
421 427 70 1004
422 435 70 1005
423 442 70 1012
424 441 70 1019
425 440 70 1029
426 439 70 1036
427 443 70 1040
428 441 70 1048
429 449 71 1054
430 449 72 1062
431 452 73 1068
432 462 73 1074
433 464 73 1083
434 456 73 1093
435 460 73 1100
436 460 75 1109
437 458 75 1119
438 459 75 1127
439 463 75 1134
440 461 75 1144
441 458 75 1152
442 464 75 1156
443 461 76 1164
444 462 76 1175
445 463 76 1185
446 472 76 1188
447 473 76 1196
448 470 76 1205
449 471 76 1212
450 475 76 1216
451 479 76 1224
452 473 77 1231
453 477 77 1234
454 477 77 1243
455 479 78 1249
456 476 78 1257
457 478 78 1266
458 482 79 1270
459 482 79 1277
460 482 79 1287
461 487 79 1295
462 482 79 1310
463 476 81 1320
464 482 81 1328
465 485 81 1337
466 495 82 1342
467 495 82 1352
468 499 82 1358
469 503 82 1364
470 503 83 1370
471 506 83 1379
472 509 83 1389
473 512 83 1395
474 514 83 1404
475 518 84 1413
476 516 84 1421
477 523 85 1427
478 529 85 1437
479 534 85 1445
480 542 85 1451
481 540 85 1460
482 548 85 1466
483 555 85 1470
484 561 86 1476
485 566 86 1490
486 571 86 1498
487 575 87 1507
488 571 87 1523
489 575 87 1531
490 578 87 1541
491 581 87 1553
492 593 88 1558
493 597 88 1565
494 610 88 1573
495 621 88 1579
496 622 89 1587
497 617 89 1602
498 618 90 1609
499 628 90 1615
500 632 90 1624
501 630 90 1635
502 631 90 1647
503 635 91 1656
504 633 91 1664
505 635 91 1671
506 639 92 1683
507 641 92 1691
508 631 93 1708
509 635 93 1715
510 640 93 1723
511 648 94 1731
512 654 95 1737
513 665 95 1745
514 683 95 1748
515 694 95 1755
516 707 95 1764
517 714 95 1771
518 721 97 1780
519 729 98 1789
520 733 99 1794
521 738 99 1803
522 735 99 1818
523 749 100 1824
524 755 100 1836
525 767 101 1842
526 773 101 1853
527 774 101 1863
528 777 101 1877
529 777 103 1888
530 767 104 1910
531 770 104 1926
532 769 104 1940
533 771 105 1962
534 780 105 1970
535 784 107 1980
536 793 107 1987
537 804 107 1993
538 809 107 2004
539 808 107 2019
540 812 107 2029
541 821 107 2041
542 833 107 2054
543 841 107 2063
544 851 107 2078
545 863 108 2090
546 874 108 2103
547 875 109 2116
548 875 110 2129
549 868 112 2147
550 873 113 2159
551 885 113 2171
552 891 113 2187
553 897 113 2196
554 897 113 2211
555 903 113 2223
556 911 113 2235
557 904 115 2252
558 914 115 2263
559 924 115 2273
560 926 117 2290
561 933 117 2304
562 944 118 2317
563 950 119 2332
564 951 120 2347
565 961 122 2359
566 952 123 2379
567 966 124 2388
568 967 125 2403
569 966 126 2425
570 954 128 2451
571 955 128 2464
572 956 128 2477
573 955 128 2501
574 965 128 2513
575 978 128 2522
576 993 128 2530
577 1009 129 2537
578 1013 129 2552
579 1019 129 2565
580 1031 130 2577
581 1039 132 2590
582 1051 132 2601
583 1051 133 2622
584 1046 133 2644
585 1067 134 2651
586 1073 134 2665
587 1079 134 2684
588 1076 134 2697
589 1089 134 2715
590 1100 134 2730
591 1114 134 2742
592 1115 134 2762
593 1130 134 2779
594 1133 135 2802
595 1154 135 2812
596 1176 135 2822
597 1176 135 2842
598 1184 135 2860
599 1191 135 2876
600 1203 135 2894
601 1215 135 2913
602 1223 135 2933
603 1236 135 2951
604 1246 135 2971
605 1256 135 2986
606 1255 136 3009
607 1265 137 3025
608 1281 138 3047
609 1283 139 3071
610 1291 139 3087
611 1314 139 3103
612 1316 140 3121
613 1316 140 3149
614 1322 142 3168
615 1320 145 3190
616 1314 149 3207
617 1310 151 3236
618 1321 151 3255
619 1340 151 3269
620 1351 153 3288
621 1363 155 3307
622 1373 155 3323
623 1375 158 3341
624 1386 160 3359
625 1388 161 3383
626 1395 162 3403
627 1386 163 3436
628 1389 163 3455
629 1392 165 3482
630 1395 168 3504
631 1402 169 3526
632 1407 171 3551
633 1425 172 3566
634 1425 173 3588
635 1429 174 3609
636 1447 175 3627
637 1466 177 3644
638 1474 178 3668
639 1472 179 3698
640 1486 182 3708
641 1490 183 3730
642 1495 184 3750
643 1504 187 3769
644 1515 189 3792
645 1518 191 3812
646 1527 192 3833
647 1533 192 3857
648 1549 194 3870
649 1563 197 3890
650 1563 197 3919
651 1576 199 3941
652 1590 199 3964
653 1611 201 3988
654 1616 202 4014
655 1628 203 4035
656 1629 206 4064
657 1633 208 4095
658 1654 208 4119
659 1681 210 4140
660 1696 211 4159
661 1713 213 4186
662 1727 214 4215
663 1736 215 4246
664 1757 215 4266
665 1751 215 4301
666 1758 217 4332
667 1765 221 4359
668 1780 224 4379
669 1798 226 4405
670 1821 227 4422
671 1824 227 4455
672 1837 231 4489
673 1867 231 4512
674 1881 231 4533
675 1896 231 4558
676 1898 236 4583
677 1912 237 4607
678 1926 237 4632
679 1943 238 4664
680 1957 243 4689
681 1962 245 4723
682 1967 246 4750
683 1982 248 4775
684 1978 251 4805
685 1995 252 4833
686 2000 256 4861
687 2010 260 4884
688 2018 261 4911
689 2026 264 4940
690 2034 264 4979
691 2046 265 5003
692 2056 267 5030
693 2069 267 5065
694 2077 267 5095
695 2077 268 5122
696 2098 270 5145
697 2110 272 5175
698 2137 272 5199
699 2145 274 5245
700 2163 275 5266
701 2179 275 5299
702 2196 276 5332
703 2209 278 5370
704 2231 279 5401
705 2255 279 5431
706 2279 279 5456
707 2289 281 5494
708 2305 282 5527
709 2312 284 5562
710 2314 287 5605
711 2321 289 5639
712 2319 289 5686
713 2338 290 5717
714 2341 292 5758
715 2355 293 5788
716 2374 294 5820
717 2381 295 5859
718 2393 296 5902
719 2415 298 5943
720 2437 299 5981
721 2450 301 6012
722 2460 304 6052
723 2477 307 6078
724 2478 307 6128
725 2497 307 6170
726 2503 309 6210
727 2514 311 6240
728 2529 311 6272
729 2525 316 6312
730 2531 318 6351
731 2557 320 6382
732 2552 324 6434
733 2582 327 6471
734 2611 328 6504
735 2622 328 6550
736 2642 330 6586
737 2678 330 6619
738 2680 331 6660
739 2707 332 6694
740 2713 332 6742
741 2736 332 6778
742 2755 332 6818
743 2774 334 6854
744 2799 334 6892
745 2820 336 6931
746 2841 336 6973
747 2866 337 7005
748 2892 340 7041
749 2922 340 7085
750 2957 341 7122
751 2977 341 7176
752 3001 344 7213
753 3026 344 7253
754 3045 345 7303
755 3064 348 7355
756 3082 348 7415
757 3116 352 7450
758 3132 357 7499
759 3144 358 7553
760 3165 358 7592
761 3168 361 7641
762 3186 362 7687
763 3207 366 7737
764 3229 369 7780
765 3235 370 7835
766 3251 373 7889
767 3266 373 7937
768 3307 374 7975
769 3322 375 8029
770 3351 376 8072
771 3397 377 8113
772 3424 383 8164
773 3462 386 8196
774 3476 387 8247
775 3509 390 8295
776 3514 394 8356
777 3540 397 8403
778 3564 400 8459
779 3559 400 8531
780 3586 402 8572
781 3601 405 8626
782 3621 406 8675
783 3632 407 8733
784 3622 411 8801
785 3653 413 8855
786 3674 414 8907
787 3673 416 8967
788 3712 417 9024
789 3727 420 9080
790 3772 421 9122
791 3816 422 9178
792 3838 428 9222
793 3862 433 9277
794 3908 434 9329
795 3944 436 9388
796 3978 437 9445
797 3994 441 9500
798 4027 443 9556
799 4067 444 9619
800 4092 446 9687
801 4103 449 9764
802 4115 450 9825
803 4133 452 9897
804 4145 453 9965
805 4174 454 10033
806 4178 454 10104
807 4204 456 10165
808 4218 457 10232
809 4239 459 10302
810 4285 461 10363
811 4317 463 10429
812 4339 467 10494
813 4357 468 10575
814 4394 469 10640
815 4428 472 10701
816 4447 477 10766
817 4492 479 10830
818 4510 480 10893
819 4539 484 10954
820 4585 486 11010
821 4613 490 11080
822 4641 492 11150
823 4647 495 11222
824 4678 495 11304
825 4701 499 11371
826 4724 502 11439
827 4774 506 11496
828 4814 511 11563
829 4815 515 11644
830 4850 515 11725
831 4894 518 11796
832 4919 519 11884
833 4931 523 11967
834 4957 524 12047
835 4990 525 12117
836 5032 529 12180
