0 50 0 0
1 50 1 0
2 50 1 0
3 50 1 1
4 49 1 2
5 49 1 2
6 49 1 2
7 50 1 2
8 50 1 2
9 53 1 2
10 51 1 4
11 50 1 6
12 51 1 7
13 51 1 8
14 52 1 9
15 53 1 9
16 55 1 9
17 60 1 9
18 60 1 10
19 59 1 12
20 59 1 12
21 58 1 13
22 58 1 13
23 58 1 14
24 58 2 14
25 59 2 14
26 60 2 15
27 60 2 16
28 61 3 17
29 61 3 17
30 61 3 17
31 63 3 19
32 62 3 21
33 63 3 21
34 63 3 22
35 63 3 23
36 63 3 24
37 62 3 25
38 62 3 25
39 62 3 27
40 62 3 28
41 63 3 28
42 64 4 28
43 63 4 29
44 64 4 30
45 63 4 31
46 63 4 32
47 62 5 33
48 61 5 35
49 62 5 36
50 64 5 36
51 65 5 36
52 66 5 36
53 68 5 36
54 68 5 38
55 67 5 40
56 68 5 40
57 68 5 43
58 67 5 44
59 69 5 45
60 68 5 46
61 68 5 48
62 64 6 51
63 64 6 51
64 65 6 51
65 67 6 52
66 66 6 54
67 65 6 55
68 65 6 57
69 65 7 57
70 64 8 58
71 66 8 58
72 68 8 58
73 69 8 59
74 70 8 60
75 67 8 63
76 68 8 63
77 69 8 63
78 70 8 64
79 69 8 66
80 71 8 66
81 70 9 67
82 70 9 69
83 69 9 71
84 70 9 72
85 69 9 73
86 71 9 73
87 70 9 74
88 71 9 75
89 73 9 75
90 75 9 75
91 78 9 75
92 81 9 75
93 80 9 76
94 80 9 77
95 81 9 79
96 83 9 79
97 86 9 80
98 86 9 81
99 85 9 83
100 90 9 84
101 91 9 85
102 91 10 87
103 91 10 89
104 91 10 92
105 89 10 94
106 89 10 95
107 88 10 96
108 86 11 98
109 86 11 99
110 89 11 99
111 88 11 102
112 90 11 105
113 91 11 107
114 96 11 107
115 96 11 108
116 96 11 109
117 96 11 111
118 97 11 113
119 95 11 117
120 92 11 121
121 91 11 124
122 91 11 124
123 91 11 124
124 89 11 126
125 89 11 127
126 87 11 129
127 88 11 132
128 88 11 134
129 93 11 134
130 96 11 135
131 94 11 138
132 96 11 139
133 98 11 140
134 101 11 141
135 100 11 142
136 100 11 144
137 100 11 145
138 98 12 149
139 99 12 151
140 105 12 152
141 106 12 152
142 105 12 154
143 107 12 155
144 110 12 155
145 109 12 159
146 110 12 160
147 111 12 162
148 112 12 163
149 115 12 165
150 116 12 167
151 119 12 167
152 122 12 168
153 121 12 171
154 123 12 173
155 125 12 174
156 126 12 177
157 125 12 180
158 126 12 181
159 128 12 182
160 131 12 183
161 134 12 183
162 135 12 185
163 136 12 187
164 140 12 188
165 140 12 191
166 136 12 195
167 135 12 199
168 132 12 203
169 130 12 207
170 131 12 208
171 130 12 209
172 131 12 211
173 132 12 214
174 139 12 214
175 137 12 217
176 137 12 220
177 140 12 221
178 145 12 223
179 145 12 227
180 145 12 231
181 145 12 233
182 148 12 237
183 148 12 240
184 149 12 241
185 150 12 244
186 153 12 247
187 153 12 248
188 153 12 249
189 157 12 253
190 156 12 256
191 154 12 261
192 157 12 263
193 153 13 266
194 156 14 269
195 158 14 271
196 159 14 272
197 158 14 276
198 160 14 277
199 159 14 280
200 162 14 281
201 160 14 285
202 162 14 288
203 162 14 289
204 162 14 293
205 164 14 298
206 166 14 298
207 165 14 302
208 166 14 304
209 172 14 306
210 176 14 307
211 175 14 311
212 175 14 313
213 180 14 315
214 182 14 319
215 186 14 319
216 186 15 323
217 185 15 326
218 186 15 329
219 187 15 331
220 182 15 338
221 183 15 341
222 184 16 346
223 191 16 346
224 196 16 349
225 190 18 354
226 191 18 357
227 194 18 359
228 195 18 363
229 192 18 369
230 194 18 369
231 195 18 372
232 198 18 374
233 202 18 377
234 206 18 379
235 207 18 381
236 207 18 384
237 209 18 388
238 213 18 389
239 218 18 390
240 223 18 392
241 225 18 393
242 226 18 396
243 224 18 401
244 223 18 405
245 225 18 408
246 226 18 411
247 225 18 416
248 225 18 420
249 226 18 424
250 227 18 429
251 231 18 431
252 232 18 435
253 234 18 437
254 235 18 440
255 238 20 441
256 234 21 444
257 239 21 445
258 240 21 448
259 242 21 452
260 242 21 456
261 243 21 462
262 245 21 467
263 247 21 472
264 247 21 474
265 245 21 480
266 246 21 483
267 248 21 485
268 249 21 490
269 255 21 492
270 253 21 498
271 248 22 507
272 250 22 509
273 255 22 509
274 259 22 512
275 255 22 519
276 254 22 523
277 259 22 528
278 264 22 529
279 262 22 537
280 259 22 541
281 259 23 544
282 259 24 545
283 261 24 549
284 262 24 552
285 261 25 553
286 265 26 555
287 269 26 556
288 270 26 559
289 275 26 562
290 281 27 562
291 284 27 565
292 281 27 573
293 281 27 574
294 289 27 575
295 288 28 577
296 295 29 582
297 296 29 585
298 299 29 590
299 300 30 592
300 298 30 598
301 298 30 603
302 298 30 609
303 293 30 616
304 299 30 619
305 301 30 624
306 304 30 624
307 306 30 629
308 314 30 631
309 304 30 644
310 305 30 650
311 302 30 655
312 299 30 659
313 300 30 664
314 303 31 667
315 305 32 671
316 310 32 673
317 315 32 679
318 316 32 685
319 318 32 690
320 319 32 698
321 317 32 703
322 319 32 707
323 322 32 710
324 324 33 713
325 326 33 717
326 330 33 722
327 335 34 723
328 334 34 728
329 331 35 735
330 334 35 740
331 347 35 740
332 345 35 750
333 352 35 754
334 349 36 762
335 349 36 765
336 344 36 772
337 346 36 775
338 351 36 779
339 354 36 784
340 361 36 787
341 357 36 796
342 368 36 798
343 366 36 805
344 364 36 814
345 364 36 822
346 368 37 828
347 365 37 837
348 365 37 845
349 366 37 851
350 365 37 858
351 366 37 866
352 365 37 872
353 370 37 875
354 374 37 881
355 369 37 890
356 367 37 899
357 366 37 907
358 368 37 912
359 371 37 920
360 373 37 927
361 382 37 931
362 388 38 934
363 391 38 940
364 394 38 946
365 397 38 951
366 403 39 955
367 411 39 958
368 416 39 966
369 423 39 970
370 426 39 979
371 426 41 986
372 427 41 993
373 433 41 999
374 439 41 1003
375 439 41 1010
376 438 41 1019
377 446 41 1020
378 451 42 1026
379 454 42 1032
380 450 43 1043
381 453 44 1047
382 461 44 1050
383 465 44 1057
384 469 44 1065
385 473 44 1069
386 468 45 1080
387 476 45 1086
388 476 45 1093
389 482 45 1096
390 486 45 1105
391 486 45 1113
392 491 46 1119
393 494 46 1126
394 496 46 1134
395 502 46 1139
396 506 46 1146
397 503 46 1158
398 518 46 1161
399 526 47 1163
400 526 47 1175
401 531 47 1182
402 529 47 1191
403 537 47 1199
404 540 48 1210
405 550 48 1213
406 560 48 1224
407 566 48 1230
408 573 48 1237
409 578 48 1241
410 582 48 1245
411 576 48 1256
412 576 48 1267
413 581 48 1275
414 579 48 1286
415 586 48 1289
416 590 48 1299
417 596 48 1309
418 608 48 1318
419 607 48 1331
420 611 48 1337
421 611 48 1348
422 611 49 1359
423 619 50 1368
424 629 50 1376
425 629 51 1389
426 638 51 1395
427 644 51 1404
428 658 51 1410
429 669 51 1422
430 671 51 1433
431 679 51 1440
432 683 51 1449
433 681 52 1462
434 681 54 1475
435 699 54 1478
436 700 54 1493
437 713 54 1501
438 719 54 1508
439 724 55 1515
440 729 55 1524
441 724 55 1540
442 732 55 1546
443 737 55 1557
444 747 55 1564
445 761 55 1572
446 769 55 1580
447 769 55 1596
448 776 56 1608
449 779 59 1616
450 792 59 1625
451 786 59 1645
452 798 59 1657
453 802 59 1670
454 803 59 1683
455 821 59 1693
456 818 59 1706
457 827 59 1714
458 826 59 1725
459 828 59 1744
460 830 59 1756
461 839 59 1768
462 845 59 1780
463 856 59 1786
464 870 60 1794
465 872 61 1805
466 881 61 1818
467 900 61 1823
468 904 62 1836
469 917 62 1847
470 915 62 1863
471 923 62 1877
472 919 64 1901
473 921 65 1915
474 930 65 1924
475 937 66 1936
476 942 66 1952
477 943 67 1970
478 956 67 1984
479 967 67 1997
480 968 67 2011
481 973 67 2029
482 969 68 2050
483 980 68 2057
484 989 69 2067
485 998 71 2079
486 1002 71 2092
487 1006 71 2105
488 1018 71 2119
489 1022 71 2130
490 1033 71 2143
491 1044 71 2154
492 1048 71 2168
493 1063 72 2178
494 1069 72 2193
495 1080 72 2208
496 1086 72 2225
497 1088 72 2242
498 1101 72 2260
499 1108 72 2275
500 1118 73 2290
501 1116 73 2312
502 1121 74 2331
503 1127 74 2351
504 1139 74 2365
505 1144 75 2381
506 1148 75 2398
507 1151 75 2414
508 1166 75 2433
509 1173 75 2449
510 1187 76 2465
511 1194 76 2480
512 1203 76 2498
513 1215 77 2511
514 1222 77 2529
515 1228 77 2551
516 1249 79 2568
517 1265 80 2583
518 1275 81 2604
519 1277 81 2624
520 1278 82 2644
521 1289 82 2660
522 1278 83 2690
523 1288 84 2714
524 1296 84 2729
525 1306 85 2749
526 1312 85 2766
527 1318 87 2785
528 1333 87 2803
529 1356 87 2814
530 1361 88 2837
531 1354 89 2866
532 1369 90 2894
533 1391 91 2911
534 1403 91 2928
535 1411 92 2942
536 1418 92 2961
537 1422 92 2982
538 1437 92 3003
539 1436 94 3029
540 1436 95 3055
541 1446 95 3080
542 1456 97 3102
543 1459 99 3134
544 1468 99 3157
545 1479 100 3176
546 1498 100 3196
547 1511 102 3216
548 1513 103 3238
549 1527 104 3256
550 1519 105 3288
551 1526 105 3315
552 1537 107 3340
553 1549 107 3363
554 1552 108 3388
555 1564 108 3406
556 1569 108 3430
557 1598 108 3451
558 1610 111 3472
559 1619 112 3497
560 1644 112 3515
561 1665 114 3535
562 1680 115 3560
563 1680 115 3593
564 1695 116 3608
565 1706 117 3634
566 1714 118 3660
567 1711 120 3687
568 1724 120 3718
569 1723 121 3745
570 1736 122 3763
571 1754 122 3787
572 1772 122 3812
573 1794 124 3834
574 1798 125 3862
575 1805 127 3889
576 1810 129 3917
577 1819 131 3945
578 1821 132 3977
579 1831 132 4004
580 1845 133 4033
581 1860 133 4061
582 1870 135 4095
583 1874 135 4130
584 1887 136 4164
585 1913 137 4185
586 1928 138 4213
587 1942 139 4242
588 1955 139 4268
589 1973 140 4297
590 1986 141 4327
591 1999 141 4350
592 2022 141 4379
593 2056 141 4403
594 2069 141 4440
595 2078 142 4466
596 2076 143 4503
597 2099 144 4531
598 2113 145 4561
599 2118 146 4597
600 2148 147 4623
601 2160 148 4656
602 2154 149 4694
603 2157 150 4740
604 2171 151 4768
605 2188 152 4804
606 2204 155 4830
607 2212 155 4866
608 2220 156 4892
609 2237 157 4921
610 2252 160 4958
611 2267 162 4992
612 2272 166 5029
613 2279 167 5066
614 2299 167 5103
615 2340 168 5124
616 2353 169 5161
617 2388 171 5186
618 2395 172 5222
619 2404 172 5266
620 2420 173 5310
621 2431 174 5353
622 2462 175 5384
623 2484 175 5417
624 2501 176 5451
625 2511 177 5490
626 2519 177 5533
627 2524 177 5577
628 2526 179 5621
629 2546 179 5660
630 2578 179 5689
631 2607 179 5724
632 2613 181 5770
633 2618 183 5814
634 2633 187 5848
635 2636 188 5892
636 2653 188 5931
637 2662 191 5969
638 2690 192 5999
639 2713 194 6032
640 2760 195 6060
641 2763 196 6115
642 2793 196 6153
643 2803 199 6192
644 2809 199 6237
645 2819 200 6279
646 2838 202 6315
647 2848 204 6355
648 2857 206 6401
649 2881 207 6444
650 2902 208 6483
651 2927 208 6520
652 2945 211 6567
653 2966 213 6617
654 2974 215 6664
655 2991 217 6706
656 3011 219 6751
657 3007 221 6801
658 3030 222 6848
659 3070 223 6888
660 3095 227 6931
661 3110 228 6978
662 3141 232 7018
663 3147 232 7076
664 3158 233 7122
665 3181 234 7163
666 3200 234 7214
667 3241 234 7252
668 3258 235 7301
669 3275 236 7353
670 3288 237 7401
671 3289 241 7462
672 3287 242 7521
673 3317 243 7568
674 3342 243 7613
675 3371 244 7672
676 3411 245 7700
677 3425 251 7766
678 3448 252 7807
679 3465 254 7867
680 3473 257 7928
681 3496 259 7980
682 3504 260 8039
683 3519 261 8101
684 3539 262 8156
685 3562 265 8218
686 3564 266 8287
687 3579 270 8341
688 3624 273 8383
689 3657 274 8442
690 3675 277 8496
691 3706 280 8537
692 3728 282 8591
693 3770 284 8647
694 3789 285 8707
695 3806 286 8765
696 3826 289 8831
697 3852 290 8884
698 3858 293 8950
699 3887 295 9016
700 3915 295 9077
701 3927 296 9135
702 3955 302 9184
703 3961 304 9246
704 3980 305 9317
705 4034 306 9370
706 4063 307 9426
707 4079 308 9490
708 4120 310 9543
709 4150 311 9606
710 4170 312 9661
711 4187 312 9732
712 4228 314 9790
713 4249 318 9853
714 4260 320 9917
715 4284 321 9987
716 4295 322 10059
717 4317 327 10126
718 4354 329 10183
719 4374 331 10249
720 4424 332 10310
721 4473 333 10375
722 4502 337 10441
723 4521 341 10507
724 4526 341 10590
725 4542 344 10661
726 4590 348 10726
727 4649 348 10785
728 4676 352 10858
729 4711 355 10931
730 4727 358 11010
731 4767 361 11085
732 4788 364 11150
733 4824 365 11222
734 4856 369 11288
735 4899 376 11343
736 4922 378 11417
737 4970 383 11486
738 4995 387 11559
739 5009 394 11647
