0 50 0 0
1 50 0 1
2 49 0 2
3 49 0 2
4 51 0 2
5 53 0 2
6 50 0 5
7 48 0 9
8 49 0 9
9 48 1 10
10 47 1 12
11 46 1 13
12 45 1 14
13 44 1 15
14 45 1 16
15 47 1 16
16 49 1 17
17 49 1 18
18 49 1 18
19 46 1 21
20 45 1 22
21 47 1 22
22 46 1 23
23 46 1 24
24 47 1 24
25 47 1 26
26 48 1 28
27 48 1 28
28 49 1 28
29 51 1 28
30 52 1 29
31 51 1 30
32 50 1 31
33 51 1 32
34 52 1 32
35 51 1 33
36 52 1 34
37 56 1 34
38 56 1 35
39 56 1 35
40 62 2 35
41 64 2 35
42 65 2 37
43 63 2 40
44 62 2 41
45 62 2 44
46 62 2 44
47 63 2 44
48 65 2 45
49 68 2 45
50 70 2 45
51 71 2 46
52 73 2 47
53 74 2 49
54 76 2 49
55 77 2 50
56 78 2 51
57 79 2 51
58 80 2 53
59 80 2 53
60 84 2 54
61 83 2 55
62 86 2 55
63 85 2 56
64 83 2 58
65 81 2 60
66 81 2 61
67 82 2 62
68 80 2 66
69 81 2 67
70 82 2 67
71 81 2 68
72 81 2 69
73 79 2 72
74 79 2 73
75 83 2 73
76 83 2 75
77 86 2 75
78 85 2 76
79 86 2 78
80 90 2 78
81 91 2 78
82 94 2 78
83 96 2 79
84 95 2 81
85 95 2 83
86 97 2 83
87 100 2 84
88 100 2 86
89 100 2 86
90 100 2 86
91 101 2 86
92 101 2 86
93 102 2 88
94 102 2 89
95 105 3 89
96 104 3 92
97 105 3 93
98 108 3 93
99 109 3 93
100 109 3 94
101 109 3 97
102 108 3 100
103 111 3 101
104 112 3 103
105 114 3 104
106 115 3 104
107 117 3 104
108 117 3 104
109 116 3 109
110 115 3 111
111 115 3 111
112 116 3 112
113 114 3 114
114 115 3 116
115 116 3 118
116 119 3 120
117 122 3 120
118 121 3 124
119 119 3 130
120 122 3 130
121 122 3 132
122 122 3 134
123 125 3 134
124 128 3 135
125 129 3 138
126 130 3 139
127 132 3 140
128 135 3 140
129 133 3 144
130 133 3 148
131 139 3 149
132 139 3 151
133 140 3 152
134 137 3 155
135 138 3 156
136 141 3 158
137 140 3 160
138 139 3 163
139 142 3 165
140 141 3 167
141 141 3 170
142 142 3 173
143 141 3 175
144 140 3 178
145 141 3 179
146 147 3 179
147 149 3 180
148 148 3 182
149 152 3 182
150 148 3 187
151 147 3 192
152 148 3 196
153 149 3 199
154 149 3 201
155 150 4 203
156 152 4 204
157 152 4 208
158 154 4 210
159 155 4 213
160 157 4 215
161 159 4 216
162 163 4 218
163 165 4 220
164 165 4 223
165 166 4 225
166 165 4 227
167 167 4 228
168 168 4 232
169 165 4 237
170 168 4 241
171 169 4 242
172 170 4 243
173 172 4 245
174 172 4 248
175 170 4 251
176 177 4 253
177 183 4 255
178 183 5 257
179 179 5 264
180 179 5 267
181 180 5 270
182 176 5 277
183 175 5 281
184 175 5 283
185 177 5 285
186 179 5 286
187 178 5 289
188 183 5 289
189 183 5 293
190 182 5 300
191 180 5 306
192 181 5 306
193 180 5 311
194 180 5 314
195 181 5 317
196 184 5 318
197 185 5 323
198 188 5 324
199 189 5 327
200 191 5 330
201 191 6 332
202 190 7 335
203 192 7 339
204 191 8 343
205 185 8 351
206 188 8 353
207 189 8 356
208 189 8 357
209 192 9 359
210 195 9 361
211 202 9 362
212 202 10 364
213 201 10 369
214 204 10 372
215 202 11 374
216 202 11 380
217 205 11 381
218 210 11 385
219 209 11 388
220 211 11 390
221 204 11 398
222 210 11 401
223 211 11 403
224 211 11 404
225 214 11 404
226 213 11 407
227 213 11 414
228 207 11 422
229 205 11 427
230 205 11 429
231 205 11 434
232 206 11 437
233 206 11 438
234 204 11 442
235 209 11 444
236 215 11 444
237 214 11 446
238 211 11 452
239 209 11 460
240 211 12 464
241 215 12 466
242 217 12 469
243 216 12 475
244 222 12 478
245 224 13 480
246 223 13 484
247 226 13 489
248 228 13 491
249 226 13 497
250 229 13 500
251 238 13 502
252 241 14 506
253 241 14 510
254 242 14 515
255 241 14 518
256 241 14 524
257 248 14 525
258 255 14 527
259 262 15 528
260 268 15 530
261 270 16 533
262 270 16 538
263 275 16 541
264 275 17 545
265 280 17 551
266 283 17 552
267 285 17 556
268 286 17 561
269 289 17 563
270 289 17 571
271 291 17 574
272 284 18 582
273 288 18 585
274 291 18 588
275 288 21 593
276 289 21 599
277 288 22 608
278 288 22 615
279 295 22 615
280 309 22 618
281 303 22 626
282 306 22 630
283 306 22 639
284 311 22 646
285 310 22 653
286 312 22 658
287 314 22 660
288 318 23 664
289 317 23 673
290 316 23 679
291 316 23 683
292 314 23 689
293 314 23 693
294 319 23 695
295 322 23 699
296 323 23 702
297 323 23 707
298 326 23 711
299 325 23 719
300 331 23 724
301 329 23 732
302 332 23 734
303 336 23 738
304 336 23 745
305 335 23 751
306 346 23 754
307 347 23 757
308 348 23 764
309 349 23 767
310 351 23 772
311 359 23 775
312 358 24 785
313 363 24 791
314 361 24 797
315 365 24 802
316 364 24 809
317 359 24 822
318 364 24 827
319 368 24 828
320 372 24 830
321 378 24 833
322 384 24 841
323 385 25 850
324 386 25 855
325 397 26 857
326 393 26 867
327 398 26 871
328 406 26 873
329 410 26 877
330 411 27 886
331 417 27 893
332 419 27 899
333 418 28 908
334 423 28 913
335 420 28 920
336 418 28 929
337 423 28 935
338 430 28 940
339 435 30 946
340 437 30 952
341 443 30 956
342 438 30 966
343 439 30 971
344 449 30 974
345 453 30 980
346 460 30 982
347 463 30 990
348 467 31 997
349 469 31 1003
350 474 31 1008
351 484 31 1015
352 488 31 1023
353 487 31 1032
354 494 31 1037
355 494 32 1046
356 492 32 1056
357 489 32 1066
358 487 32 1080
359 491 32 1086
360 497 32 1093
361 505 32 1099
362 506 32 1109
363 506 32 1122
364 500 33 1134
365 509 33 1134
366 507 33 1146
367 523 33 1150
368 530 33 1155
369 536 34 1160
370 536 34 1169
371 553 35 1175
372 550 36 1191
373 551 36 1199
374 564 36 1204
375 568 37 1210
376 571 37 1221
377 579 38 1227
378 578 38 1239
379 586 38 1252
380 588 38 1262
381 591 38 1271
382 601 38 1277
383 605 38 1286
384 608 38 1292
385 606 38 1308
386 608 38 1316
387 623 38 1327
388 626 38 1341
389 624 39 1355
390 627 39 1367
391 624 39 1382
392 622 39 1398
393 623 39 1407
394 624 39 1419
395 630 39 1428
396 634 39 1440
397 638 39 1450
398 641 39 1459
399 639 39 1474
400 648 39 1483
401 657 39 1491
402 660 40 1502
403 659 40 1517
404 664 40 1525
405 672 40 1533
406 671 40 1542
407 674 40 1548
408 676 40 1560
409 678 40 1570
410 682 40 1582
411 681 40 1597
412 680 41 1606
413 690 41 1611
414 700 41 1621
415 704 42 1632
416 699 42 1645
417 712 42 1655
418 715 42 1667
419 722 42 1674
420 727 42 1687
421 737 42 1693
422 738 43 1702
423 736 43 1718
424 743 43 1729
425 748 44 1743
426 753 44 1754
427 766 46 1760
428 778 46 1768
429 787 46 1779
430 785 46 1797
431 786 47 1813
432 795 47 1820
433 798 47 1835
434 806 48 1845
435 815 49 1855
436 811 49 1873
437 823 49 1883
438 824 51 1893
439 822 51 1908
440 832 53 1917
441 834 55 1929
442 845 55 1937
443 851 56 1946
444 860 56 1960
445 867 57 1971
446 867 57 1987
447 872 57 2005
448 883 57 2014
449 891 58 2020
450 892 59 2034
451 901 59 2043
452 904 60 2058
453 903 60 2077
454 904 60 2092
455 914 60 2102
456 928 60 2114
457 931 60 2132
458 935 60 2148
459 938 61 2164
460 947 61 2178
461 947 61 2192
462 965 61 2203
463 972 61 2219
464 975 62 2229
465 989 63 2244
466 999 63 2260
467 1002 64 2275
468 1009 64 2289
469 1002 64 2316
470 1010 64 2331
471 1007 65 2357
472 1003 66 2378
473 1001 66 2393
474 1010 66 2407
475 1023 66 2419
476 1028 67 2439
477 1038 67 2455
478 1036 67 2473
479 1036 67 2491
480 1047 68 2500
481 1048 69 2519
482 1062 70 2534
483 1074 70 2553
484 1086 70 2563
485 1095 70 2580
486 1091 71 2606
487 1088 71 2625
488 1091 72 2645
489 1103 72 2661
490 1100 72 2683
491 1103 72 2696
492 1113 72 2712
493 1124 73 2725
494 1136 73 2741
495 1152 73 2754
496 1164 74 2774
497 1164 75 2791
498 1169 76 2808
499 1180 76 2820
500 1203 77 2835
501 1210 77 2857
502 1228 77 2875
503 1236 77 2891
504 1237 77 2916
505 1253 77 2929
506 1250 77 2953
507 1260 77 2974
508 1260 77 2996
509 1279 77 3014
510 1294 77 3035
511 1312 77 3049
512 1304 77 3075
513 1313 78 3091
514 1330 79 3110
515 1331 79 3134
516 1354 79 3152
517 1355 79 3180
518 1349 79 3207
519 1347 79 3232
520 1344 79 3260
521 1348 79 3279
522 1352 80 3299
523 1361 81 3326
524 1372 81 3347
525 1378 81 3370
526 1405 81 3388
527 1424 81 3407
528 1440 81 3418
529 1456 81 3440
530 1464 81 3463
531 1464 81 3489
532 1480 81 3506
533 1493 81 3524
534 1507 82 3547
535 1527 82 3564
536 1523 84 3599
537 1527 85 3617
538 1537 85 3643
539 1545 85 3667
540 1545 85 3697
541 1551 85 3732
542 1565 86 3753
543 1580 86 3773
544 1580 86 3804
545 1589 86 3839
546 1586 86 3862
547 1603 86 3884
548 1610 86 3911
549 1621 88 3938
550 1638 88 3960
551 1653 88 3987
552 1668 88 4004
553 1684 89 4021
554 1696 89 4043
555 1703 90 4066
556 1715 90 4097
557 1731 91 4112
558 1747 91 4139
559 1760 91 4163
560 1772 91 4189
561 1783 91 4217
562 1800 91 4243
563 1806 92 4273
564 1815 93 4302
565 1833 94 4329
566 1847 95 4357
567 1847 96 4392
568 1844 96 4429
569 1863 96 4449
570 1865 96 4484
571 1877 99 4514
572 1905 100 4539
573 1913 100 4568
574 1935 103 4590
575 1922 104 4629
576 1952 104 4655
577 1970 106 4676
578 1974 106 4703
579 1988 106 4726
580 1998 106 4753
581 2015 107 4777
582 2024 107 4814
583 2027 109 4844
584 2059 109 4865
585 2076 109 4895
586 2092 109 4922
587 2089 111 4959
588 2091 111 4998
589 2101 111 5028
590 2116 111 5065
591 2113 112 5105
592 2134 112 5139
593 2156 113 5172
594 2171 113 5211
595 2196 115 5240
596 2202 116 5270
597 2217 116 5307
598 2250 116 5326
599 2253 118 5362
600 2279 118 5384
601 2302 118 5408
602 2332 120 5435
603 2349 120 5467
604 2363 121 5499
605 2379 121 5531
606 2399 121 5563
607 2413 121 5593
608 2431 126 5626
609 2434 126 5671
610 2448 127 5713
611 2469 129 5752
612 2473 130 5792
613 2497 131 5829
614 2515 131 5867
615 2526 131 5913
616 2546 131 5959
617 2542 132 6007
618 2559 132 6040
619 2581 132 6081
620 2582 133 6121
621 2609 133 6154
622 2628 135 6192
623 2656 137 6227
624 2699 137 6261
625 2724 138 6309
626 2741 138 6358
627 2764 138 6400
628 2774 139 6451
629 2791 139 6484
630 2811 139 6531
631 2831 140 6570
632 2878 142 6602
633 2870 142 6658
634 2905 142 6691
635 2903 142 6736
636 2926 143 6781
637 2949 143 6818
638 2971 143 6863
639 2992 147 6898
640 3003 147 6940
641 3026 147 6982
642 3053 151 7024
643 3080 152 7064
644 3096 152 7108
645 3114 155 7151
646 3143 155 7190
647 3153 159 7245
648 3146 160 7308
649 3161 162 7357
650 3171 162 7403
651 3201 163 7444
652 3221 164 7488
653 3235 166 7539
654 3271 167 7580
655 3284 168 7628
656 3305 168 7671
657 3354 168 7716
658 3347 168 7779
659 3351 169 7839
660 3375 170 7883
661 3400 170 7929
662 3414 170 7981
663 3441 170 8027
664 3465 170 8090
665 3471 172 8143
666 3495 173 8192
667 3513 175 8251
668 3522 175 8309
669 3545 176 8358
670 3568 177 8412
671 3599 177 8460
672 3615 178 8519
673 3646 178 8570
674 3655 179 8626
675 3673 181 8673
676 3701 183 8716
677 3723 184 8773
678 3740 188 8831
679 3761 188 8883
680 3798 188 8949
681 3834 188 9000
682 3848 189 9061
683 3869 190 9121
684 3883 193 9186
685 3903 196 9248
686 3912 197 9321
687 3916 200 9389
688 3938 200 9444
689 3958 202 9514
690 3989 202 9572
691 4006 202 9635
692 4033 203 9709
693 4044 205 9780
694 4064 206 9847
695 4110 207 9900
696 4152 208 9961
697 4181 210 10025
698 4203 210 10083
699 4228 211 10143
700 4255 212 10204
701 4282 215 10266
702 4314 215 10336
703 4347 215 10404
704 4361 217 10469
705 4392 218 10528
706 4398 220 10607
707 4416 220 10682
708 4466 222 10745
709 4501 223 10804
710 4514 224 10881
711 4534 224 10949
712 4563 225 11029
713 4600 226 11100
714 4647 227 11174
715 4678 227 11236
716 4706 227 11302
717 4745 227 11365
718 4778 229 11440
719 4833 230 11499
720 4827 231 11590
721 4841 232 11673
722 4876 233 11749
723 4911 234 11817
724 4942 235 11890
725 4977 237 11953
726 5017 240 12024
