0 50 0 0
1 49 0 1
2 51 0 1
3 52 0 2
4 53 0 2
5 55 0 4
6 56 1 4
7 55 2 5
8 56 2 5
9 54 3 6
10 54 3 8
11 52 3 10
12 51 3 11
13 52 3 11
14 52 3 12
15 53 3 13
16 53 3 14
17 52 3 17
18 54 3 17
19 57 3 17
20 57 3 17
21 55 3 20
22 55 3 21
23 53 3 23
24 52 3 24
25 50 3 26
26 53 3 26
27 52 3 27
28 54 3 27
29 56 3 28
30 55 3 29
31 54 3 30
32 58 3 30
33 60 3 30
34 61 3 30
35 62 3 31
36 63 3 32
37 64 3 33
38 65 3 34
39 66 3 34
40 69 3 34
41 70 3 35
42 71 3 35
43 70 3 37
44 68 3 40
45 69 3 40
46 67 3 43
47 66 4 44
48 65 4 46
49 64 4 47
50 66 4 47
51 66 4 49
52 64 4 51
53 63 4 53
54 64 4 53
55 63 4 55
56 61 4 57
57 61 4 58
58 60 4 60
59 59 4 61
60 60 4 62
61 61 4 64
62 60 4 68
63 62 4 69
64 63 4 69
65 63 4 69
66 62 4 70
67 63 4 71
68 64 4 72
69 66 4 72
70 68 4 72
71 68 4 73
72 70 4 73
73 71 4 74
74 73 4 74
75 72 4 76
76 73 4 77
77 75 4 77
78 75 4 78
79 77 4 78
80 77 4 78
81 79 4 81
82 80 4 82
83 81 4 84
84 81 4 86
85 82 4 86
86 83 4 86
87 87 4 86
88 90 4 87
89 89 4 89
90 90 4 90
91 88 4 92
92 90 4 92
93 91 4 93
94 90 4 96
95 95 4 96
96 99 4 96
97 101 4 98
98 105 4 98
99 106 4 98
100 111 4 98
101 112 4 98
102 110 5 100
103 112 5 101
104 112 5 102
105 119 5 103
106 122 5 104
107 126 5 105
108 130 5 105
109 131 5 105
110 127 6 110
111 126 6 113
112 131 6 114
113 133 6 114
114 135 6 114
115 134 6 117
116 135 6 118
117 137 6 118
118 139 6 119
119 137 6 122
120 138 6 124
121 134 7 127
122 136 7 129
123 136 7 131
124 139 7 133
125 136 7 139
126 138 7 140
127 139 7 140
128 140 7 142
129 142 7 142
130 141 7 146
131 142 7 147
132 146 7 147
133 143 7 153
134 142 7 157
135 143 7 161
136 148 7 162
137 147 7 164
138 146 7 167
139 147 7 168
140 148 7 172
141 145 7 175
142 145 7 176
143 147 7 178
144 150 7 179
145 154 7 179
146 155 7 180
147 156 7 181
148 161 7 183
149 161 7 187
150 163 7 190
151 164 7 191
152 163 7 195
153 163 7 198
154 165 7 202
155 168 7 204
156 172 7 205
157 169 7 213
158 173 7 217
159 176 7 218
160 176 7 221
161 180 7 222
162 183 7 224
163 182 7 230
164 181 7 234
165 186 7 236
166 190 7 239
167 188 7 242
168 187 7 246
169 190 7 247
170 194 7 247
171 194 7 251
172 192 7 256
173 193 7 260
174 193 7 263
175 193 7 268
176 197 7 270
177 196 7 274
178 198 7 277
179 198 7 281
180 197 7 285
181 194 7 290
182 197 7 292
183 198 7 293
184 193 7 299
185 194 7 303
186 195 7 305
187 198 7 307
188 196 7 312
189 196 7 314
190 200 7 315
191 196 7 320
192 192 7 326
193 196 7 328
194 189 7 335
195 191 7 336
196 189 8 339
197 189 8 341
198 185 8 347
199 187 8 349
200 190 8 351
201 186 8 355
202 190 8 359
203 189 9 361
204 187 9 364
205 187 9 371
206 189 9 377
207 189 9 381
208 189 9 384
209 192 9 388
210 192 9 393
211 195 9 396
212 194 9 399
213 194 9 402
214 196 9 405
215 200 9 406
216 200 9 409
217 201 9 411
218 203 9 414
219 205 9 418
220 203 9 423
221 207 9 425
222 211 9 428
223 209 9 433
224 211 9 435
225 219 9 437
226 220 9 440
227 219 9 446
228 217 9 453
229 222 9 455
230 230 9 457
231 233 9 461
232 234 9 465
233 236 9 467
234 233 10 469
235 236 10 472
236 236 10 477
237 238 11 479
238 240 11 481
239 242 11 484
240 242 12 488
241 241 12 496
242 236 12 503
243 235 12 507
244 235 12 509
245 235 12 515
246 241 12 516
247 242 12 518
248 239 12 523
249 239 12 526
250 238 12 528
251 239 12 533
252 238 12 536
253 238 13 539
254 238 13 540
255 244 13 542
256 250 13 542
257 253 13 544
258 258 13 549
259 262 13 552
260 264 13 555
261 272 13 557
262 272 13 564
263 273 13 568
264 275 13 570
265 279 13 573
266 286 13 574
267 284 13 579
268 290 13 580
269 296 13 582
270 300 13 586
271 300 13 589
272 301 13 594
273 299 13 597
274 302 13 600
275 299 13 607
276 301 13 612
277 310 13 614
278 312 13 619
279 314 13 622
280 317 13 628
281 322 13 630
282 327 13 633
283 327 13 637
284 325 13 645
285 333 13 648
286 335 13 653
287 339 13 656
288 341 13 660
289 345 13 665
290 346 13 669
291 346 13 675
292 342 13 683
293 344 13 688
294 348 13 692
295 349 13 696
296 348 13 701
297 351 13 707
298 355 13 711
299 360 14 716
300 361 14 723
301 369 14 727
302 370 14 729
303 372 14 737
304 377 14 743
305 384 14 748
306 384 14 756
307 385 14 764
308 386 14 767
309 385 14 773
310 386 14 782
311 390 14 788
312 388 14 798
313 390 14 807
314 389 14 817
315 391 14 820
316 389 14 829
317 397 14 834
318 396 14 840
319 394 14 846
320 397 14 850
321 400 14 855
322 404 14 858
323 408 14 860
324 411 14 863
325 413 14 869
326 411 14 875
327 416 14 877
328 416 14 884
329 425 14 887
330 430 14 892
331 435 14 898
332 439 14 903
333 443 14 908
334 439 14 919
335 442 14 927
336 448 14 932
337 452 14 937
338 454 14 944
339 459 14 952
340 469 14 958
341 473 14 962
342 480 14 971
343 476 14 981
344 485 14 985
345 488 14 990
346 490 14 999
347 497 14 1005
348 500 14 1010
349 506 14 1019
350 502 14 1032
351 506 14 1039
352 511 14 1046
353 517 14 1051
354 521 14 1057
355 515 14 1069
356 516 14 1078
357 519 14 1089
358 524 14 1096
359 521 14 1107
360 525 14 1112
361 528 14 1118
362 535 15 1125
363 539 15 1131
364 548 15 1136
365 547 15 1149
366 557 15 1156
367 560 15 1168
368 562 15 1177
369 567 15 1184
370 566 15 1194
371 576 15 1202
372 587 15 1205
373 598 15 1212
374 605 15 1217
375 619 15 1224
376 630 15 1227
377 633 15 1236
378 645 15 1244
379 645 15 1255
380 645 15 1267
381 645 16 1280
382 646 16 1291
383 646 16 1299
384 656 16 1305
385 655 16 1321
386 658 16 1335
387 669 16 1341
388 675 16 1350
389 675 16 1361
390 672 16 1375
391 676 16 1385
392 680 16 1399
393 688 16 1409
394 686 16 1423
395 698 16 1438
396 699 16 1449
397 703 16 1457
398 705 16 1466
399 706 16 1481
400 712 16 1493
401 719 16 1499
402 723 16 1515
403 730 16 1523
404 741 17 1530
405 749 17 1537
406 758 17 1548
407 753 18 1563
408 764 18 1573
409 765 18 1589
410 763 18 1603
411 760 18 1627
412 757 19 1639
413 766 19 1647
414 779 19 1658
415 780 19 1670
416 786 19 1685
417 788 19 1701
418 790 19 1719
419 797 19 1724
420 800 19 1739
421 798 19 1757
422 799 19 1770
423 813 19 1779
424 816 19 1796
425 823 19 1803
426 829 19 1812
427 833 19 1824
428 851 19 1837
429 855 19 1851
430 865 19 1860
431 873 19 1876
432 871 19 1898
433 878 19 1912
434 877 19 1926
435 880 19 1943
436 895 20 1951
437 896 20 1966
438 898 20 1986
439 900 21 2002
440 911 21 2013
441 925 21 2025
442 934 21 2043
443 941 21 2058
444 954 21 2073
445 955 21 2092
446 967 21 2103
447 980 21 2112
448 994 21 2127
449 1005 21 2141
450 1018 21 2155
451 1017 21 2176
452 1014 21 2195
453 1009 21 2211
454 1012 21 2228
455 1013 21 2247
456 1022 21 2259
457 1026 21 2276
458 1032 22 2292
459 1033 22 2311
460 1038 22 2324
461 1047 22 2343
462 1043 22 2361
463 1055 22 2380
464 1060 22 2393
465 1072 22 2410
466 1075 22 2428
467 1078 22 2446
468 1075 22 2468
469 1090 22 2483
470 1102 22 2499
471 1105 22 2514
472 1105 22 2535
473 1116 22 2551
474 1118 22 2575
475 1130 22 2598
476 1148 22 2615
477 1158 22 2633
478 1160 22 2654
479 1166 22 2680
480 1174 22 2694
481 1188 22 2708
482 1195 23 2724
483 1197 23 2740
484 1204 23 2757
485 1202 23 2777
486 1218 23 2789
487 1221 24 2809
488 1220 24 2835
489 1226 25 2853
490 1225 25 2874
491 1226 25 2896
492 1233 25 2908
493 1229 25 2929
494 1233 25 2951
495 1240 25 2969
496 1246 25 2988
497 1259 25 3004
498 1273 25 3016
499 1285 25 3033
500 1289 25 3054
501 1291 25 3079
502 1299 25 3102
503 1308 25 3125
504 1312 26 3146
505 1319 26 3164
506 1325 26 3181
507 1342 26 3194
508 1354 26 3213
509 1368 26 3228
510 1372 26 3251
511 1378 26 3276
512 1387 26 3298
513 1408 27 3310
514 1426 27 3320
515 1438 27 3342
516 1446 27 3359
517 1443 27 3387
518 1448 27 3414
519 1464 27 3436
520 1468 27 3461
521 1472 28 3483
522 1475 28 3508
523 1482 29 3532
524 1488 29 3559
525 1489 29 3581
526 1495 30 3604
527 1494 30 3630
528 1505 30 3650
529 1505 30 3671
530 1511 30 3694
531 1523 30 3719
532 1528 30 3743
533 1526 30 3774
534 1531 30 3792
535 1545 30 3812
536 1561 30 3834
537 1567 30 3862
538 1592 30 3877
539 1621 31 3895
540 1632 31 3920
541 1644 31 3941
542 1658 32 3962
543 1662 32 3988
544 1667 32 4013
545 1676 32 4039
546 1691 32 4057
547 1708 32 4079
548 1719 33 4101
549 1727 33 4128
550 1719 33 4162
551 1727 33 4186
552 1745 33 4210
553 1760 33 4225
554 1767 34 4250
555 1779 34 4275
556 1792 34 4300
557 1796 34 4334
558 1805 34 4354
559 1821 34 4376
560 1840 35 4396
561 1841 36 4419
562 1856 37 4449
563 1867 37 4480
564 1889 37 4500
565 1885 37 4537
566 1879 37 4571
567 1890 37 4597
568 1905 38 4630
569 1913 38 4662
570 1929 39 4686
571 1935 39 4714
572 1948 39 4740
573 1955 39 4773
574 1962 39 4804
575 1962 40 4843
576 1982 40 4874
577 1997 40 4904
578 2006 40 4936
579 2009 41 4972
580 2028 42 5000
581 2041 42 5036
582 2045 42 5068
583 2057 42 5097
584 2088 42 5116
585 2108 42 5138
586 2113 42 5173
587 2116 42 5208
588 2122 42 5242
589 2131 42 5276
590 2146 42 5305
591 2160 43 5335
592 2166 43 5370
593 2181 43 5401
594 2202 43 5424
595 2212 43 5467
596 2231 43 5502
597 2249 43 5527
598 2253 43 5567
599 2268 43 5603
600 2273 43 5641
601 2285 44 5684
602 2297 46 5727
603 2313 46 5765
604 2345 46 5800
605 2358 46 5834
606 2379 47 5872
607 2372 47 5909
608 2383 47 5944
609 2410 47 5969
610 2416 47 6018
611 2431 48 6051
612 2461 48 6084
613 2475 48 6132
614 2493 48 6172
615 2521 48 6205
616 2516 48 6249
617 2534 49 6289
618 2549 49 6328
619 2581 49 6360
620 2611 49 6396
621 2614 49 6446
622 2635 49 6486
623 2645 49 6530
624 2662 49 6564
625 2679 49 6608
626 2705 49 6648
627 2714 49 6684
628 2729 50 6720
629 2752 50 6764
630 2780 50 6799
631 2780 50 6843
632 2792 50 6889
633 2820 50 6916
634 2857 50 6953
635 2878 50 7000
636 2906 50 7043
637 2940 50 7084
638 2951 50 7127
639 2959 50 7176
640 2987 50 7213
641 3014 50 7257
642 3022 51 7307
643 3055 52 7348
644 3082 53 7386
645 3102 53 7425
646 3107 53 7478
647 3133 53 7524
648 3146 54 7569
649 3141 54 7617
650 3167 54 7663
651 3187 55 7714
652 3207 55 7751
653 3232 55 7800
654 3263 55 7851
655 3286 56 7895
656 3332 56 7938
657 3360 56 7993
658 3379 56 8048
659 3402 57 8099
660 3423 57 8156
661 3459 57 8198
662 3490 58 8243
663 3524 58 8291
664 3526 59 8359
665 3559 60 8413
666 3605 61 8463
667 3623 61 8519
668 3673 62 8563
669 3689 63 8624
670 3717 64 8681
671 3735 65 8740
672 3753 65 8800
673 3775 65 8855
674 3802 65 8913
675 3827 65 8971
676 3862 66 9018
677 3898 66 9063
678 3878 67 9142
679 3902 67 9201
680 3935 69 9256
681 3961 70 9312
682 3976 71 9372
683 4008 71 9438
684 4030 72 9504
685 4062 73 9561
686 4098 74 9616
687 4117 76 9678
688 4134 76 9742
689 4129 76 9806
690 4152 76 9876
691 4175 76 9946
692 4210 77 9997
693 4233 85 10059
694 4262 86 10123
695 4297 88 10194
696 4335 89 10250
697 4361 90 10315
698 4390 91 10384
699 4424 93 10440
700 4446 96 10503
701 4476 97 10570
702 4496 98 10644
703 4520 98 10705
704 4544 100 10768
705 4550 101 10849
706 4561 102 10917
707 4603 102 10970
708 4637 103 11043
709 4660 103 11116
710 4690 105 11182
711 4745 105 11245
712 4786 106 11323
713 4802 107 11414
714 4830 108 11502
715 4857 109 11584
716 4897 109 11664
717 4935 111 11745
718 4966 115 11818
719 4960 117 11894
720 5001 118 11977
