0 50 0 0
1 52 0 0
2 54 0 0
3 54 0 1
4 53 0 2
5 52 0 4
6 52 0 4
7 51 0 5
8 51 0 5
9 51 0 5
10 50 0 6
11 50 0 6
12 50 0 6
13 50 0 6
14 50 0 6
15 53 0 6
16 54 0 7
17 55 0 7
18 57 0 7
19 57 0 8
20 56 1 8
21 56 1 8
22 58 1 8
23 60 1 8
24 61 1 8
25 62 1 9
26 61 1 10
27 62 1 11
28 64 1 11
29 65 1 11
30 64 1 12
31 63 1 14
32 64 1 15
33 64 1 16
34 65 1 17
35 66 1 19
36 67 1 20
37 67 1 21
38 68 1 21
39 68 1 21
40 69 1 21
41 72 1 22
42 70 1 24
43 73 1 24
44 76 1 25
45 78 1 26
46 81 1 27
47 84 1 28
48 84 1 28
49 84 1 28
50 83 1 30
51 85 1 31
52 86 1 32
53 87 1 34
54 87 1 36
55 89 1 39
56 88 1 41
57 87 1 42
58 83 1 46
59 84 1 46
60 82 1 49
61 84 1 49
62 83 1 50
63 83 1 52
64 85 1 53
65 88 1 53
66 90 1 55
67 91 1 57
68 92 1 57
69 92 1 58
70 93 1 59
71 95 1 59
72 97 1 60
73 99 1 61
74 103 1 61
75 103 1 63
76 105 2 63
77 106 2 63
78 106 2 64
79 109 2 64
80 110 2 66
81 111 2 67
82 113 2 67
83 113 2 67
84 109 2 71
85 107 2 75
86 108 2 77
87 109 2 78
88 113 2 79
89 112 2 83
90 112 2 85
91 110 2 88
92 112 2 90
93 112 2 91
94 114 2 92
95 115 2 92
96 114 2 96
97 114 2 99
98 115 2 101
99 116 2 103
100 115 2 104
101 114 2 105
102 112 2 107
103 112 2 108
104 112 2 111
105 116 2 111
106 118 2 114
107 122 2 116
108 125 2 116
109 127 2 116
110 132 2 116
111 136 2 116
112 137 2 118
113 141 2 118
114 141 2 119
115 145 2 120
116 147 2 123
117 149 2 125
118 151 2 128
119 151 2 131
120 145 2 137
121 146 2 138
122 145 2 143
123 146 2 146
124 142 2 153
125 141 2 156
126 135 2 163
127 140 2 163
128 140 2 165
129 139 2 168
130 138 2 172
131 142 2 172
132 147 2 173
133 150 2 175
134 150 2 180
135 156 2 182
136 157 2 183
137 157 2 184
138 155 2 187
139 160 2 191
140 159 2 195
141 159 2 196
142 162 2 197
143 163 2 199
144 168 2 199
145 169 2 202
146 171 2 203
147 166 2 210
148 170 2 210
149 170 2 212
150 172 2 213
151 173 2 214
152 171 2 218
153 176 2 220
154 181 3 221
155 183 3 222
156 180 3 227
157 173 4 234
158 175 4 234
159 181 4 235
160 179 4 240
161 177 4 244
162 174 4 247
163 178 4 247
164 180 4 249
165 182 4 254
166 181 4 258
167 184 4 260
168 183 4 264
169 180 4 267
170 180 4 272
171 181 4 275
172 182 4 278
173 181 4 282
174 183 4 284
175 182 4 287
176 182 4 289
177 182 4 291
178 186 4 293
179 183 4 300
180 183 4 302
181 186 4 304
182 188 4 305
183 191 4 306
184 193 4 309
185 194 4 313
186 195 4 318
187 203 4 319
188 199 4 324
189 201 4 326
190 203 4 328
191 202 4 331
192 205 4 334
193 207 6 336
194 207 6 339
195 208 6 343
196 209 6 346
197 212 6 348
198 210 6 354
199 210 6 358
200 208 6 365
201 207 6 370
202 211 6 373
203 208 6 379
204 207 6 384
205 210 6 387
206 213 6 392
207 215 6 394
208 218 6 397
209 220 7 399
210 220 7 402
211 222 7 404
212 225 7 407
213 227 7 410
214 229 7 412
215 229 7 414
216 228 7 416
217 229 7 420
218 232 7 421
219 234 7 424
220 234 7 426
221 234 7 430
222 237 7 433
223 236 7 441
224 237 7 444
225 238 7 449
226 235 7 454
227 236 7 458
228 238 7 460
229 238 7 465
230 238 7 471
231 236 7 476
232 237 7 477
233 240 7 481
234 245 7 483
235 243 7 489
236 245 7 492
237 248 7 499
238 252 7 501
239 251 7 507
240 250 7 511
241 250 7 518
242 256 7 520
243 259 7 522
244 262 7 526
245 264 7 528
246 267 7 532
247 265 7 539
248 264 7 542
249 261 7 550
250 262 7 554
251 262 7 557
252 263 7 561
253 260 7 568
254 262 7 571
255 267 7 572
256 271 7 573
257 275 7 575
258 281 7 579
259 283 7 582
260 285 7 586
261 283 7 593
262 283 7 598
263 281 7 603
264 280 7 610
265 282 7 616
266 281 7 620
267 287 7 622
268 289 7 628
269 293 7 632
270 293 7 639
271 292 7 648
272 289 7 653
273 294 7 657
274 295 7 660
275 301 7 663
276 301 8 668
277 303 8 671
278 309 8 674
279 306 8 681
280 309 8 684
281 310 8 690
282 318 8 694
283 319 8 699
284 321 8 703
285 325 8 710
286 327 8 718
287 326 8 726
288 328 8 731
289 338 8 736
290 345 8 739
291 352 8 743
292 352 8 751
293 355 8 757
294 367 8 758
295 366 8 763
296 373 8 766
297 377 8 772
298 378 8 779
299 380 8 784
300 381 8 791
301 385 8 796
302 387 8 804
303 386 8 813
304 387 8 817
305 392 8 821
306 395 8 827
307 392 8 837
308 396 8 843
309 395 8 848
310 398 8 853
311 401 8 862
312 406 8 869
313 404 8 876
314 405 8 884
315 413 8 886
316 412 8 892
317 411 8 899
318 411 8 906
319 412 8 915
320 418 8 920
321 418 8 928
322 420 8 936
323 419 8 940
324 416 8 945
325 422 8 948
326 428 8 954
327 440 8 959
328 440 8 964
329 447 8 968
330 445 8 981
331 454 8 988
332 450 8 999
333 456 8 1005
334 476 8 1008
335 478 8 1014
336 480 8 1020
337 491 8 1022
338 491 8 1029
339 496 8 1033
340 502 8 1039
341 501 8 1051
342 499 8 1058
343 502 8 1064
344 507 8 1070
345 504 8 1079
346 499 8 1089
347 503 8 1093
348 507 8 1098
349 511 8 1104
350 513 8 1112
351 519 8 1117
352 519 8 1126
353 521 8 1135
354 518 8 1143
355 521 8 1152
356 541 8 1155
357 541 8 1167
358 542 8 1177
359 548 8 1188
360 542 8 1201
361 546 9 1210
362 547 9 1217
363 560 9 1220
364 569 9 1226
365 569 9 1232
366 574 9 1243
367 579 9 1252
368 586 9 1258
369 590 9 1265
370 593 9 1273
371 591 9 1282
372 597 9 1288
373 596 10 1298
374 602 10 1308
375 597 10 1318
376 600 10 1331
377 609 10 1339
378 612 10 1352
379 607 10 1369
380 610 10 1378
381 620 10 1381
382 625 10 1388
383 620 10 1396
384 625 10 1407
385 638 10 1413
386 643 10 1421
387 652 10 1431
388 657 10 1441
389 654 10 1453
390 664 10 1459
391 670 10 1469
392 673 10 1483
393 683 10 1486
394 691 10 1497
395 696 10 1504
396 711 10 1511
397 713 10 1525
398 724 10 1535
399 731 10 1546
400 730 10 1559
401 740 10 1568
402 750 11 1576
403 750 11 1588
404 740 11 1606
405 744 11 1615
406 748 11 1628
407 765 11 1635
408 777 11 1642
409 782 11 1652
410 791 11 1663
411 795 11 1676
412 797 11 1693
413 799 11 1708
414 803 12 1726
415 809 12 1735
416 811 12 1752
417 832 12 1758
418 841 12 1771
419 845 12 1788
420 845 12 1799
421 856 12 1809
422 864 12 1820
423 861 12 1839
424 863 12 1853
425 866 12 1868
426 868 12 1881
427 868 12 1901
428 870 12 1914
429 869 12 1935
430 881 12 1945
431 904 12 1951
432 918 12 1961
433 916 12 1979
434 922 13 1988
435 918 13 2010
436 922 13 2021
437 929 13 2036
438 943 13 2045
439 945 14 2061
440 942 14 2076
441 951 14 2095
442 968 14 2100
443 978 14 2108
444 988 14 2125
445 998 14 2134
446 1014 14 2145
447 1022 14 2163
448 1031 14 2176
449 1034 14 2193
450 1054 14 2202
451 1061 14 2218
452 1070 14 2238
453 1094 14 2255
454 1101 14 2275
455 1106 14 2292
456 1113 14 2309
457 1121 14 2324
458 1142 14 2339
459 1152 14 2351
460 1157 14 2373
461 1166 14 2389
462 1172 14 2404
463 1191 14 2418
464 1199 14 2434
465 1202 14 2463
466 1209 14 2481
467 1220 14 2493
468 1227 14 2511
469 1242 14 2523
470 1244 14 2550
471 1235 14 2574
472 1246 14 2591
473 1256 14 2614
474 1248 14 2642
475 1260 14 2655
476 1265 14 2679
477 1281 14 2697
478 1286 14 2721
479 1294 14 2739
480 1295 15 2760
481 1308 15 2777
482 1321 16 2796
483 1332 17 2815
484 1346 17 2829
485 1353 17 2855
486 1353 17 2878
487 1377 17 2892
488 1382 17 2913
489 1402 17 2931
490 1418 17 2947
491 1435 17 2970
492 1438 17 2994
493 1447 17 3010
494 1448 17 3040
495 1468 17 3069
496 1477 18 3087
497 1486 18 3106
498 1493 18 3127
499 1509 18 3144
500 1513 18 3170
501 1519 20 3188
502 1546 20 3201
503 1562 20 3220
504 1568 20 3249
505 1598 20 3265
506 1603 20 3291
507 1617 20 3310
508 1631 20 3330
509 1639 20 3356
510 1654 20 3378
511 1653 21 3406
512 1653 21 3438
513 1670 21 3458
514 1674 22 3486
515 1684 22 3510
516 1686 23 3537
517 1692 23 3567
518 1712 23 3587
519 1718 23 3615
520 1721 25 3647
521 1721 26 3674
522 1750 26 3693
523 1764 26 3715
524 1769 26 3746
525 1774 26 3775
526 1792 26 3797
527 1823 26 3818
528 1832 26 3846
529 1840 26 3876
530 1846 27 3908
531 1867 27 3928
532 1873 27 3953
533 1883 27 3985
534 1896 27 4019
535 1904 27 4047
536 1925 27 4065
537 1933 27 4091
538 1958 27 4107
539 1978 27 4134
540 1979 27 4165
541 1986 27 4206
542 2013 27 4236
543 2028 27 4258
544 2049 27 4286
545 2065 27 4315
546 2077 27 4350
547 2074 27 4391
548 2085 27 4419
549 2109 27 4442
550 2128 28 4471
551 2152 28 4500
552 2175 29 4528
553 2195 29 4560
554 2229 29 4586
555 2257 29 4607
556 2263 29 4640
557 2269 29 4677
558 2282 29 4710
559 2289 29 4749
560 2283 29 4789
561 2298 30 4825
562 2293 30 4873
563 2313 30 4915
564 2336 30 4953
565 2367 30 4984
566 2384 30 5013
567 2419 30 5051
568 2433 30 5091
569 2445 30 5129
570 2454 30 5177
571 2465 30 5210
572 2478 30 5243
573 2499 30 5269
574 2519 30 5305
575 2530 31 5346
576 2550 31 5384
577 2568 31 5425
578 2580 31 5470
579 2609 31 5505
580 2630 31 5534
581 2643 31 5578
582 2679 31 5606
583 2710 31 5638
584 2729 31 5684
585 2726 31 5743
586 2737 31 5784
587 2753 31 5828
588 2772 32 5875
589 2792 32 5915
590 2821 32 5955
591 2859 32 5996
592 2892 32 6024
593 2920 32 6065
594 2954 32 6104
595 2983 33 6150
596 2999 33 6193
597 3041 34 6227
598 3054 34 6273
599 3056 34 6333
600 3086 34 6375
601 3107 34 6419
602 3142 34 6456
603 3162 34 6506
604 3177 34 6565
605 3209 34 6609
606 3238 34 6653
607 3251 34 6706
608 3269 34 6749
609 3305 35 6794
610 3334 36 6840
611 3351 36 6899
612 3356 36 6956
613 3375 36 7004
614 3396 37 7064
615 3416 37 7112
616 3434 37 7158
617 3463 37 7206
618 3508 37 7254
619 3543 37 7305
620 3575 37 7357
621 3616 37 7403
622 3647 37 7455
623 3668 37 7509
624 3696 37 7571
625 3734 37 7618
626 3752 38 7685
627 3782 38 7742
628 3807 38 7800
629 3818 38 7866
630 3839 38 7914
631 3870 38 7959
632 3901 38 8014
633 3934 38 8067
634 3983 38 8118
635 4015 40 8171
636 4040 41 8235
637 4064 41 8293
638 4093 42 8343
639 4116 42 8405
640 4157 42 8462
641 4195 42 8519
642 4230 42 8586
643 4271 42 8637
644 4303 42 8690
645 4358 42 8743
646 4389 43 8806
647 4420 43 8868
648 4436 43 8942
649 4468 44 9013
650 4498 44 9089
651 4527 44 9149
652 4576 45 9215
653 4606 45 9286
654 4641 46 9342
655 4676 46 9397
656 4725 46 9466
657 4773 47 9520
658 4800 47 9597
659 4835 47 9671
660 4866 47 9749
661 4900 47 9823
662 4959 47 9890
663 4993 48 9960
664 5022 48 10027
