0 50 0 0
1 48 1 1
2 48 1 1
3 50 1 1
4 50 1 1
5 51 1 2
6 51 1 3
7 51 1 4
8 52 1 5
9 54 1 5
10 55 1 6
11 56 1 7
12 56 1 11
13 56 1 11
14 55 2 12
15 57 2 13
16 56 2 15
17 55 2 16
18 55 2 17
19 56 2 18
20 53 2 21
21 51 2 23
22 52 2 23
23 53 2 23
24 52 2 24
25 50 2 26
26 53 3 26
27 56 3 27
28 55 3 29
29 56 3 29
30 55 3 30
31 54 3 31
32 56 3 31
33 58 3 31
34 59 3 32
35 61 3 33
36 59 3 35
37 60 3 36
38 61 3 38
39 57 3 42
40 56 3 43
41 55 3 45
42 55 3 45
43 60 3 45
44 59 3 46
45 60 3 47
46 62 3 50
47 64 3 50
48 66 3 50
49 66 3 51
50 67 3 51
51 69 3 52
52 68 3 54
53 69 3 55
54 69 3 56
55 69 3 57
56 71 3 58
57 70 3 59
58 73 3 59
59 77 3 60
60 79 3 62
61 76 3 65
62 76 3 65
63 74 3 67
64 75 3 67
65 74 3 69
66 74 3 69
67 77 3 69
68 80 3 69
69 80 3 73
70 82 3 73
71 80 3 75
72 80 4 76
73 77 4 79
74 73 4 84
75 75 4 86
76 73 4 88
77 76 4 88
78 78 4 88
79 82 4 88
80 84 4 89
81 84 4 90
82 85 4 91
83 86 4 91
84 85 4 93
85 85 4 94
86 87 4 96
87 87 4 98
88 89 4 99
89 91 4 99
90 92 4 100
91 93 4 102
92 94 4 102
93 96 4 103
94 100 4 104
95 98 4 107
96 99 4 107
97 102 4 109
98 105 4 109
99 113 4 109
100 115 4 112
101 116 5 112
102 116 5 114
103 117 5 115
104 120 5 116
105 119 5 118
106 121 5 120
107 123 5 120
108 122 5 123
109 122 5 125
110 125 5 127
111 126 5 129
112 127 5 129
113 129 5 129
114 129 5 131
115 127 5 136
116 130 5 137
117 128 5 141
118 125 5 144
119 126 5 145
120 124 5 147
121 124 5 148
122 128 5 149
123 128 5 152
124 129 5 154
125 131 5 156
126 131 5 157
127 130 5 160
128 131 5 161
129 129 5 164
130 127 5 167
131 128 5 170
132 129 5 171
133 125 5 175
134 126 5 179
135 129 5 181
136 129 5 184
137 129 5 186
138 132 5 188
139 136 5 188
140 141 6 188
141 142 6 189
142 138 6 194
143 137 6 195
144 140 6 195
145 140 6 197
146 143 6 197
147 140 6 200
148 141 6 204
149 146 6 204
150 150 6 206
151 153 6 208
152 149 6 213
153 147 6 218
154 148 6 221
155 145 6 224
156 145 6 226
157 144 6 230
158 142 6 234
159 143 6 237
160 141 6 242
161 143 6 243
162 144 6 245
163 144 6 248
164 147 6 249
165 144 6 253
166 143 6 255
167 143 6 255
168 144 6 256
169 146 6 257
170 148 6 258
171 148 6 261
172 147 6 264
173 148 6 267
174 147 6 270
175 151 6 272
176 151 6 275
177 156 6 276
178 158 6 276
179 158 6 279
180 161 6 279
181 160 6 283
182 156 7 291
183 155 7 294
184 159 7 297
185 160 7 300
186 168 7 301
187 169 7 305
188 168 7 310
189 171 7 311
190 171 7 316
191 174 7 318
192 179 7 318
193 180 7 321
194 180 7 325
195 175 7 330
196 177 7 332
197 177 7 334
198 176 7 337
199 181 7 340
200 181 7 343
201 184 7 345
202 185 7 349
203 190 7 350
204 194 7 351
205 190 7 356
206 195 7 357
207 200 7 359
208 202 7 361
209 204 7 365
210 205 7 368
211 205 7 371
212 207 7 374
213 210 8 375
214 212 9 378
215 212 9 381
216 212 9 387
217 215 9 388
218 214 9 392
219 213 9 396
220 216 10 400
221 220 10 401
222 222 10 405
223 221 10 408
224 220 10 413
225 219 10 417
226 218 10 419
227 222 10 421
228 226 10 423
229 233 10 425
230 240 10 427
231 244 10 432
232 240 10 439
233 243 10 441
234 242 10 448
235 241 10 455
236 244 10 456
237 240 10 461
238 241 10 462
239 242 10 468
240 238 10 472
241 242 10 476
242 239 10 483
243 238 10 488
244 241 10 491
245 242 10 495
246 240 10 501
247 243 10 504
248 244 10 507
249 252 10 509
250 256 10 511
251 253 10 519
252 256 10 521
253 262 10 525
254 267 10 527
255 264 10 533
256 261 10 538
257 261 10 543
258 268 11 545
259 274 11 551
260 273 11 557
261 275 11 561
262 282 11 565
263 284 11 569
264 282 11 572
265 288 11 574
266 288 11 578
267 287 11 583
268 287 11 585
269 292 11 589
270 293 11 592
271 297 11 594
272 292 12 601
273 295 12 605
274 295 12 610
275 299 13 614
276 301 13 617
277 305 13 625
278 306 15 629
279 306 15 634
280 307 15 639
281 311 15 642
282 311 16 647
283 306 16 655
284 307 16 660
285 321 16 660
286 324 16 665
287 329 16 668
288 330 16 673
289 333 16 676
290 344 16 680
291 343 16 685
292 343 16 690
293 346 17 697
294 348 18 700
295 347 18 706
296 356 18 708
297 358 19 713
298 364 19 717
299 363 19 725
300 368 19 729
301 372 19 733
302 379 19 735
303 382 19 741
304 388 21 744
305 391 21 749
306 397 21 753
307 406 22 756
308 416 22 760
309 418 23 770
310 426 23 773
311 429 23 781
312 434 23 787
313 435 23 795
314 439 23 801
315 438 24 811
316 441 24 817
317 451 24 819
318 446 24 830
319 453 25 837
320 452 25 845
321 456 25 848
322 455 25 856
323 460 25 863
324 461 25 868
325 463 25 874
326 465 26 881
327 472 26 889
328 480 26 895
329 482 26 904
330 487 26 911
331 490 27 917
332 494 27 924
333 499 27 933
334 498 27 942
335 505 27 948
336 504 28 960
337 510 28 967
338 519 28 974
339 513 28 987
340 514 29 998
341 511 29 1009
342 514 29 1016
343 521 30 1023
344 513 30 1040
345 515 30 1045
346 522 30 1055
347 528 30 1060
348 531 30 1068
349 538 30 1078
350 549 30 1088
351 550 30 1097
352 554 30 1102
353 560 30 1107
354 561 30 1117
355 560 30 1130
356 567 30 1140
357 574 31 1148
358 574 31 1158
359 588 31 1161
360 592 31 1172
361 597 31 1177
362 601 31 1184
363 601 31 1198
364 598 31 1211
365 600 31 1220
366 599 32 1231
367 602 32 1236
368 600 33 1245
369 604 33 1250
370 605 33 1259
371 609 35 1268
372 607 35 1277
373 604 35 1289
374 604 35 1303
375 608 35 1311
376 616 35 1320
377 624 35 1329
378 633 35 1335
379 648 35 1342
380 650 37 1355
381 656 37 1365
382 665 38 1375
383 669 38 1382
384 672 38 1393
385 680 38 1400
386 683 38 1410
387 688 38 1418
388 694 39 1428
389 702 39 1437
390 711 39 1443
391 716 42 1455
392 721 43 1466
393 724 43 1480
394 725 43 1490
395 732 43 1500
396 736 43 1513
397 735 45 1523
398 741 45 1534
399 744 45 1549
400 746 46 1560
401 751 46 1573
402 749 47 1586
403 747 47 1603
404 750 47 1614
405 757 47 1626
406 755 47 1639
407 756 47 1651
408 758 47 1662
409 768 47 1669
410 767 47 1683
411 769 47 1698
412 776 48 1705
413 780 48 1719
414 785 49 1728
415 794 50 1743
416 794 51 1755
417 809 51 1765
418 806 52 1782
419 797 54 1797
420 799 54 1811
421 797 54 1827
422 802 54 1837
423 806 54 1853
424 816 55 1864
425 816 56 1881
426 814 57 1897
427 822 57 1905
428 835 57 1918
429 847 57 1929
430 845 57 1945
431 839 57 1963
432 846 59 1978
433 852 60 1992
434 853 60 2005
435 851 60 2022
436 875 60 2027
437 882 61 2034
438 882 61 2053
439 885 61 2064
440 888 62 2080
441 905 62 2092
442 910 63 2103
443 916 64 2113
444 925 64 2128
445 921 64 2145
446 926 64 2159
447 929 65 2172
448 939 65 2182
449 944 65 2199
450 954 65 2213
451 956 65 2231
452 950 65 2246
453 957 65 2262
454 958 65 2276
455 970 65 2288
456 975 65 2299
457 978 65 2314
458 985 65 2329
459 992 65 2345
460 1001 65 2359
461 1012 65 2373
462 1025 65 2384
463 1032 65 2396
464 1037 66 2412
465 1042 66 2431
466 1056 66 2444
467 1079 66 2456
468 1077 66 2475
469 1073 68 2491
470 1078 69 2502
471 1093 71 2515
472 1093 71 2531
473 1108 71 2542
474 1107 71 2561
475 1101 71 2581
476 1109 71 2597
477 1121 71 2610
478 1129 72 2624
479 1140 72 2639
480 1148 72 2654
481 1155 73 2669
482 1157 73 2690
483 1169 73 2708
484 1172 74 2727
485 1178 75 2744
486 1184 76 2759
487 1191 76 2779
488 1204 78 2798
489 1211 78 2821
490 1217 78 2837
491 1222 78 2857
492 1246 78 2867
493 1250 78 2889
494 1277 78 2896
495 1283 78 2920
496 1294 79 2939
497 1304 79 2960
498 1316 79 2975
499 1323 79 2998
500 1344 79 3010
501 1346 79 3044
502 1349 79 3066
503 1354 79 3083
504 1369 80 3103
505 1374 81 3127
506 1379 82 3149
507 1385 83 3171
508 1391 84 3189
509 1399 84 3212
510 1407 85 3229
511 1423 85 3247
512 1431 85 3267
513 1436 85 3291
514 1451 85 3314
515 1449 86 3340
516 1455 86 3365
517 1469 86 3384
518 1495 87 3395
519 1494 88 3418
520 1522 88 3433
521 1531 89 3459
522 1545 89 3482
523 1546 89 3506
524 1543 90 3537
525 1561 90 3560
526 1566 92 3587
527 1573 92 3610
528 1600 92 3627
529 1614 93 3647
530 1636 94 3666
531 1646 94 3690
532 1650 94 3717
533 1674 94 3735
534 1679 94 3758
535 1694 94 3784
536 1728 94 3800
537 1724 94 3836
538 1729 95 3870
539 1745 96 3890
540 1749 96 3913
541 1767 96 3937
542 1783 97 3956
543 1800 97 3982
544 1811 97 4005
545 1820 97 4034
546 1856 97 4050
547 1883 97 4075
548 1911 97 4102
549 1908 97 4142
550 1922 98 4172
551 1939 98 4204
552 1955 98 4243
553 1958 99 4277
554 1963 99 4312
555 1981 99 4338
556 2014 99 4367
557 2021 102 4398
558 2041 102 4435
559 2073 102 4455
560 2084 102 4485
561 2104 102 4514
562 2114 103 4545
563 2119 103 4579
564 2134 104 4617
565 2145 105 4657
566 2164 105 4683
567 2168 105 4716
568 2187 105 4748
569 2196 105 4786
570 2209 105 4825
571 2225 106 4866
572 2239 106 4902
573 2252 106 4935
574 2278 106 4963
575 2293 106 4992
576 2310 107 5023
577 2327 107 5053
578 2336 107 5088
579 2336 107 5126
580 2361 107 5155
581 2387 108 5189
582 2402 108 5221
583 2423 108 5248
584 2436 109 5288
585 2433 109 5336
586 2455 109 5367
587 2481 109 5402
588 2480 109 5453
589 2495 109 5489
590 2511 109 5516
591 2519 111 5561
592 2530 111 5597
593 2533 111 5642
594 2559 111 5672
595 2566 111 5718
596 2588 113 5752
597 2594 114 5801
598 2618 115 5836
599 2638 115 5867
600 2662 116 5902
601 2686 117 5945
602 2694 117 5999
603 2718 118 6043
604 2725 119 6094
605 2734 119 6139
606 2757 119 6170
607 2767 120 6216
608 2786 120 6252
609 2816 122 6293
610 2848 124 6330
611 2871 124 6367
612 2871 124 6420
613 2894 125 6465
614 2908 126 6508
615 2950 127 6539
616 2972 127 6586
617 2992 128 6623
618 3025 129 6653
619 3040 129 6700
620 3050 130 6744
621 3061 130 6798
622 3087 131 6831
623 3101 131 6887
624 3125 131 6942
625 3148 131 6988
626 3151 132 7044
627 3173 134 7085
628 3199 134 7138
629 3194 136 7197
630 3236 138 7247
631 3254 138 7291
632 3256 138 7355
633 3272 138 7408
634 3302 138 7464
635 3326 138 7516
636 3354 138 7563
637 3367 139 7623
638 3390 139 7680
639 3419 139 7729
640 3460 139 7771
641 3485 139 7821
642 3516 139 7870
643 3570 141 7907
644 3594 142 7960
645 3633 142 8014
646 3657 142 8066
647 3690 142 8130
648 3701 144 8194
649 3732 146 8249
650 3749 147 8309
651 3793 147 8354
652 3813 147 8418
653 3850 147 8462
654 3887 148 8506
655 3928 150 8554
656 3950 150 8611
657 3969 150 8668
658 3991 151 8730
659 4035 152 8774
660 4071 153 8823
661 4089 155 8888
662 4095 158 8956
663 4145 160 9003
664 4174 161 9071
665 4190 163 9130
666 4240 168 9175
667 4241 171 9245
668 4269 172 9304
669 4277 174 9369
670 4323 178 9429
671 4339 178 9508
672 4387 180 9563
673 4445 181 9625
674 4475 183 9678
675 4502 184 9732
676 4526 185 9802
677 4565 187 9855
678 4578 192 9921
679 4608 194 9989
680 4649 198 10050
681 4679 199 10118
682 4714 199 10182
683 4742 200 10259
684 4782 201 10324
685 4825 201 10385
686 4856 201 10461
687 4892 202 10538
688 4927 203 10603
689 4948 205 10672
690 4977 206 10748
691 5014 207 10825