0 50 0 0
1 50 0 1
2 50 0 1
3 52 0 1
4 52 0 2
5 52 0 2
6 54 0 2
7 50 2 5
8 50 2 5
9 51 2 6
10 52 2 8
11 51 2 10
12 52 2 11
13 53 2 11
14 55 2 11
15 56 2 12
16 57 2 14
17 59 2 14
18 59 2 16
19 57 2 18
20 58 2 18
21 59 2 18
22 58 3 19
23 61 3 20
24 61 3 20
25 61 3 21
26 60 3 22
27 60 3 23
28 65 3 23
29 65 3 24
30 63 3 26
31 62 3 28
32 66 3 29
33 64 3 32
34 63 3 34
35 62 3 35
36 62 3 37
37 64 3 38
38 66 3 38
39 67 3 38
40 68 3 38
41 71 3 40
42 70 3 42
43 71 3 42
44 71 3 42
45 71 3 43
46 71 3 43
47 72 3 45
48 70 3 47
49 70 3 49
50 71 3 49
51 74 3 50
52 76 3 50
53 75 3 51
54 78 3 51
55 80 3 51
56 84 3 52
57 83 3 53
58 83 3 54
59 85 3 55
60 86 3 57
61 88 3 58
62 89 3 60
63 90 3 61
64 89 3 63
65 89 3 63
66 89 3 67
67 90 3 68
68 89 3 69
69 88 3 72
70 90 3 72
71 87 3 75
72 88 3 75
73 93 3 75
74 94 3 77
75 98 3 77
76 103 3 77
77 105 3 78
78 103 3 83
79 103 3 83
80 105 3 83
81 104 3 84
82 103 3 86
83 107 4 87
84 108 4 88
85 108 4 89
86 110 4 89
87 114 5 90
88 112 5 92
89 115 5 92
90 118 5 92
91 114 6 96
92 118 6 96
93 120 6 98
94 122 6 100
95 122 6 101
96 124 6 102
97 121 6 106
98 123 6 107
99 122 6 109
100 119 6 113
101 124 6 113
102 123 6 117
103 120 7 120
104 121 7 122
105 122 7 123
106 120 7 125
107 120 7 126
108 117 7 130
109 115 7 135
110 113 7 137
111 114 7 137
112 117 7 138
113 119 7 139
114 119 7 141
115 122 7 144
116 120 7 146
117 124 7 146
118 122 7 152
119 123 7 153
120 122 7 157
121 125 7 158
122 125 7 160
123 126 7 164
124 127 7 164
125 128 7 167
126 131 7 168
127 136 7 168
128 131 7 174
129 132 7 177
130 132 7 178
131 129 7 182
132 129 7 185
133 131 7 187
134 132 7 189
135 135 7 191
136 138 7 192
137 137 7 194
138 133 7 200
139 135 7 203
140 135 7 205
141 140 7 205
142 140 7 205
143 141 7 207
144 140 7 211
145 141 7 212
146 138 7 216
147 140 7 217
148 139 7 218
149 139 7 221
150 140 7 223
151 144 7 224
152 145 7 225
153 150 7 226
154 156 7 227
155 158 7 230
156 161 7 231
157 163 7 233
158 164 7 235
159 164 7 238
160 167 7 239
161 167 7 241
162 162 7 247
163 159 7 252
164 159 7 255
165 160 7 256
166 160 7 258
167 163 7 260
168 162 7 265
169 164 7 267
170 166 7 269
171 163 7 275
172 165 7 279
173 162 7 282
174 164 7 282
175 161 7 286
176 160 7 291
177 160 7 292
178 164 7 293
179 167 7 293
180 166 7 297
181 165 7 301
182 164 8 303
183 168 8 307
184 172 8 311
185 179 8 312
186 180 8 315
187 180 8 319
188 179 8 322
189 180 8 325
190 180 8 330
191 183 8 332
192 180 8 336
193 177 8 342
194 178 8 343
195 179 8 344
196 174 8 349
197 172 8 352
198 171 8 354
199 173 8 359
200 168 8 366
201 166 8 370
202 160 8 377
203 160 8 379
204 162 8 381
205 166 8 381
206 166 8 384
207 166 8 387
208 168 8 387
209 165 8 394
210 166 8 396
211 168 8 396
212 169 8 398
213 171 8 399
214 170 8 403
215 172 8 405
216 177 8 409
217 176 8 411
218 175 8 413
219 174 8 416
220 174 8 419
221 173 8 423
222 177 8 423
223 179 8 426
224 177 8 430
225 180 8 431
226 182 8 436
227 181 9 440
228 185 9 441
229 189 9 442
230 190 9 444
231 197 9 445
232 199 9 447
233 205 9 448
234 207 9 451
235 211 9 453
236 208 9 458
237 210 9 462
238 212 9 466
239 216 9 468
240 218 9 470
241 219 9 474
242 223 10 477
243 228 10 479
244 230 10 481
245 230 10 482
246 237 10 484
247 239 10 486
248 240 10 488
249 248 10 492
250 250 10 498
251 255 10 503
252 256 10 508
253 259 10 511
254 263 10 514
255 263 10 516
256 263 10 521
257 266 10 525
258 267 10 531
259 269 10 533
260 271 10 538
261 268 10 545
262 265 10 550
263 264 10 554
264 270 10 556
265 272 10 559
266 276 10 562
267 280 10 567
268 286 10 570
269 292 10 573
270 296 10 577
271 300 10 582
272 305 10 585
273 305 10 591
274 302 10 598
275 304 10 602
276 305 10 607
277 310 10 609
278 311 10 614
279 315 10 619
280 319 10 623
281 323 10 625
282 328 10 626
283 328 10 633
284 330 10 637
285 334 10 642
286 341 10 646
287 346 10 652
288 349 10 660
289 357 10 662
290 356 10 666
291 359 10 672
292 365 10 675
293 357 10 685
294 363 10 687
295 362 10 693
296 361 10 699
297 367 10 704
298 376 10 709
299 377 10 713
300 385 10 716
301 387 10 720
302 391 10 726
303 398 10 731
304 403 10 737
305 404 10 747
306 403 10 755
307 411 10 758
308 407 10 771
309 413 10 776
310 412 10 781
311 418 10 784
312 420 10 793
313 420 10 798
314 425 10 805
315 428 10 813
316 435 10 816
317 434 10 821
318 437 10 829
319 441 10 836
320 440 10 845
321 436 10 853
322 438 10 858
323 443 10 865
324 443 10 876
325 443 10 882
326 448 10 887
327 448 10 894
328 450 10 900
329 455 10 907
330 454 10 918
331 460 10 925
332 454 10 936
333 455 10 942
334 452 10 952
335 454 10 958
336 450 10 966
337 454 10 970
338 459 10 979
339 463 11 987
340 463 11 997
341 471 12 1000
342 466 12 1008
343 467 12 1017
344 470 12 1021
345 472 12 1026
346 472 12 1033
347 471 12 1040
348 485 12 1042
349 490 12 1051
350 491 12 1057
351 489 12 1070
352 493 12 1078
353 497 12 1085
354 500 12 1093
355 497 12 1103
356 507 12 1111
357 508 12 1117
358 513 12 1123
359 517 12 1131
360 519 12 1135
361 517 12 1145
362 521 12 1150
363 531 12 1155
364 536 12 1161
365 533 12 1172
366 535 12 1186
367 537 12 1194
368 549 12 1203
369 550 12 1215
370 559 12 1220
371 558 12 1230
372 565 12 1237
373 576 12 1243
374 581 12 1252
375 584 12 1260
376 579 12 1270
377 585 12 1283
378 590 12 1292
379 589 12 1301
380 589 12 1315
381 590 13 1323
382 587 13 1336
383 592 13 1347
384 589 13 1357
385 589 13 1362
386 595 13 1371
387 598 13 1382
388 602 13 1392
389 610 13 1401
390 613 13 1412
391 614 13 1420
392 611 13 1429
393 611 13 1441
394 614 13 1449
395 615 13 1468
396 623 13 1476
397 623 13 1486
398 634 13 1492
399 646 13 1501
400 654 13 1507
401 654 13 1519
402 654 14 1529
403 666 14 1535
404 674 14 1541
405 676 14 1553
406 675 14 1563
407 680 14 1570
408 687 14 1580
409 690 14 1590
410 696 14 1601
411 707 14 1609
412 713 14 1617
413 718 14 1627
414 721 14 1639
415 722 14 1648
416 721 14 1662
417 721 14 1677
418 715 15 1692
419 723 15 1701
420 731 15 1713
421 739 15 1726
422 750 15 1735
423 756 15 1744
424 756 15 1757
425 756 15 1775
426 761 15 1788
427 775 15 1795
428 775 15 1812
429 775 15 1828
430 782 15 1842
431 786 15 1854
432 794 15 1863
433 804 15 1871
434 813 15 1884
435 832 15 1895
436 838 15 1901
437 850 15 1912
438 855 15 1925
439 856 15 1934
440 854 15 1952
441 863 15 1964
442 882 15 1973
443 885 15 1987
444 899 15 2006
445 902 15 2021
446 907 15 2036
447 916 15 2043
448 924 15 2061
449 941 15 2075
450 954 15 2082
451 965 15 2092
452 971 15 2106
453 980 15 2124
454 991 15 2138
455 1000 15 2149
456 1009 15 2165
457 1021 15 2185
458 1020 15 2199
459 1035 16 2214
460 1038 17 2230
461 1042 18 2251
462 1050 18 2270
463 1062 19 2284
464 1068 19 2299
465 1080 19 2314
466 1088 19 2328
467 1094 19 2342
468 1104 19 2350
469 1107 20 2370
470 1116 20 2380
471 1137 20 2398
472 1151 20 2416
473 1155 20 2438
474 1172 20 2450
475 1184 20 2469
476 1189 20 2492
477 1190 23 2506
478 1201 23 2520
479 1206 23 2537
480 1211 23 2560
481 1217 23 2580
482 1231 23 2592
483 1247 23 2606
484 1265 24 2621
485 1284 24 2637
486 1294 24 2657
487 1290 25 2682
488 1294 25 2711
489 1303 25 2734
490 1312 26 2750
491 1314 26 2773
492 1321 26 2797
493 1332 26 2816
494 1349 27 2828
495 1361 27 2844
496 1358 27 2871
497 1378 27 2889
498 1393 27 2906
499 1397 28 2932
500 1390 28 2966
501 1401 28 2992
502 1415 28 3015
503 1424 29 3040
504 1424 29 3070
505 1434 29 3090
506 1453 29 3111
507 1462 29 3130
508 1475 30 3157
509 1483 30 3186
510 1491 30 3206
511 1512 32 3226
512 1525 34 3253
513 1521 36 3279
514 1539 36 3300
515 1554 36 3323
516 1562 36 3344
517 1578 36 3365
518 1584 36 3392
519 1606 36 3411
520 1602 36 3444
521 1613 36 3461
522 1624 36 3489
523 1638 36 3508
524 1650 37 3525
525 1657 37 3547
526 1660 37 3580
527 1679 38 3597
528 1690 38 3621
529 1705 38 3642
530 1727 38 3657
531 1746 38 3688
532 1759 40 3713
533 1777 41 3734
534 1787 41 3763
535 1796 42 3792
536 1813 42 3822
537 1832 42 3848
538 1854 42 3874
539 1855 42 3910
540 1856 42 3943
541 1873 43 3969
542 1872 43 4001
543 1893 43 4021
544 1910 43 4055
545 1920 43 4089
546 1925 43 4123
547 1938 44 4147
548 1969 45 4171
549 1974 46 4200
550 1994 47 4227
551 1982 47 4278
552 2003 47 4301
553 2024 47 4326
554 2025 47 4363
555 2037 47 4387
556 2060 48 4409
557 2072 48 4440
558 2088 49 4474
559 2095 49 4517
560 2115 49 4546
561 2117 49 4581
562 2129 52 4615
563 2122 53 4652
564 2134 53 4688
565 2168 53 4713
566 2169 53 4748
567 2177 54 4777
568 2184 54 4814
569 2200 56 4839
570 2213 56 4869
571 2224 56 4901
572 2247 57 4929
573 2253 57 4962
574 2256 58 4999
575 2281 58 5026
576 2294 58 5055
577 2299 58 5086
578 2315 58 5118
579 2325 58 5153
580 2352 58 5192
581 2369 58 5225
582 2389 59 5260
583 2409 59 5299
584 2415 60 5332
585 2419 60 5378
586 2412 61 5424
587 2431 61 5455
588 2457 61 5484
589 2473 61 5526
590 2491 63 5562
591 2493 64 5608
592 2512 65 5647
593 2524 68 5680
594 2543 68 5720
595 2559 70 5750
596 2591 70 5785
597 2597 70 5838
598 2640 72 5869
599 2657 73 5906
600 2669 73 5944
601 2691 73 5978
602 2701 74 6024
603 2714 74 6069
604 2716 74 6126
605 2708 76 6177
606 2719 76 6216
607 2723 76 6261
608 2736 77 6304
609 2779 77 6331
610 2801 78 6373
611 2827 80 6414
612 2832 80 6454
613 2839 80 6501
614 2864 81 6532
615 2889 81 6570
616 2906 82 6609
617 2931 82 6653
618 2940 83 6698
619 2951 83 6745
620 2989 83 6775
621 2999 85 6817
622 3019 85 6853
623 3036 85 6902
624 3045 85 6956
625 3059 85 7001
626 3059 85 7057
627 3084 86 7101
628 3115 86 7139
629 3129 86 7192
630 3149 87 7239
631 3161 88 7292
632 3173 88 7351
633 3192 88 7392
634 3226 88 7430
635 3226 88 7500
636 3250 89 7544
637 3278 89 7589
638 3294 89 7638
639 3324 89 7679
640 3334 90 7742
641 3336 90 7797
642 3351 90 7841
643 3375 90 7890
644 3392 93 7942
645 3411 93 7991
646 3430 93 8046
647 3438 93 8100
648 3447 94 8143
649 3478 94 8189
650 3503 96 8234
651 3522 97 8296
652 3549 98 8348
653 3576 99 8400
654 3601 102 8454
655 3648 102 8498
656 3666 103 8561
657 3687 105 8614
658 3709 107 8670
659 3735 107 8726
660 3775 107 8777
661 3797 107 8831
662 3816 108 8893
663 3838 108 8952
664 3859 108 9001
665 3884 108 9053
666 3905 109 9102
667 3948 109 9151
668 3970 109 9202
669 4010 109 9260
670 4027 110 9319
671 4052 112 9375
672 4084 112 9440
673 4131 112 9490
674 4177 112 9539
675 4212 112 9593
676 4234 112 9657
677 4247 113 9728
678 4270 113 9798
679 4285 116 9867
680 4301 116 9932
681 4332 116 9990
682 4376 116 10049
683 4415 116 10112
684 4439 116 10199
685 4472 118 10272
686 4514 119 10337
687 4549 121 10393
688 4588 121 10457
689 4617 121 10525
690 4648 123 10589
691 4677 123 10662
692 4723 123 10723
693 4757 123 10784
694 4794 124 10854
695 4797 125 10937
696 4833 127 11008
697 4864 127 11079
698 4897 127 11161
699 4925 128 11232
700 4976 128 11295
701 5006 129 11365