0 50 0 0
1 49 0 1
2 49 0 1
3 52 0 1
4 54 0 1
5 54 0 2
6 56 0 3
7 56 1 4
8 57 1 4
9 55 1 7
10 53 1 9
11 54 1 9
12 52 1 11
13 52 1 11
14 51 1 13
15 51 1 14
16 51 1 14
17 51 1 15
18 52 1 15
19 53 1 15
20 51 1 17
21 51 1 18
22 51 1 18
23 52 1 18
24 53 1 20
25 55 1 20
26 55 1 20
27 54 1 21
28 52 1 23
29 54 1 24
30 52 1 26
31 52 1 27
32 54 1 28
33 53 1 29
34 52 1 30
35 52 1 31
36 52 1 31
37 52 1 32
38 51 1 33
39 54 1 34
40 53 1 35
41 52 1 37
42 51 1 39
43 51 1 40
44 52 1 40
45 52 1 42
46 52 1 42
47 53 1 43
48 49 1 48
49 46 1 51
50 46 1 52
51 46 1 53
52 47 1 53
53 48 1 54
54 48 1 54
55 49 1 54
56 50 1 54
57 49 1 55
58 50 1 55
59 50 1 55
60 51 1 55
61 51 1 56
62 50 1 57
63 50 1 58
64 50 1 58
65 51 1 58
66 52 1 58
67 54 1 59
68 54 1 60
69 54 1 61
70 55 1 61
71 55 1 61
72 59 1 61
73 60 1 61
74 60 1 62
75 59 1 63
76 58 1 64
77 58 1 64
78 61 1 64
79 61 1 65
80 62 1 66
81 64 1 66
82 65 1 67
83 64 1 70
84 65 1 72
85 66 1 73
86 67 1 74
87 66 1 76
88 67 1 77
89 69 1 77
90 69 1 78
91 71 1 79
92 71 1 80
93 72 1 81
94 73 1 82
95 74 1 82
96 75 1 84
97 75 1 86
98 75 1 87
99 74 1 89
100 74 1 90
101 74 1 91
102 77 1 92
103 77 1 95
104 76 1 97
105 80 1 97
106 81 1 98
107 81 1 100
108 80 1 102
109 82 1 102
110 81 1 104
111 83 1 104
112 84 1 104
113 84 1 106
114 83 1 107
115 83 1 109
116 85 1 111
117 86 1 112
118 89 1 112
119 89 1 113
120 88 1 115
121 85 1 118
122 86 1 118
123 86 1 120
124 85 1 122
125 87 1 122
126 85 1 125
127 83 1 127
128 82 1 128
129 82 1 130
130 83 1 130
131 84 1 131
132 83 1 133
133 83 1 134
134 83 1 137
135 83 1 140
136 79 1 145
137 79 1 146
138 80 1 148
139 81 1 148
140 81 1 148
141 82 1 150
142 83 1 152
143 83 1 152
144 85 1 154
145 85 1 155
146 86 1 155
147 86 1 156
148 91 1 156
149 91 1 157
150 91 1 159
151 94 1 159
152 98 1 160
153 98 1 160
154 97 1 162
155 102 1 162
156 103 1 162
157 102 1 164
158 108 1 164
159 107 1 166
160 108 1 167
161 108 1 167
162 107 1 169
163 107 1 171
164 107 1 172
165 106 1 174
166 107 1 175
167 108 1 177
168 107 1 180
169 106 1 181
170 106 1 181
171 104 1 184
172 106 1 185
173 107 1 186
174 107 1 189
175 110 1 189
176 112 1 191
177 112 1 194
178 115 1 194
179 116 1 197
180 117 1 199
181 121 1 199
182 125 1 200
183 127 1 202
184 131 1 202
185 131 1 204
186 133 1 206
187 135 1 209
188 132 1 213
189 129 1 217
190 128 1 220
191 129 1 221
192 129 1 226
193 133 1 227
194 131 1 231
195 134 1 232
196 134 1 234
197 133 1 237
198 133 1 241
199 132 1 243
200 130 1 246
201 128 1 251
202 126 1 256
203 127 1 258
204 129 1 259
205 132 1 261
206 134 1 262
207 135 1 264
208 135 1 266
209 135 1 268
210 135 1 271
211 136 1 272
212 139 1 273
213 140 1 275
214 142 1 276
215 145 1 278
216 146 1 281
217 150 1 284
218 148 1 287
219 150 1 289
220 150 1 294
221 153 1 296
222 151 1 301
223 151 1 302
224 151 1 305
225 149 1 308
226 150 1 310
227 151 1 315
228 153 1 318
229 156 1 319
230 152 1 324
231 155 1 325
232 159 1 326
233 158 1 328
234 157 1 331
235 159 1 331
236 159 1 333
237 161 1 334
238 163 1 335
239 166 1 337
240 166 1 339
241 167 1 340
242 167 1 344
243 169 1 344
244 170 1 347
245 166 1 354
246 167 1 356
247 167 1 358
248 169 1 358
249 166 1 363
250 166 1 365
251 168 1 365
252 168 1 367
253 172 1 370
254 177 1 372
255 179 1 373
256 182 1 374
257 184 1 377
258 186 1 379
259 194 1 380
260 194 1 385
261 196 1 386
262 199 1 386
263 199 1 390
264 206 1 390
265 211 1 392
266 211 1 396
267 207 1 403
268 207 1 407
269 210 1 410
270 210 1 411
271 208 1 417
272 209 1 418
273 210 1 421
274 213 1 423
275 212 1 426
276 216 1 426
277 216 1 429
278 216 1 433
279 217 1 435
280 219 1 437
281 216 1 443
282 219 1 447
283 220 1 450
284 226 1 454
285 226 1 457
286 224 1 464
287 223 1 469
288 224 1 471
289 226 1 473
290 231 1 475
291 233 1 477
292 236 1 480
293 238 1 481
294 239 1 485
295 241 1 488
296 242 1 492
297 243 1 497
298 250 1 499
299 255 1 500
300 258 1 503
301 259 1 508
302 264 1 511
303 262 1 519
304 262 1 525
305 265 1 527
306 268 1 530
307 271 1 532
308 273 1 538
309 271 1 545
310 271 1 547
311 276 1 551
312 272 1 557
313 275 1 562
314 279 1 565
315 284 1 569
316 287 1 571
317 294 1 572
318 288 1 580
319 283 1 589
320 273 1 602
321 273 1 611
322 271 1 618
323 271 1 624
324 268 1 629
325 270 1 632
326 278 1 635
327 275 1 641
328 275 1 647
329 272 1 657
330 278 1 660
331 282 1 662
332 283 1 668
333 282 1 675
334 282 1 678
335 285 1 682
336 286 1 687
337 282 1 695
338 281 1 698
339 283 1 701
340 284 1 706
341 290 1 707
342 293 1 711
343 297 1 714
344 299 1 721
345 301 1 723
346 302 1 727
347 305 1 728
348 303 1 737
349 301 1 742
350 307 1 743
351 311 1 745
352 310 1 752
353 314 1 755
354 312 1 763
355 312 1 769
356 313 1 773
357 315 1 780
358 308 1 789
359 311 1 794
360 314 1 797
361 310 1 807
362 314 1 812
363 317 1 815
364 319 1 820
365 326 1 823
366 328 1 828
367 333 1 833
368 341 1 835
369 346 1 841
370 347 1 845
371 346 1 852
372 343 1 858
373 343 1 863
374 346 1 867
375 349 1 871
376 358 1 871
377 365 1 874
378 366 1 879
379 371 1 883
380 380 1 885
381 378 1 890
382 373 1 900
383 372 1 904
384 375 1 907
385 384 1 911
386 389 1 914
387 391 1 923
388 392 1 929
389 395 1 938
390 389 1 947
391 387 1 953
392 390 1 958
393 395 1 961
394 398 1 964
395 401 1 969
396 402 1 973
397 409 1 977
398 414 1 982
399 420 1 987
400 417 1 1000
401 422 1 1004
402 424 1 1010
403 430 1 1010
404 436 1 1014
405 448 1 1017
406 450 1 1022
407 456 1 1025
408 460 1 1031
409 461 1 1039
410 463 1 1043
411 461 1 1053
412 464 1 1061
413 472 1 1065
414 477 1 1073
415 480 1 1080
416 488 1 1089
417 488 1 1095
418 489 1 1104
419 494 1 1112
420 492 1 1124
421 492 1 1130
422 499 1 1134
423 496 1 1145
424 508 1 1150
425 510 1 1159
426 506 1 1169
427 509 1 1175
428 510 1 1181
429 519 1 1186
430 520 1 1195
431 529 1 1203
432 524 1 1219
433 525 1 1228
434 533 1 1237
435 539 1 1249
436 544 1 1256
437 548 1 1260
438 549 1 1270
439 559 1 1278
440 567 1 1284
441 575 1 1287
442 578 1 1296
443 579 1 1306
444 585 1 1314
445 592 1 1320
446 596 1 1330
447 602 1 1339
448 601 1 1354
449 611 1 1360
450 619 1 1363
451 631 1 1371
452 628 1 1386
453 637 1 1394
454 643 1 1400
455 642 1 1414
456 646 1 1421
457 650 1 1434
458 645 1 1450
459 652 1 1458
460 657 1 1471
461 659 1 1482
462 675 1 1488
463 683 1 1494
464 685 1 1504
465 693 1 1510
466 698 1 1518
467 706 1 1527
468 707 1 1539
469 712 1 1553
470 713 1 1565
471 719 1 1574
472 722 1 1586
473 725 1 1597
474 734 1 1608
475 735 1 1620
476 742 1 1626
477 757 1 1632
478 762 1 1644
479 767 1 1656
480 767 1 1673
481 772 1 1686
482 799 1 1693
483 799 1 1707
484 799 1 1722
485 801 1 1735
486 802 1 1748
487 806 1 1758
488 815 1 1770
489 830 1 1776
490 824 1 1795
491 836 1 1805
492 849 1 1813
493 853 1 1824
494 853 1 1834
495 868 1 1840
496 876 1 1849
497 885 1 1861
498 894 1 1875
499 894 1 1892
500 905 1 1905
501 909 1 1918
502 920 1 1929
503 931 2 1943
504 947 2 1955
505 955 2 1967
506 965 2 1977
507 972 2 1987
508 969 2 2006
509 971 2 2023
510 982 2 2038
511 988 2 2047
512 1001 2 2059
513 1003 3 2080
514 1003 4 2097
515 1002 4 2119
516 1003 4 2132
517 1012 4 2146
518 1021 4 2159
519 1029 4 2172
520 1035 4 2188
521 1027 4 2205
522 1035 4 2216
523 1037 4 2230
524 1043 4 2249
525 1047 4 2267
526 1043 4 2289
527 1050 4 2307
528 1056 4 2320
529 1058 4 2339
530 1066 4 2357
531 1076 4 2369
532 1079 4 2389
533 1074 4 2410
534 1081 4 2429
535 1081 4 2451
536 1091 4 2467
537 1104 4 2481
538 1109 4 2499
539 1111 4 2523
540 1118 4 2540
541 1125 4 2553
542 1131 4 2565
543 1142 4 2581
544 1143 5 2597
545 1154 5 2612
546 1158 5 2628
547 1158 5 2645
548 1164 5 2663
549 1178 5 2675
550 1194 5 2688
551 1201 5 2710
552 1205 5 2738
553 1218 5 2754
554 1227 5 2772
555 1229 5 2794
556 1225 5 2819
557 1224 5 2835
558 1246 5 2851
559 1254 5 2863
560 1275 5 2877
561 1292 5 2894
562 1291 5 2916
563 1299 5 2939
564 1313 5 2955
565 1330 5 2974
566 1344 5 2991
567 1353 5 3007
568 1355 5 3034
569 1374 5 3052
570 1389 5 3068
571 1401 5 3091
572 1414 5 3105
573 1429 5 3128
574 1440 5 3145
575 1468 5 3158
576 1485 5 3176
577 1497 5 3195
578 1504 6 3225
579 1509 6 3249
580 1521 6 3267
581 1527 6 3293
582 1537 7 3314
583 1544 7 3345
584 1545 7 3363
585 1551 7 3390
586 1553 7 3414
587 1575 7 3433
588 1575 7 3466
589 1583 7 3485
590 1589 7 3508
591 1593 8 3536
592 1595 8 3561
593 1613 8 3585
594 1617 9 3611
595 1634 10 3636
596 1647 10 3666
597 1640 11 3704
598 1648 11 3728
599 1663 11 3750
600 1678 11 3774
601 1675 13 3812
602 1680 13 3843
603 1685 13 3872
604 1681 13 3905
605 1680 13 3935
606 1688 13 3956
607 1698 13 3974
608 1712 13 3994
609 1719 14 4026
610 1732 14 4054
611 1730 14 4084
612 1727 14 4120
613 1738 14 4146
614 1741 14 4174
615 1759 14 4208
616 1775 14 4225
617 1778 14 4256
618 1787 14 4285
619 1786 14 4322
620 1784 14 4354
621 1789 14 4389
622 1807 14 4411
623 1827 14 4440
624 1847 14 4465
625 1864 14 4483
626 1873 14 4518
627 1885 15 4538
628 1889 16 4569
629 1886 16 4608
630 1881 16 4642
631 1896 16 4667
632 1899 17 4694
633 1901 18 4726
634 1916 19 4752
635 1921 19 4787
636 1928 19 4818
637 1934 19 4842
638 1949 19 4862
639 1973 19 4888
640 1991 19 4911
641 2002 19 4948
642 2015 19 4984
643 2015 20 5024
644 2038 20 5060
645 2050 20 5087
646 2063 20 5124
647 2065 20 5155
648 2066 20 5197
649 2094 20 5224
650 2113 20 5255
651 2127 20 5282
652 2147 20 5310
653 2158 20 5345
654 2161 20 5380
655 2171 20 5407
656 2171 20 5442
657 2185 20 5477
658 2206 20 5498
659 2239 22 5525
660 2232 22 5565
661 2259 22 5593
662 2265 23 5625
663 2276 23 5669
664 2290 23 5704
665 2290 24 5740
666 2293 24 5781
667 2306 25 5821
668 2307 25 5859
669 2322 25 5888
670 2335 25 5922
671 2368 25 5950
672 2391 25 5984
673 2395 25 6024
674 2411 25 6052
675 2428 25 6093
676 2447 25 6123
677 2454 26 6155
678 2464 26 6195
679 2469 26 6234
680 2497 26 6274
681 2510 26 6310
682 2513 26 6348
683 2519 26 6392
684 2541 26 6428
685 2563 26 6467
686 2568 26 6511
687 2583 26 6549
688 2595 26 6590
689 2619 26 6623
690 2652 26 6665
691 2681 26 6695
692 2717 26 6724
693 2730 26 6770
694 2751 27 6812
695 2787 27 6844
696 2791 28 6883
697 2801 28 6937
698 2815 28 6978
699 2852 29 7005
700 2867 30 7046
701 2876 30 7092
702 2899 31 7132
703 2923 31 7172
704 2953 31 7206
705 2984 32 7246
706 3000 32 7281
707 3015 32 7324
708 3028 32 7368
709 3057 33 7413
710 3073 34 7462
711 3096 34 7505
712 3125 35 7544
713 3148 36 7593
714 3182 36 7638
715 3191 36 7692
716 3220 36 7735
717 3260 36 7780
718 3267 37 7828
719 3263 37 7892
720 3300 37 7933
721 3330 37 7975
722 3372 37 8014
723 3382 37 8062
724 3396 38 8116
725 3424 38 8165
726 3452 38 8219
727 3487 38 8265
728 3521 38 8310
729 3562 38 8359
730 3595 38 8411
731 3623 39 8462
732 3661 39 8512
733 3688 39 8569
734 3701 40 8631
735 3735 41 8686
736 3774 41 8741
737 3797 42 8792
738 3816 42 8855
739 3843 43 8920
740 3864 44 8983
741 3874 45 9047
742 3915 47 9104
743 3960 47 9153
744 3973 48 9216
745 3998 48 9279
746 4023 49 9350
747 4060 49 9401
748 4066 50 9475
749 4110 50 9530
750 4148 50 9593
751 4177 50 9657
752 4209 50 9729
753 4240 51 9788
754 4271 51 9858
755 4315 52 9922
756 4348 53 9973
757 4363 53 10054
758 4388 54 10112
759 4400 55 10192
760 4402 55 10268
761 4432 55 10333
762 4468 56 10396
763 4488 56 10464
764 4514 56 10544
765 4540 56 10617
766 4574 56 10677
767 4601 57 10755
768 4638 57 10818
769 4678 57 10877
770 4722 57 10947
771 4744 57 11026
772 4755 57 11106
773 4804 58 11161
774 4847 58 11227
775 4892 58 11290
776 4931 58 11360
777 4965 58 11442
778 4985 59 11521
779 5038 59 11586