0 50 0 0
1 49 0 2
2 49 0 2
3 49 0 3
4 49 0 3
5 49 0 4
6 50 0 5
7 49 0 6
8 50 0 6
9 48 0 8
10 47 0 9
11 47 0 9
12 47 0 9
13 47 0 10
14 50 0 10
15 49 0 11
16 48 0 12
17 48 0 12
18 49 0 13
19 48 1 13
20 46 1 16
21 46 1 16
22 46 1 17
23 47 1 17
24 47 1 18
25 48 1 18
26 48 1 18
27 48 1 18
28 48 1 19
29 48 1 19
30 47 1 21
31 49 1 21
32 50 1 21
33 49 1 22
34 49 1 23
35 49 1 24
36 47 2 25
37 47 2 26
38 47 2 26
39 46 2 27
40 50 2 27
41 50 2 27
42 48 2 29
43 48 2 29
44 47 2 30
45 47 2 31
46 48 2 31
47 49 2 32
48 48 3 32
49 49 3 32
50 48 3 33
51 48 3 33
52 48 3 35
53 48 3 35
54 48 3 35
55 47 3 37
56 47 3 37
57 49 3 37
58 49 3 37
59 50 3 38
60 48 3 40
61 48 3 42
62 51 3 43
63 54 3 43
64 53 3 45
65 51 3 47
66 50 3 48
67 50 3 49
68 49 3 51
69 48 3 53
70 49 3 53
71 48 3 54
72 49 3 54
73 49 3 55
74 50 3 55
75 49 3 58
76 50 3 61
77 51 3 62
78 51 3 62
79 51 3 63
80 50 3 65
81 48 3 67
82 48 3 67
83 49 3 68
84 50 3 69
85 51 3 69
86 50 3 70
87 51 3 71
88 53 3 71
89 53 3 72
90 53 3 72
91 54 3 73
92 54 3 73
93 52 3 75
94 53 3 75
95 52 3 77
96 52 3 78
97 52 3 78
98 52 3 78
99 52 3 78
100 53 3 78
101 54 3 78
102 53 4 79
103 57 4 80
104 61 4 80
105 63 4 80
106 63 4 81
107 62 4 83
108 65 4 83
109 66 4 83
110 65 4 85
111 65 4 87
112 65 4 87
113 67 4 87
114 70 4 87
115 71 4 87
116 70 4 91
117 71 4 92
118 71 4 94
119 73 4 96
120 74 4 97
121 75 4 97
122 74 5 97
123 75 5 98
124 76 5 98
125 77 5 98
126 77 5 98
127 77 5 100
128 75 5 103
129 74 5 106
130 77 5 106
131 78 5 107
132 77 5 110
133 79 5 110
134 78 5 112
135 80 5 112
136 82 5 113
137 81 5 115
138 83 5 115
139 85 5 115
140 84 6 116
141 81 7 118
142 83 7 118
143 82 7 119
144 84 7 120
145 84 7 120
146 82 7 122
147 83 7 124
148 83 8 124
149 83 8 124
150 85 8 124
151 85 8 126
152 85 8 127
153 82 8 130
154 85 8 131
155 84 8 133
156 82 8 136
157 83 8 136
158 82 8 139
159 82 8 139
160 84 8 140
161 84 8 140
162 83 9 141
163 82 9 143
164 84 9 143
165 81 9 147
166 80 9 149
167 82 9 149
168 84 9 149
169 86 9 149
170 88 9 149
171 88 9 151
172 91 9 152
173 93 9 153
174 94 9 154
175 94 9 156
176 96 9 157
177 94 10 159
178 94 10 160
179 93 10 163
180 93 10 166
181 92 10 168
182 92 10 169
183 94 10 170
184 95 10 172
185 92 10 175
186 94 10 176
187 94 10 177
188 97 10 177
189 100 10 178
190 97 10 181
191 95 10 184
192 94 10 186
193 94 10 187
194 92 10 189
195 94 10 190
196 95 10 190
197 94 10 193
198 94 10 196
199 93 10 198
200 97 10 198
201 97 10 200
202 97 10 202
203 97 10 203
204 96 10 205
205 96 10 205
206 96 10 208
207 94 10 210
208 97 10 210
209 97 10 212
210 98 10 212
211 97 10 213
212 97 10 214
213 91 10 220
214 91 10 222
215 95 10 222
216 95 10 225
217 101 10 227
218 101 10 229
219 102 10 230
220 102 10 231
221 102 10 234
222 105 10 235
223 108 10 236
224 108 10 237
225 110 10 239
226 109 10 241
227 106 10 246
228 104 10 248
229 104 10 249
230 110 10 251
231 110 10 253
232 113 10 256
233 117 10 257
234 117 10 259
235 117 10 261
236 119 10 261
237 120 10 261
238 121 10 265
239 126 10 266
240 129 10 267
241 134 10 267
242 135 10 269
243 133 10 273
244 134 10 274
245 135 10 274
246 136 10 277
247 137 10 280
248 136 10 283
249 133 10 287
250 133 10 291
251 132 10 294
252 133 10 295
253 130 10 299
254 132 10 300
255 138 10 301
256 139 10 302
257 139 10 304
258 140 10 305
259 141 10 307
260 144 10 309
261 145 10 312
262 142 10 315
263 139 10 318
264 141 10 319
265 141 10 321
266 142 10 322
267 143 10 323
268 142 10 327
269 141 10 332
270 139 10 335
271 140 10 337
272 147 10 338
273 151 10 339
274 152 10 340
275 150 10 344
276 150 10 346
277 148 10 350
278 145 10 354
279 148 10 355
280 146 10 357
281 148 10 359
282 151 10 359
283 153 10 362
284 154 10 366
285 156 10 367
286 156 10 369
287 156 10 371
288 154 10 374
289 155 10 378
290 159 10 380
291 163 10 381
292 165 10 383
293 172 10 383
294 176 10 384
295 177 10 386
296 173 10 393
297 173 10 398
298 178 10 398
299 179 10 399
300 180 10 400
301 181 10 403
302 184 10 408
303 183 11 413
304 181 11 419
305 186 11 422
306 192 11 424
307 196 11 424
308 196 11 430
309 201 11 433
310 205 11 434
311 210 11 437
312 217 11 438
313 219 11 442
314 218 11 448
315 219 11 451
316 223 11 453
317 232 11 453
318 227 11 461
319 224 11 469
320 227 11 471
321 232 11 473
322 238 11 475
323 240 12 480
324 239 12 486
325 239 13 491
326 246 13 494
327 243 14 498
328 247 15 500
329 257 15 503
330 257 15 509
331 259 15 512
332 260 15 519
333 261 16 520
334 260 16 526
335 261 16 530
336 264 16 533
337 258 16 541
338 264 16 543
339 267 16 546
340 266 17 550
341 270 17 553
342 272 17 556
343 276 17 558
344 280 17 564
345 285 17 568
346 288 17 572
347 286 17 578
348 288 17 585
349 293 17 588
350 292 17 596
351 297 17 599
352 304 17 604
353 307 17 610
354 311 17 613
355 316 17 614
356 322 17 621
357 317 17 630
358 322 17 632
359 328 17 635
360 329 17 639
361 335 17 642
362 339 17 643
363 341 17 648
364 341 17 653
365 344 17 661
366 343 17 669
367 344 17 675
368 346 17 682
369 347 18 688
370 347 18 694
371 342 18 703
372 348 18 708
373 351 18 712
374 352 18 720
375 355 18 724
376 360 18 726
377 366 18 727
378 368 18 732
379 373 18 734
380 375 18 738
381 381 18 740
382 385 18 746
383 393 18 749
384 403 18 751
385 408 18 755
386 410 18 762
387 412 18 768
388 414 18 777
389 415 19 784
390 420 19 793
391 427 19 799
392 427 19 808
393 431 19 811
394 434 19 818
395 439 19 824
396 449 19 827
397 455 19 834
398 468 19 836
399 470 19 841
400 474 19 846
401 472 19 854
402 479 19 864
403 483 19 869
404 493 19 875
405 498 19 883
406 496 19 895
407 503 19 903
408 510 19 907
409 509 19 918
410 511 19 926
411 510 19 935
412 516 19 939
413 526 19 944
414 530 19 952
415 538 19 956
416 544 19 966
417 547 19 972
418 553 19 980
419 553 19 991
420 552 19 1001
421 550 19 1009
422 555 19 1015
423 561 19 1021
424 564 19 1028
425 569 19 1037
426 568 19 1052
427 571 19 1059
428 575 19 1067
429 587 19 1073
430 590 19 1083
431 601 19 1091
432 607 19 1098
433 610 19 1108
434 616 19 1112
435 622 19 1122
436 626 19 1127
437 634 19 1135
438 634 19 1144
439 645 19 1148
440 645 19 1157
441 635 19 1173
442 647 19 1184
443 654 19 1189
444 653 19 1201
445 658 19 1210
446 662 19 1223
447 671 19 1231
448 670 19 1246
449 669 19 1258
450 673 19 1273
451 678 19 1283
452 679 19 1294
453 687 19 1302
454 695 19 1314
455 695 19 1325
456 700 19 1337
457 709 19 1349
458 702 19 1367
459 713 20 1376
460 717 20 1387
461 714 20 1398
462 714 20 1412
463 716 20 1425
464 718 20 1441
465 727 20 1447
466 728 20 1461
467 729 20 1476
468 729 20 1493
469 732 20 1504
470 737 20 1516
471 754 20 1523
472 759 20 1535
473 766 20 1546
474 775 20 1553
475 780 20 1566
476 795 20 1576
477 796 20 1594
478 809 20 1607
479 816 20 1622
480 821 21 1634
481 825 21 1649
482 824 22 1664
483 829 22 1675
484 828 22 1688
485 837 22 1702
486 848 22 1713
487 848 22 1725
488 858 22 1733
489 861 22 1748
490 877 22 1755
491 875 22 1774
492 878 22 1789
493 883 22 1805
494 886 22 1821
495 897 22 1832
496 901 22 1843
497 908 22 1854
498 923 22 1864
499 926 22 1878
500 924 23 1898
501 931 23 1914
502 938 23 1929
503 946 23 1939
504 952 23 1954
505 952 23 1969
506 952 23 1987
507 954 23 2007
508 954 23 2024
509 954 23 2038
510 965 23 2052
511 970 23 2070
512 986 23 2080
513 999 23 2099
514 1020 23 2103
515 1025 23 2122
516 1038 23 2140
517 1055 23 2154
518 1060 23 2170
519 1069 23 2185
520 1074 24 2206
521 1082 24 2224
522 1081 24 2245
523 1092 24 2254
524 1103 24 2268
525 1122 24 2280
526 1131 24 2295
527 1143 24 2313
528 1149 24 2332
529 1164 24 2349
530 1173 24 2364
531 1180 24 2378
532 1187 24 2399
533 1203 24 2416
534 1200 25 2445
535 1216 25 2467
536 1223 25 2488
537 1227 25 2508
538 1239 25 2526
539 1242 25 2545
540 1242 25 2570
541 1250 25 2590
542 1258 25 2609
543 1263 25 2626
544 1277 25 2643
545 1289 25 2662
546 1296 26 2678
547 1303 26 2700
548 1312 26 2716
549 1316 26 2733
550 1324 26 2754
551 1323 26 2781
552 1322 27 2806
553 1317 27 2824
554 1321 27 2846
555 1330 27 2870
556 1326 27 2896
557 1331 27 2919
558 1336 28 2938
559 1339 28 2958
560 1349 29 2981
561 1354 29 3003
562 1359 31 3017
563 1362 31 3039
564 1376 31 3061
565 1396 31 3078
566 1399 31 3095
567 1412 32 3110
568 1421 32 3130
569 1426 33 3150
570 1431 33 3178
571 1430 33 3206
572 1438 33 3228
573 1441 35 3260
574 1459 35 3277
575 1467 35 3294
576 1478 36 3313
577 1493 36 3330
578 1493 36 3356
579 1498 36 3379
580 1498 37 3401
581 1518 37 3424
582 1528 37 3445
583 1540 37 3463
584 1545 37 3484
585 1561 38 3510
586 1571 38 3536
587 1583 39 3559
588 1594 40 3586
589 1605 40 3614
590 1610 41 3643
591 1615 42 3668
592 1627 42 3696
593 1641 42 3717
594 1666 42 3739
595 1681 42 3764
596 1701 42 3788
597 1718 42 3810
598 1720 43 3838
599 1728 43 3865
600 1738 45 3890
601 1738 47 3920
602 1737 49 3955
603 1757 49 3978
604 1773 49 3999
605 1788 49 4022
606 1796 49 4057
607 1796 49 4088
608 1813 49 4123
609 1824 49 4151
610 1847 49 4171
611 1856 50 4197
612 1872 50 4229
613 1885 51 4260
614 1886 51 4286
615 1907 51 4304
616 1912 52 4330
617 1924 52 4356
618 1937 53 4395
619 1949 54 4425
620 1957 54 4456
621 1985 55 4482
622 1988 55 4519
623 2004 55 4545
624 2020 55 4574
625 2021 55 4614
626 2028 57 4643
627 2040 57 4673
628 2064 57 4697
629 2079 57 4734
630 2096 58 4758
631 2125 59 4781
632 2135 60 4816
633 2146 60 4850
634 2167 60 4882
635 2181 61 4918
636 2186 62 4963
637 2212 62 4990
638 2226 63 5020
639 2251 63 5053
640 2255 65 5092
641 2279 65 5115
642 2301 65 5147
643 2310 66 5180
644 2323 67 5216
645 2320 69 5253
646 2335 69 5289
647 2349 69 5334
648 2355 70 5378
649 2385 70 5410
650 2407 71 5443
651 2407 73 5488
652 2422 74 5527
653 2430 74 5565
654 2460 75 5594
655 2474 75 5631
656 2482 78 5673
657 2486 79 5715
658 2503 80 5752
659 2509 80 5800
660 2530 81 5836
661 2533 81 5877
662 2556 83 5906
663 2562 85 5953
664 2589 86 5980
665 2601 88 6022
666 2617 89 6063
667 2651 90 6107
668 2660 91 6148
669 2679 93 6187
670 2695 94 6219
671 2724 96 6253
672 2735 98 6300
673 2741 99 6339
674 2758 99 6369
675 2783 99 6400
676 2805 101 6442
677 2821 102 6482
678 2844 102 6518
679 2851 105 6567
680 2877 107 6613
681 2893 108 6655
682 2905 110 6701
683 2921 110 6742
684 2935 110 6777
685 2945 110 6832
686 2968 111 6870
687 2993 112 6913
688 3022 112 6953
689 3040 114 6997
690 3053 116 7049
691 3070 117 7099
692 3086 118 7139
693 3117 119 7179
694 3138 119 7215
695 3175 119 7254
696 3188 121 7305
697 3225 121 7343
698 3245 121 7401
699 3279 122 7445
700 3304 123 7485
701 3333 124 7531
702 3351 127 7581
703 3362 129 7636
704 3393 130 7676
705 3412 130 7737
706 3420 130 7795
707 3437 130 7843
708 3448 132 7908
709 3458 132 7972
710 3492 133 8018
711 3509 133 8086
712 3550 134 8141
713 3565 134 8187
714 3594 136 8237
715 3618 136 8302
716 3639 136 8360
717 3663 137 8418
718 3694 138 8464
719 3726 139 8517
720 3737 141 8570
721 3752 144 8628
722 3761 144 8680
723 3780 144 8737
724 3810 144 8782
725 3829 144 8843
726 3848 144 8897
727 3866 144 8968
728 3925 144 9011
729 3956 145 9062
730 3969 148 9122
731 3998 148 9183
732 4041 148 9240
733 4065 149 9292
734 4073 151 9361
735 4086 151 9428
736 4099 152 9492
737 4137 152 9546
738 4184 152 9605
739 4201 152 9676
740 4231 152 9744
741 4226 152 9817
742 4248 152 9883
743 4259 153 9958
744 4295 154 10014
745 4318 154 10082
746 4374 155 10128
747 4384 156 10203
748 4434 156 10258
749 4444 156 10326
750 4479 157 10387
751 4487 158 10477
752 4508 160 10557
753 4519 161 10633
754 4554 161 10703
755 4581 162 10771
756 4598 163 10852
757 4635 164 10931
758 4691 164 10997
759 4717 164 11071
760 4738 164 11153
761 4740 165 11235
762 4776 166 11300
763 4765 166 11392
764 4791 167 11461
765 4803 167 11549
766 4823 167 11637
767 4862 167 11705
768 4903 167 11785
769 4936 167 11866
770 4968 169 11941
771 4973 170 12020
772 5005 170 12106