0 50 0 0
1 52 0 0
2 49 0 3
3 49 0 3
4 48 1 5
5 48 3 5
6 50 3 5
7 49 3 7
8 51 3 7
9 52 3 7
10 50 4 8
11 51 4 8
12 50 5 8
13 48 5 12
14 48 5 12
15 49 5 13
16 49 5 13
17 48 5 15
18 47 5 17
19 46 6 17
20 45 6 18
21 48 6 18
22 48 6 18
23 50 6 18
24 49 6 20
25 50 6 20
26 50 6 21
27 49 6 22
28 48 6 23
29 49 7 23
30 51 7 24
31 52 7 25
32 51 7 27
33 55 7 27
34 56 7 27
35 58 7 27
36 57 7 28
37 58 7 28
38 58 8 28
39 59 8 28
40 61 8 28
41 61 9 28
42 61 9 29
43 62 9 30
44 62 9 31
45 64 9 31
46 64 9 31
47 65 9 32
48 68 9 32
49 69 9 32
50 69 9 32
51 70 9 34
52 70 9 36
53 69 10 39
54 72 10 39
55 74 10 40
56 74 10 41
57 74 10 41
58 76 10 41
59 74 10 43
60 75 10 43
61 78 10 44
62 79 10 44
63 80 11 44
64 80 11 45
65 79 11 46
66 80 11 47
67 80 11 48
68 77 12 50
69 80 12 50
70 80 12 51
71 79 12 53
72 79 12 55
73 79 12 56
74 80 12 57
75 79 13 58
76 78 13 61
77 76 13 65
78 77 13 66
79 76 14 67
80 76 14 67
81 75 14 69
82 75 14 70
83 76 14 70
84 78 14 70
85 79 14 71
86 79 15 71
87 81 15 72
88 81 15 73
89 81 15 73
90 79 15 76
91 78 15 77
92 77 15 78
93 77 15 79
94 79 15 80
95 76 15 83
96 75 15 84
97 76 15 84
98 74 15 86
99 79 15 86
100 77 15 88
101 77 16 90
102 81 16 90
103 82 16 90
104 84 16 90
105 85 16 90
106 85 16 91
107 83 16 93
108 79 16 97
109 79 16 97
110 81 16 97
111 81 17 97
112 80 17 98
113 79 17 99
114 78 17 100
115 76 17 102
116 75 17 103
117 76 17 103
118 76 17 104
119 78 17 104
120 79 17 105
121 76 17 109
122 76 18 109
123 76 18 110
124 77 18 111
125 78 18 111
126 81 18 111
127 82 18 111
128 81 18 112
129 82 18 112
130 82 18 114
131 83 18 114
132 83 18 118
133 90 18 118
134 90 18 119
135 92 18 119
136 93 18 120
137 95 18 120
138 95 18 121
139 95 19 121
140 96 19 121
141 97 19 123
142 94 19 127
143 94 19 130
144 94 19 131
145 94 19 133
146 92 19 137
147 92 19 138
148 94 19 138
149 94 19 140
150 93 19 141
151 95 19 142
152 100 19 142
153 105 19 144
154 105 20 145
155 106 20 148
156 104 20 151
157 107 20 154
158 106 21 157
159 107 21 157
160 110 21 158
161 111 21 161
162 114 21 161
163 113 21 163
164 112 21 166
165 111 21 168
166 110 21 170
167 114 21 170
168 113 21 172
169 115 21 173
170 112 21 177
171 115 21 178
172 116 21 179
173 114 21 181
174 113 21 185
175 113 21 187
176 112 21 191
177 111 21 194
178 111 21 194
179 111 21 197
180 112 21 198
181 113 21 200
182 116 21 202
183 116 21 203
184 115 21 205
185 119 21 205
186 119 21 207
187 120 21 209
188 122 21 211
189 122 21 213
190 119 21 217
191 121 21 218
192 122 21 220
193 121 21 223
194 123 21 225
195 126 21 226
196 128 21 229
197 125 22 234
198 125 22 236
199 129 22 238
200 130 23 240
201 136 23 240
202 136 23 243
203 136 23 243
204 137 23 245
205 137 23 248
206 138 23 251
207 139 23 254
208 140 24 256
209 141 25 258
210 139 26 261
211 139 27 261
212 137 29 264
213 136 30 267
214 136 31 269
215 137 31 271
216 135 31 276
217 137 31 278
218 140 31 279
219 142 31 279
220 143 31 283
221 142 31 286
222 145 31 287
223 146 31 289
224 147 31 290
225 148 31 292
226 145 31 297
227 145 31 302
228 146 31 304
229 145 31 307
230 143 32 311
231 145 32 312
232 142 33 314
233 145 35 314
234 144 35 319
235 145 35 323
236 146 35 326
237 148 35 327
238 149 35 330
239 149 35 333
240 153 35 335
241 153 35 336
242 154 35 338
243 153 35 341
244 151 35 343
245 152 35 344
246 152 35 346
247 154 35 347
248 155 35 348
249 154 35 351
250 153 35 354
251 150 35 358
252 145 35 365
253 151 35 366
254 153 35 368
255 154 35 370
256 153 35 372
257 157 36 373
258 153 36 377
259 155 36 380
260 154 36 383
261 157 36 385
262 159 36 386
263 156 36 390
264 158 36 390
265 157 36 393
266 160 36 395
267 157 36 401
268 158 36 404
269 161 36 406
270 161 36 408
271 162 36 408
272 163 36 410
273 162 36 413
274 159 36 418
275 161 36 418
276 164 36 418
277 163 36 421
278 165 36 423
279 161 36 429
280 159 36 436
281 156 36 440
282 155 36 444
283 153 36 447
284 152 36 449
285 151 36 453
286 153 36 454
287 152 36 458
288 155 36 459
289 158 36 459
290 160 36 461
291 164 36 462
292 164 36 466
293 166 36 469
294 165 36 472
295 165 36 473
296 165 36 477
297 165 36 481
298 168 36 482
299 169 36 485
300 166 36 489
301 170 36 491
302 172 36 492
303 175 36 493
304 175 36 494
305 174 36 497
306 176 36 498
307 184 36 498
308 187 36 501
309 190 36 504
310 192 36 505
311 192 36 507
312 194 36 507
313 192 36 509
314 195 36 511
315 197 36 512
316 199 36 513
317 198 36 517
318 204 37 518
319 204 37 522
320 198 38 530
321 194 38 535
322 194 38 539
323 194 38 543
324 194 38 548
325 199 38 551
326 201 38 555
327 204 38 558
328 203 38 562
329 199 38 569
330 203 38 573
331 202 38 577
332 200 38 581
333 199 38 585
334 199 38 589
335 203 38 590
336 203 38 593
337 203 38 598
338 208 38 601
339 212 38 604
340 215 38 604
341 215 38 607
342 214 38 609
343 215 38 614
344 218 38 616
345 220 38 619
346 229 38 619
347 232 38 624
348 233 38 628
349 238 38 632
350 240 38 634
351 238 38 639
352 242 38 640
353 243 38 643
354 247 38 647
355 252 38 651
356 254 38 653
357 257 38 656
358 257 38 661
359 256 39 665
360 255 39 670
361 258 39 672
362 266 39 675
363 264 39 679
364 263 39 686
365 260 39 690
366 261 39 693
367 258 39 700
368 262 39 704
369 262 39 706
370 265 39 708
371 264 39 712
372 262 40 717
373 266 40 719
374 267 41 723
375 270 41 727
376 270 41 731
377 274 41 735
378 271 41 738
379 273 41 742
380 274 41 745
381 277 42 749
382 279 42 751
383 282 42 755
384 285 42 759
385 287 42 761
386 292 42 764
387 291 42 769
388 293 42 775
389 298 42 779
390 303 42 783
391 302 42 789
392 306 42 791
393 302 42 801
394 305 42 805
395 307 42 808
396 305 42 813
397 307 42 817
398 311 42 820
399 311 42 826
400 308 43 830
401 313 43 832
402 313 43 841
403 316 43 844
404 317 43 849
405 318 44 855
406 322 44 860
407 323 45 867
408 330 45 869
409 339 45 872
410 343 46 877
411 345 46 880
412 342 46 888
413 339 46 895
414 340 46 902
415 343 46 905
416 345 46 908
417 348 46 911
418 351 46 919
419 363 46 923
420 367 46 928
421 377 46 933
422 384 46 941
423 385 46 951
424 381 46 958
425 385 46 960
426 384 46 967
427 391 46 970
428 393 46 976
429 398 46 981
430 402 46 984
431 408 47 987
432 404 47 998
433 401 47 1005
434 398 47 1012
435 400 47 1017
436 400 49 1022
437 402 49 1026
438 404 49 1032
439 410 49 1034
440 411 49 1043
441 414 49 1048
442 416 49 1057
443 418 49 1063
444 420 49 1067
445 431 49 1069
446 435 49 1073
447 438 49 1082
448 437 49 1091
449 442 50 1096
450 441 50 1102
451 445 50 1107
452 448 50 1114
453 442 50 1123
454 445 50 1128
455 445 51 1141
456 450 51 1145
457 453 51 1151
458 453 51 1163
459 450 51 1172
460 455 51 1176
461 458 52 1183
462 461 52 1190
463 465 52 1194
464 461 52 1203
465 466 53 1208
466 470 53 1214
467 470 53 1223
468 477 54 1224
469 481 54 1228
470 485 54 1240
471 489 55 1247
472 500 55 1248
473 500 56 1254
474 501 56 1259
475 503 56 1270
476 503 57 1278
477 509 58 1284
478 511 58 1291
479 509 58 1304
480 513 59 1310
481 518 60 1318
482 522 61 1325
483 522 62 1333
484 526 64 1338
485 528 64 1346
486 531 64 1353
487 530 64 1362
488 529 65 1374
489 530 65 1385
490 537 65 1392
491 546 65 1397
492 544 66 1405
493 550 66 1411
494 548 66 1424
495 556 66 1432
496 557 66 1440
497 556 66 1453
498 554 66 1459
499 569 66 1467
500 567 66 1479
501 572 66 1488
502 572 68 1496
503 571 68 1506
504 569 69 1518
505 566 69 1530
506 569 69 1540
507 567 69 1553
508 570 69 1563
509 574 69 1574
510 578 69 1585
511 575 69 1595
512 570 69 1604
513 572 69 1607
514 577 69 1619
515 583 69 1632
516 579 69 1644
517 577 69 1656
518 577 70 1667
519 578 70 1676
520 588 70 1680
521 589 70 1689
522 598 71 1693
523 610 71 1702
524 616 71 1709
525 616 71 1723
526 615 71 1735
527 619 72 1745
528 624 72 1757
529 625 72 1763
530 633 72 1770
531 642 72 1775
532 649 72 1780
533 647 72 1791
534 650 72 1805
535 649 72 1816
536 654 73 1827
537 653 73 1838
538 661 73 1848
539 665 73 1856
540 672 74 1861
541 678 74 1870
542 673 74 1886
543 680 74 1894
544 682 74 1905
545 684 74 1914
546 698 74 1922
547 713 74 1929
548 707 74 1945
549 720 74 1959
550 727 74 1970
551 738 74 1978
552 743 74 1991
553 748 75 2004
554 746 75 2020
555 760 75 2025
556 759 76 2037
557 766 76 2048
558 771 77 2059
559 768 77 2076
560 777 77 2087
561 779 77 2100
562 776 77 2115
563 780 77 2123
564 791 77 2134
565 794 77 2145
566 792 77 2164
567 795 78 2178
568 800 78 2188
569 803 79 2198
570 810 79 2211
571 812 79 2225
572 808 79 2238
573 812 79 2249
574 813 79 2265
575 818 79 2279
576 819 79 2295
577 826 79 2309
578 835 79 2323
579 837 79 2340
580 837 79 2358
581 841 80 2371
582 835 81 2387
583 835 82 2402
584 842 83 2410
585 844 83 2422
586 850 85 2429
587 858 85 2442
588 869 85 2452
589 867 85 2467
590 887 86 2476
591 894 87 2495
592 903 87 2510
593 914 87 2515
594 924 87 2527
595 939 87 2538
596 947 87 2544
597 945 88 2562
598 953 88 2580
599 957 88 2591
600 958 88 2612
601 969 88 2627
602 963 89 2647
603 973 89 2660
604 976 89 2677
605 984 89 2694
606 983 89 2713
607 995 90 2725
608 998 91 2747
609 1016 92 2757
610 1023 92 2771
611 1025 92 2784
612 1039 92 2794
613 1049 92 2810
614 1061 93 2820
615 1082 93 2831
616 1084 94 2851
617 1092 94 2866
618 1107 94 2880
619 1117 94 2892
620 1135 94 2902
621 1153 94 2915
622 1159 94 2929
623 1166 94 2945
624 1168 94 2966
625 1173 95 2984
626 1170 96 3004
627 1179 96 3021
628 1183 96 3041
629 1189 96 3055
630 1203 96 3064
631 1218 96 3080
632 1230 96 3096
633 1235 97 3114
634 1239 97 3131
635 1247 97 3148
636 1261 97 3163
637 1271 97 3184
638 1279 97 3201
639 1292 97 3221
640 1304 97 3240
641 1313 97 3257
642 1320 97 3275
643 1317 97 3300
644 1323 97 3317
645 1336 97 3338
646 1331 97 3369
647 1331 97 3387
648 1334 97 3412
649 1334 97 3433
650 1343 97 3451
651 1350 97 3473
652 1365 97 3492
653 1377 97 3519
654 1400 97 3529
655 1408 98 3546
656 1424 98 3566
657 1432 98 3585
658 1443 98 3606
659 1451 99 3627
660 1464 99 3643
661 1490 99 3660
662 1490 100 3684
663 1499 100 3712
664 1505 100 3738
665 1518 100 3760
666 1527 100 3782
667 1533 101 3807
668 1539 103 3831
669 1548 103 3854
670 1559 104 3882
671 1576 104 3901
672 1574 104 3925
673 1577 104 3952
674 1581 105 3978
675 1588 106 4005
676 1613 106 4024
677 1631 106 4050
678 1634 107 4080
679 1657 107 4100
680 1673 107 4121
681 1682 107 4143
682 1697 108 4174
683 1701 108 4204
684 1716 108 4221
685 1727 108 4249
686 1735 109 4273
687 1755 110 4291
688 1768 111 4315
689 1793 111 4333
690 1813 112 4359
691 1814 113 4393
692 1816 113 4428
693 1846 114 4459
694 1865 114 4488
695 1874 114 4516
696 1897 114 4539
697 1902 114 4572
698 1918 114 4602
699 1931 114 4630
700 1955 114 4650
701 1968 115 4681
702 1975 115 4710
703 1989 116 4733
704 1998 117 4768
705 2022 117 4793
706 2045 117 4815
707 2075 117 4837
708 2097 117 4867
709 2105 118 4900
710 2112 119 4937
711 2133 119 4964
712 2132 120 4995
713 2167 120 5019
714 2172 120 5055
715 2187 120 5100
716 2200 122 5124
717 2218 123 5156
718 2227 123 5194
719 2241 123 5225
720 2263 123 5256
721 2266 123 5291
722 2267 124 5326
723 2293 125 5349
724 2311 125 5382
725 2331 125 5413
726 2375 126 5442
727 2382 127 5480
728 2405 129 5507
729 2429 129 5544
730 2452 130 5577
731 2464 134 5612
732 2494 134 5646
733 2510 134 5682
734 2519 134 5734
735 2532 134 5779
736 2544 134 5818
737 2555 135 5849
738 2572 135 5887
739 2597 135 5924
740 2612 135 5969
741 2620 135 6017
742 2637 136 6057
743 2663 136 6098
744 2691 136 6141
745 2704 136 6182
746 2719 139 6224
747 2740 140 6258
748 2760 142 6296
749 2772 144 6334
750 2788 145 6392
751 2806 145 6431
752 2810 145 6476
753 2832 146 6515
754 2851 147 6567
755 2869 150 6603
756 2887 150 6647
757 2904 151 6690
758 2919 152 6738
759 2920 152 6789
760 2928 153 6845
761 2939 153 6891
762 2960 153 6931
763 2983 153 6970
764 2997 153 7020
765 3021 154 7066
766 3033 155 7114
767 3070 156 7148
768 3108 156 7189
769 3112 157 7245
770 3137 158 7293
771 3161 158 7343
772 3184 158 7390
773 3197 158 7440
774 3199 158 7501
775 3218 159 7545
776 3239 159 7596
777 3272 159 7638
778 3283 159 7697
779 3303 160 7746
780 3341 161 7797
781 3353 162 7860
782 3364 163 7921
783 3384 163 7980
784 3412 164 8031
785 3446 164 8082
786 3471 165 8131
787 3505 166 8175
788 3539 167 8232
789 3560 168 8283
790 3582 169 8333
791 3605 171 8390
792 3648 171 8446
793 3659 174 8501
794 3685 175 8553
795 3725 175 8600
796 3749 175 8661
797 3753 176 8733
798 3766 178 8792
799 3790 181 8856
800 3820 182 8921
801 3837 183 8992
802 3874 184 9042
803 3902 184 9111
804 3921 184 9175
805 3978 184 9224
806 4010 187 9281
807 4027 190 9349
808 4055 190 9402
809 4068 190 9469
810 4107 191 9533
811 4133 192 9590
812 4163 194 9652
813 4184 194 9709
814 4219 195 9774
815 4241 199 9850
816 4280 199 9916
817 4302 201 9971
818 4330 203 10033
819 4348 204 10104
820 4360 204 10174
821 4375 205 10250
822 4428 207 10313
823 4473 207 10379
824 4489 207 10442
825 4521 209 10507
826 4558 210 10578
827 4601 211 10634
828 4623 214 10707
829 4651 216 10780
830 4662 220 10854
831 4665 223 10922
832 4700 223 10980
833 4709 224 11062
834 4749 225 11118
835 4817 226 11176
836 4827 227 11257
837 4856 228 11326
838 4860 230 11418
839 4895 232 11488
840 4931 236 11553
841 4958 238 11618
842 5003 238 11696