0 50 0 0
1 50 0 2
2 49 0 3
3 48 0 4
4 48 0 4
5 47 0 5
6 48 0 6
7 50 1 6
8 47 1 10
9 48 1 10
10 47 1 11
11 49 1 11
12 51 1 11
13 51 1 12
14 52 1 12
15 52 1 13
16 52 1 13
17 52 1 13
18 54 1 13
19 55 1 13
20 55 1 14
21 55 1 15
22 53 1 17
23 54 1 17
24 54 1 18
25 54 1 19
26 55 1 20
27 53 1 22
28 52 1 24
29 51 1 25
30 51 1 26
31 50 1 28
32 51 2 28
33 51 2 29
34 50 2 31
35 52 2 32
36 53 2 32
37 53 2 32
38 56 2 32
39 56 2 33
40 59 2 35
41 59 2 37
42 59 2 38
43 59 2 39
44 59 2 41
45 61 2 41
46 63 2 41
47 62 2 42
48 61 2 44
49 61 2 44
50 62 2 44
51 62 2 45
52 64 2 46
53 64 2 46
54 64 2 48
55 64 2 49
56 66 2 49
57 68 2 49
58 68 2 51
59 70 2 51
60 69 2 52
61 70 2 52
62 70 2 52
63 70 2 52
64 72 2 53
65 73 2 53
66 72 2 55
67 73 2 56
68 75 2 56
69 76 2 56
70 74 2 58
71 74 2 60
72 73 2 61
73 74 2 61
74 76 2 61
75 78 2 62
76 78 2 63
77 81 2 63
78 80 2 65
79 78 2 67
80 82 2 67
81 81 2 68
82 83 2 68
83 83 2 69
84 83 2 71
85 85 2 72
86 89 2 73
87 90 2 73
88 94 2 73
89 94 2 73
90 94 2 75
91 92 2 77
92 93 2 77
93 100 2 77
94 97 2 80
95 98 2 81
96 99 2 81
97 99 2 82
98 100 2 83
99 104 2 84
100 106 2 85
101 107 2 88
102 104 2 92
103 103 2 93
104 102 2 96
105 102 2 98
106 100 2 101
107 100 2 103
108 102 2 104
109 105 2 106
110 106 2 106
111 105 2 108
112 105 2 110
113 108 2 110
114 111 2 112
115 112 2 113
116 115 2 113
117 116 2 115
118 119 2 116
119 119 2 118
120 118 2 119
121 121 2 120
122 122 2 120
123 123 2 122
124 126 2 123
125 126 2 126
126 124 2 129
127 126 2 131
128 126 2 134
129 129 2 135
130 132 2 135
131 127 2 141
132 126 2 144
133 129 2 145
134 130 2 146
135 129 2 148
136 132 2 149
137 137 2 150
138 138 2 152
139 141 2 153
140 143 2 154
141 145 2 156
142 146 2 158
143 146 2 162
144 143 2 166
145 146 2 170
146 144 2 173
147 147 2 174
148 148 2 176
149 148 2 179
150 148 2 182
151 148 2 184
152 148 2 186
153 148 2 188
154 148 2 189
155 146 2 192
156 145 2 195
157 144 2 199
158 148 2 200
159 148 2 202
160 150 2 202
161 154 2 205
162 156 2 207
163 155 2 209
164 155 2 212
165 155 2 214
166 157 2 217
167 162 2 217
168 162 2 221
169 160 2 224
170 162 2 227
171 160 2 231
172 161 2 233
173 163 2 234
174 165 2 236
175 169 2 237
176 170 2 241
177 169 2 246
178 175 2 248
179 172 2 251
180 176 2 252
181 177 2 254
182 174 2 258
183 178 2 260
184 177 2 264
185 179 2 268
186 183 2 268
187 180 2 273
188 180 2 276
189 182 2 278
190 183 3 279
191 186 3 281
192 187 3 283
193 192 3 284
194 195 3 288
195 195 3 291
196 196 3 295
197 197 3 298
198 197 3 300
199 196 3 303
200 197 3 306
201 199 3 309
202 201 3 311
203 207 3 311
204 207 3 316
205 206 3 320
206 201 3 328
207 202 3 328
208 204 3 331
209 207 3 332
210 206 3 335
211 205 3 340
212 210 3 340
213 208 3 344
214 212 3 345
215 213 3 349
216 218 3 353
217 220 3 355
218 221 3 360
219 226 3 362
220 225 3 367
221 225 3 368
222 227 3 371
223 225 3 376
224 231 3 380
225 237 3 382
226 237 3 387
227 236 3 394
228 239 3 399
229 240 3 404
230 239 3 411
231 242 3 414
232 248 3 415
233 242 3 422
234 244 3 424
235 246 3 427
236 244 3 434
237 244 3 436
238 246 3 439
239 247 3 444
240 253 3 447
241 253 3 453
242 253 3 460
243 252 3 466
244 254 3 469
245 258 3 471
246 256 3 476
247 249 3 486
248 247 3 488
249 247 3 491
250 248 3 493
251 248 3 497
252 248 3 498
253 251 3 499
254 253 3 504
255 253 3 507
256 255 3 514
257 255 3 518
258 253 3 524
259 252 3 528
260 253 3 532
261 259 3 533
262 256 3 541
263 258 3 544
264 259 3 549
265 261 3 551
266 261 3 557
267 263 3 559
268 263 3 561
269 262 3 567
270 261 3 573
271 263 3 575
272 263 3 579
273 258 3 586
274 258 3 590
275 256 3 596
276 255 3 601
277 257 3 606
278 258 3 610
279 254 3 618
280 261 3 620
281 265 3 624
282 271 3 626
283 271 3 634
284 277 3 635
285 274 3 641
286 278 3 645
287 277 3 648
288 284 3 650
289 287 3 655
290 283 3 663
291 287 3 666
292 288 3 672
293 285 3 680
294 284 3 685
295 283 3 692
296 288 3 696
297 289 3 698
298 292 3 702
299 301 3 703
300 303 3 706
301 309 3 709
302 310 3 714
303 312 3 718
304 321 3 720
305 329 3 721
306 337 3 724
307 336 3 730
308 343 3 735
309 348 3 739
310 347 3 744
311 349 3 749
312 347 3 754
313 353 3 758
314 353 3 763
315 357 3 769
316 366 4 771
317 373 4 772
318 376 4 775
319 381 4 780
320 383 4 789
321 389 4 792
322 399 4 794
323 405 4 800
324 403 5 810
325 404 5 819
326 410 5 823
327 416 5 827
328 414 5 836
329 416 5 842
330 418 5 849
331 421 5 856
332 429 5 859
333 430 5 867
334 425 5 883
335 431 5 889
336 427 5 900
337 438 5 904
338 442 5 908
339 439 5 916
340 440 5 924
341 435 5 934
342 438 6 942
343 441 6 952
344 446 6 958
345 448 6 965
346 444 6 974
347 452 6 978
348 453 6 986
349 458 6 994
350 462 6 1002
351 466 6 1006
352 474 6 1010
353 471 6 1023
354 471 6 1030
355 469 6 1043
356 466 6 1056
357 471 6 1059
358 474 6 1063
359 481 6 1072
360 489 6 1079
361 489 7 1086
362 503 7 1087
363 502 7 1097
364 505 8 1104
365 510 8 1107
366 516 8 1115
367 519 8 1124
368 517 8 1137
369 520 8 1142
370 521 8 1147
371 525 8 1156
372 531 8 1161
373 536 8 1169
374 540 8 1175
375 543 8 1183
376 549 8 1191
377 555 8 1196
378 556 8 1203
379 566 8 1209
380 562 8 1220
381 562 8 1231
382 572 8 1236
383 574 8 1245
384 580 8 1253
385 587 8 1260
386 593 8 1275
387 602 8 1289
388 606 8 1297
389 615 8 1304
390 622 8 1314
391 630 8 1321
392 639 8 1326
393 652 8 1328
394 660 8 1336
395 664 8 1346
396 668 8 1360
397 673 8 1368
398 683 8 1379
399 687 8 1386
400 694 8 1394
401 695 10 1406
402 695 10 1418
403 701 10 1426
404 703 10 1433
405 713 10 1443
406 713 10 1455
407 717 10 1469
408 718 10 1480
409 722 10 1491
410 725 10 1501
411 727 10 1517
412 727 10 1530
413 729 10 1542
414 740 10 1546
415 750 10 1552
416 752 10 1565
417 766 10 1576
418 770 10 1586
419 773 10 1598
420 780 10 1603
421 791 10 1610
422 803 10 1621
423 809 10 1632
424 809 10 1646
425 820 10 1657
426 825 11 1667
427 834 11 1676
428 831 11 1690
429 842 11 1694
430 850 11 1702
431 860 11 1711
432 870 11 1720
433 872 11 1735
434 870 11 1752
435 869 11 1769
436 867 11 1783
437 866 11 1797
438 877 11 1808
439 886 11 1819
440 885 11 1836
441 894 11 1848
442 896 11 1861
443 899 11 1875
444 908 11 1893
445 913 11 1906
446 928 11 1916
447 927 11 1937
448 931 11 1952
449 934 11 1964
450 944 11 1978
451 956 11 1990
452 967 11 2000
453 965 11 2027
454 972 11 2045
455 975 11 2062
456 995 11 2070
457 1008 11 2082
458 1030 11 2090
459 1033 11 2112
460 1039 11 2129
461 1053 11 2141
462 1064 11 2151
463 1068 11 2170
464 1073 11 2189
465 1080 11 2205
466 1079 11 2228
467 1087 11 2249
468 1096 11 2258
469 1109 11 2272
470 1122 11 2283
471 1133 11 2294
472 1136 11 2313
473 1140 11 2331
474 1147 11 2348
475 1158 11 2362
476 1162 11 2383
477 1171 11 2403
478 1196 11 2413
479 1210 11 2429
480 1224 11 2446
481 1223 11 2466
482 1221 12 2493
483 1230 12 2510
484 1239 12 2530
485 1261 13 2540
486 1268 13 2555
487 1265 13 2579
488 1289 13 2593
489 1305 13 2609
490 1316 13 2628
491 1322 13 2647
492 1333 13 2665
493 1325 13 2698
494 1346 13 2716
495 1355 13 2737
496 1351 13 2775
497 1364 14 2794
498 1369 14 2813
499 1363 16 2842
500 1380 16 2865
501 1400 16 2890
502 1398 16 2915
503 1402 16 2936
504 1399 17 2958
505 1405 18 2978
506 1411 18 2997
507 1420 18 3020
508 1426 19 3040
509 1438 19 3063
510 1442 19 3089
511 1440 19 3120
512 1448 19 3144
513 1453 19 3167
514 1463 19 3187
515 1480 20 3206
516 1477 20 3235
517 1490 20 3257
518 1489 21 3283
519 1496 21 3304
520 1509 21 3322
521 1505 21 3352
522 1515 23 3373
523 1513 23 3402
524 1509 23 3426
525 1531 23 3446
526 1535 23 3475
527 1531 23 3504
528 1541 23 3529
529 1556 23 3551
530 1553 23 3581
531 1567 23 3607
532 1579 24 3634
533 1592 24 3655
534 1602 24 3679
535 1613 24 3699
536 1628 24 3721
537 1628 24 3749
538 1637 24 3781
539 1648 25 3810
540 1664 25 3834
541 1678 25 3858
542 1690 25 3885
543 1711 25 3903
544 1732 25 3921
545 1735 25 3949
546 1757 25 3976
547 1755 25 4014
548 1758 25 4043
549 1765 25 4075
550 1779 25 4101
551 1788 27 4129
552 1799 28 4156
553 1814 28 4184
554 1830 28 4199
555 1835 28 4225
556 1850 28 4255
557 1848 28 4291
558 1861 28 4315
559 1859 28 4345
560 1869 28 4372
561 1885 28 4400
562 1890 28 4425
563 1900 30 4446
564 1913 30 4472
565 1923 30 4501
566 1949 30 4526
567 1951 30 4567
568 1959 32 4597
569 1986 32 4624
570 2000 33 4649
571 2014 33 4683
572 2031 34 4714
573 2045 35 4739
574 2049 35 4771
575 2070 35 4795
576 2083 36 4819
577 2091 36 4846
578 2107 36 4875
579 2126 36 4907
580 2152 36 4939
581 2167 36 4975
582 2168 36 5019
583 2188 37 5045
584 2205 37 5077
585 2212 37 5109
586 2213 37 5144
587 2228 37 5175
588 2237 37 5217
589 2249 37 5248
590 2265 37 5279
591 2274 37 5313
592 2279 37 5352
593 2298 38 5388
594 2309 38 5424
595 2315 38 5464
596 2340 38 5488
597 2347 38 5527
598 2371 38 5554
599 2391 39 5581
600 2398 39 5631
601 2400 39 5674
602 2411 40 5715
603 2425 40 5755
604 2431 40 5795
605 2460 40 5831
606 2470 40 5868
607 2508 40 5899
608 2524 40 5943
609 2547 40 5975
610 2568 40 6013
611 2591 40 6048
612 2621 42 6072
613 2656 42 6097
614 2665 43 6131
615 2678 43 6181
616 2704 44 6216
617 2714 44 6264
618 2723 44 6319
619 2750 45 6358
620 2740 45 6409
621 2760 46 6451
622 2788 46 6485
623 2796 46 6535
624 2823 46 6568
625 2850 46 6596
626 2859 46 6638
627 2879 46 6677
628 2902 46 6718
629 2940 47 6754
630 2949 47 6796
631 2965 47 6839
632 2985 47 6884
633 2991 47 6935
634 3017 47 6972
635 3039 48 7023
636 3049 48 7072
637 3074 48 7116
638 3106 48 7155
639 3131 48 7203
640 3147 48 7246
641 3187 48 7287
642 3197 48 7344
643 3231 48 7388
644 3241 48 7435
645 3275 48 7471
646 3280 48 7541
647 3318 50 7589
648 3333 51 7649
649 3341 51 7700
650 3348 52 7754
651 3376 53 7806
652 3399 53 7857
653 3416 54 7920
654 3444 55 7967
655 3475 56 8016
656 3481 56 8080
657 3503 56 8126
658 3530 57 8177
659 3546 58 8226
660 3582 60 8267
661 3610 61 8316
662 3621 61 8382
663 3645 63 8446
664 3662 63 8499
665 3668 63 8563
666 3694 64 8613
667 3717 64 8665
668 3760 64 8717
669 3763 64 8777
670 3792 64 8833
671 3836 66 8884
672 3872 66 8938
673 3906 66 8997
674 3954 66 9047
675 3993 66 9109
676 3992 68 9177
677 4025 69 9241
678 4045 70 9312
679 4079 71 9371
680 4132 72 9423
681 4145 75 9491
682 4170 75 9561
683 4185 75 9627
684 4213 75 9689
685 4249 75 9754
686 4286 76 9814
687 4315 76 9888
688 4359 76 9941
689 4394 79 10004
690 4448 79 10060
691 4469 80 10136
692 4486 80 10204
693 4515 82 10275
694 4533 83 10336
695 4560 85 10397
696 4606 86 10456
697 4619 88 10536
698 4671 88 10604
699 4682 91 10682
700 4706 91 10757
701 4713 92 10827
702 4747 95 10894
703 4768 97 10964
704 4801 97 11032
705 4854 97 11109
706 4896 99 11169
707 4921 101 11251
708 4965 102 11319
709 5006 102 11398