0 50 0 0
1 49 0 2
2 52 0 2
3 50 1 4
4 51 1 4
5 51 1 5
6 50 2 6
7 50 2 7
8 51 3 8
9 49 4 9
10 50 4 9
11 50 4 9
12 52 4 9
13 50 4 11
14 49 4 13
15 48 4 14
16 45 4 18
17 45 4 20
18 47 4 20
19 46 4 21
20 45 4 22
21 45 4 22
22 43 4 24
23 44 4 25
24 45 4 25
25 45 4 26
26 47 4 27
27 46 4 28
28 47 4 28
29 46 4 30
30 46 5 30
31 45 5 32
32 45 5 33
33 43 5 36
34 42 5 37
35 42 5 38
36 44 5 38
37 45 5 40
38 48 5 40
39 48 5 40
40 49 5 40
41 49 5 41
42 47 5 44
43 46 5 45
44 45 5 46
45 48 5 46
46 48 5 46
47 49 5 46
48 50 5 46
49 48 5 48
50 49 5 49
51 49 5 49
52 52 5 50
53 52 5 50
54 53 5 50
55 56 5 51
56 52 5 55
57 54 5 55
58 52 5 57
59 55 5 57
60 55 5 58
61 55 5 59
62 53 5 61
63 53 5 61
64 53 5 63
65 52 5 65
66 54 5 66
67 54 5 67
68 54 5 68
69 55 5 69
70 58 5 69
71 59 5 69
72 60 5 71
73 60 5 71
74 59 5 72
75 56 5 76
76 58 5 77
77 58 5 79
78 60 5 80
79 61 5 82
80 61 5 82
81 64 5 82
82 66 5 82
83 68 5 84
84 68 5 84
85 68 5 85
86 73 5 85
87 72 5 86
88 72 5 87
89 76 5 87
90 79 5 87
91 80 5 89
92 79 5 91
93 80 5 92
94 85 5 92
95 85 5 93
96 85 5 94
97 87 5 94
98 89 5 94
99 93 5 95
100 91 5 98
101 91 5 99
102 92 5 101
103 92 5 103
104 94 5 104
105 91 5 107
106 89 5 110
107 89 5 110
108 90 5 112
109 87 5 115
110 86 5 117
111 84 5 119
112 83 5 122
113 85 5 124
114 85 5 125
115 85 5 127
116 83 5 130
117 84 5 130
118 82 5 133
119 81 5 135
120 81 5 135
121 83 5 135
122 85 5 136
123 87 5 136
124 87 5 137
125 86 5 139
126 87 5 139
127 88 5 141
128 87 5 144
129 90 5 145
130 86 5 150
131 87 5 151
132 89 5 151
133 92 5 152
134 96 5 152
135 98 5 154
136 101 5 155
137 100 5 156
138 103 5 156
139 103 5 157
140 104 5 160
141 103 5 162
142 104 5 163
143 108 5 164
144 109 5 164
145 111 5 165
146 114 5 167
147 109 5 172
148 107 5 175
149 111 5 177
150 110 5 178
151 109 5 179
152 111 5 179
153 112 5 179
154 114 5 179
155 114 5 181
156 113 5 182
157 114 5 184
158 115 5 185
159 111 5 190
160 112 5 190
161 115 5 193
162 114 5 194
163 118 5 194
164 116 5 196
165 117 5 198
166 117 5 200
167 119 5 200
168 117 5 203
169 121 5 203
170 121 5 204
171 121 5 208
172 122 5 212
173 123 5 212
174 123 5 214
175 123 5 215
176 122 5 217
177 123 5 218
178 124 5 218
179 128 5 219
180 128 5 221
181 128 5 224
182 131 5 225
183 130 5 228
184 132 5 229
185 131 5 232
186 132 5 233
187 134 5 235
188 134 5 237
189 133 5 240
190 132 5 241
191 135 5 242
192 130 5 249
193 126 6 254
194 129 6 254
195 129 6 256
196 130 6 259
197 136 6 259
198 139 6 260
199 135 6 265
200 137 6 267
201 138 7 269
202 139 7 271
203 139 8 271
204 139 8 274
205 141 8 274
206 140 8 276
207 137 8 281
208 141 8 283
209 144 8 285
210 141 8 288
211 142 8 289
212 144 8 290
213 146 8 292
214 146 8 294
215 149 8 294
216 150 8 294
217 152 8 296
218 152 8 300
219 152 8 300
220 157 8 301
221 158 8 304
222 158 8 307
223 161 8 309
224 164 8 311
225 164 8 313
226 164 8 314
227 166 8 316
228 167 8 318
229 163 8 323
230 163 8 327
231 164 8 331
232 163 8 336
233 165 8 339
234 170 8 339
235 170 8 343
236 174 8 344
237 174 8 348
238 176 8 350
239 179 8 351
240 180 8 352
241 181 8 353
242 183 8 355
243 182 8 357
244 181 8 361
245 188 8 362
246 186 8 368
247 191 8 369
248 193 9 370
249 197 9 371
250 195 9 374
251 197 9 377
252 200 9 382
253 202 9 384
254 206 9 385
255 203 9 388
256 201 9 392
257 201 9 396
258 205 9 398
259 204 9 403
260 204 9 406
261 207 9 409
262 210 9 412
263 211 9 414
264 213 9 417
265 210 9 424
266 210 9 429
267 210 9 434
268 215 9 436
269 217 9 441
270 222 9 442
271 223 9 446
272 223 9 450
273 232 9 451
274 230 9 458
275 234 9 458
276 240 9 461
277 236 9 469
278 242 9 475
279 244 9 478
280 245 10 482
281 245 10 485
282 248 10 486
283 253 10 488
284 257 10 490
285 255 10 496
286 257 10 498
287 262 10 501
288 264 10 505
289 268 10 510
290 263 10 519
291 254 10 529
292 254 10 534
293 252 10 539
294 253 10 544
295 254 10 545
296 255 10 549
297 256 10 554
298 259 10 556
299 257 10 560
300 257 10 566
301 258 10 571
302 259 10 576
303 261 10 579
304 262 11 583
305 265 11 588
306 268 11 592
307 273 11 596
308 273 11 601
309 277 11 604
310 275 11 609
311 279 11 610
312 284 11 613
313 282 11 617
314 284 11 624
315 288 11 628
316 290 11 631
317 287 11 637
318 291 11 639
319 290 12 643
320 289 12 650
321 291 12 653
322 292 12 656
323 297 12 657
324 298 12 663
325 301 12 669
326 307 12 672
327 318 12 677
328 321 13 680
329 322 13 682
330 330 13 685
331 335 13 691
332 330 13 701
333 334 13 707
334 335 14 712
335 337 14 718
336 337 14 726
337 344 14 731
338 346 14 736
339 348 14 739
340 353 14 742
341 355 14 747
342 360 14 751
343 368 14 753
344 368 14 761
345 371 14 766
346 375 14 769
347 374 14 777
348 379 14 783
349 383 14 789
350 379 14 799
351 374 14 810
352 382 14 811
353 391 15 814
354 391 15 819
355 398 15 824
356 402 15 829
357 404 15 833
358 408 15 840
359 416 15 842
360 417 15 849
361 418 16 856
362 427 16 857
363 433 16 864
364 435 16 875
365 433 17 884
366 439 17 891
367 451 17 895
368 464 17 897
369 468 17 908
370 469 17 915
371 470 17 921
372 467 17 935
373 471 17 941
374 480 17 946
375 482 17 953
376 482 17 961
377 483 17 972
378 487 17 976
379 488 17 986
380 490 18 993
381 492 19 1002
382 504 19 1008
383 510 19 1014
384 516 19 1022
385 522 20 1028
386 527 20 1038
387 533 21 1046
388 534 21 1055
389 535 21 1065
390 540 21 1077
391 547 21 1083
392 552 21 1087
393 561 21 1092
394 563 21 1099
395 568 21 1106
396 569 21 1115
397 577 22 1119
398 574 22 1130
399 570 22 1141
400 566 22 1155
401 566 22 1163
402 573 22 1168
403 583 22 1175
404 582 22 1184
405 589 23 1192
406 596 23 1199
407 592 24 1211
408 593 25 1220
409 596 25 1230
410 599 25 1237
411 602 25 1248
412 611 25 1253
413 613 25 1261
414 619 25 1268
415 627 25 1275
416 631 25 1288
417 625 25 1302
418 625 25 1314
419 626 25 1325
420 630 25 1335
421 632 25 1344
422 643 25 1357
423 642 25 1372
424 651 25 1381
425 657 25 1386
426 669 26 1395
427 668 26 1408
428 666 26 1422
429 662 26 1433
430 667 26 1448
431 674 27 1458
432 679 27 1469
433 674 27 1486
434 672 27 1495
435 681 27 1505
436 681 27 1515
437 682 27 1529
438 686 27 1539
439 689 27 1550
440 695 27 1563
441 700 27 1570
442 706 27 1583
443 706 27 1592
444 715 27 1604
445 724 27 1612
446 729 27 1627
447 740 27 1636
448 743 27 1652
449 747 27 1664
450 747 27 1676
451 747 27 1683
452 758 27 1691
453 765 28 1702
454 774 28 1716
455 785 28 1724
456 800 28 1734
457 801 28 1754
458 808 28 1764
459 816 28 1784
460 818 28 1796
461 827 28 1810
462 831 28 1819
463 842 28 1827
464 847 28 1839
465 843 28 1858
466 861 28 1871
467 862 28 1884
468 867 28 1901
469 865 28 1913
470 874 28 1925
471 888 28 1935
472 897 28 1946
473 905 28 1956
474 909 28 1974
475 923 28 1988
476 933 28 1997
477 941 28 2008
478 946 28 2024
479 946 29 2038
480 953 29 2050
481 965 29 2058
482 966 29 2074
483 961 29 2098
484 966 30 2110
485 975 30 2127
486 976 30 2139
487 973 30 2157
488 987 30 2166
489 1000 30 2178
490 1000 30 2195
491 1013 30 2209
492 1018 30 2226
493 1022 30 2239
494 1033 30 2252
495 1037 31 2268
496 1047 31 2283
497 1055 31 2299
498 1063 31 2317
499 1071 31 2334
500 1082 31 2347
501 1102 31 2358
502 1100 31 2376
503 1095 31 2398
504 1096 31 2416
505 1106 32 2434
506 1113 32 2451
507 1114 33 2468
508 1132 33 2477
509 1137 33 2496
510 1151 33 2509
511 1143 34 2529
512 1161 35 2539
513 1167 35 2554
514 1178 35 2568
515 1183 35 2586
516 1189 35 2603
517 1194 35 2619
518 1198 35 2637
519 1213 36 2652
520 1228 36 2664
521 1240 36 2680
522 1256 36 2700
523 1269 36 2713
524 1281 36 2733
525 1298 37 2746
526 1303 37 2769
527 1310 37 2795
528 1316 38 2810
529 1326 38 2824
530 1329 39 2841
531 1338 40 2864
532 1349 40 2877
533 1366 40 2893
534 1382 41 2912
535 1388 41 2935
536 1402 41 2956
537 1414 41 2973
538 1411 41 2995
539 1424 41 3015
540 1430 41 3036
541 1445 41 3054
542 1465 42 3073
543 1472 43 3097
544 1477 43 3125
545 1488 43 3142
546 1496 44 3161
547 1503 44 3186
548 1519 44 3204
549 1526 45 3222
550 1540 45 3245
551 1552 45 3266
552 1572 45 3289
553 1591 45 3309
554 1603 46 3327
555 1601 46 3361
556 1613 46 3384
557 1624 46 3415
558 1652 46 3430
559 1662 46 3453
560 1674 46 3480
561 1681 46 3509
562 1689 47 3543
563 1706 47 3567
564 1710 48 3604
565 1720 49 3631
566 1718 49 3666
567 1730 49 3693
568 1733 49 3725
569 1755 49 3754
570 1779 49 3778
571 1800 50 3800
572 1815 50 3825
573 1831 50 3849
574 1842 51 3870
575 1843 52 3903
576 1846 52 3934
577 1851 52 3968
578 1869 52 3995
579 1893 53 4016
580 1898 53 4046
581 1911 53 4076
582 1929 54 4099
583 1950 55 4128
584 1960 58 4152
585 1982 59 4175
586 2007 60 4196
587 2016 60 4226
588 2026 60 4253
589 2036 61 4285
590 2043 61 4318
591 2057 61 4350
592 2061 61 4382
593 2083 64 4416
594 2096 65 4443
595 2103 65 4480
596 2108 67 4522
597 2136 67 4543
598 2134 68 4578
599 2140 68 4619
600 2150 69 4652
601 2147 70 4692
602 2173 71 4722
603 2175 72 4774
604 2224 73 4792
605 2241 73 4831
606 2269 74 4862
607 2285 74 4893
608 2293 74 4942
609 2309 74 4974
610 2319 75 5011
611 2352 76 5037
612 2362 77 5074
613 2395 77 5097
614 2413 78 5133
615 2416 78 5172
616 2433 78 5206
617 2444 78 5241
618 2446 79 5286
619 2459 79 5331
620 2462 79 5370
621 2480 80 5409
622 2487 81 5445
623 2498 83 5484
624 2516 83 5524
625 2536 85 5553
626 2560 85 5588
627 2568 85 5624
628 2586 85 5665
629 2595 88 5708
630 2632 89 5737
631 2642 89 5778
632 2654 91 5812
633 2674 92 5838
634 2686 92 5872
635 2710 92 5905
636 2753 92 5936
637 2771 92 5975
638 2804 92 6006
639 2824 92 6048
640 2855 92 6092
641 2868 92 6141
642 2892 93 6185
643 2919 93 6219
644 2931 93 6268
645 2944 93 6314
646 2968 95 6362
647 3001 96 6401
648 3014 96 6450
649 3045 96 6485
650 3059 97 6536
651 3068 97 6585
652 3075 97 6621
653 3092 97 6663
654 3123 97 6703
655 3175 97 6730
656 3202 97 6778
657 3204 97 6833
658 3209 98 6887
659 3233 100 6937
660 3267 100 6975
661 3303 100 7021
662 3341 100 7072
663 3358 101 7133
664 3381 101 7186
665 3389 101 7255
666 3415 101 7303
667 3439 102 7357
668 3454 102 7414
669 3478 102 7453
670 3501 102 7522
671 3519 102 7566
672 3549 104 7610
673 3549 105 7673
674 3573 105 7720
675 3593 105 7779
676 3618 105 7832
677 3653 105 7891
678 3669 106 7949
679 3688 106 8013
680 3689 107 8080
681 3720 108 8134
682 3755 108 8180
683 3796 108 8230
684 3817 108 8296
685 3843 110 8354
686 3874 110 8415
687 3883 110 8478
688 3897 113 8543
689 3919 113 8605
690 3948 114 8672
691 3981 115 8723
692 3992 118 8786
693 3991 119 8862
694 4016 121 8923
695 4046 122 8980
696 4087 122 9033
697 4133 122 9083
698 4169 122 9137
699 4200 123 9200
700 4215 125 9261
701 4280 125 9316
702 4291 126 9374
703 4313 127 9437
704 4333 128 9513
705 4347 130 9585
706 4377 131 9659
707 4409 131 9718
708 4425 132 9783
709 4454 132 9854
710 4486 133 9917
711 4518 133 9988
712 4518 133 10070
713 4564 133 10134
714 4616 134 10198
715 4660 134 10266
716 4697 134 10346
717 4743 134 10407
718 4784 135 10475
719 4805 136 10549
720 4851 137 10616
721 4894 137 10682
722 4919 138 10762
723 4949 140 10850
724 4998 140 10931
725 5045 142 11007