0 50 0 0
1 50 0 0
2 52 0 0
3 52 0 0
4 55 0 0
5 54 1 1
6 52 1 3
7 52 1 4
8 51 1 6
9 52 1 6
10 52 1 7
11 52 1 7
12 51 1 8
13 51 1 9
14 51 1 10
15 50 1 11
16 50 1 12
17 49 1 13
18 49 1 13
19 51 1 14
20 53 1 14
21 53 1 15
22 53 1 15
23 53 1 15
24 52 1 17
25 52 1 17
26 52 1 18
27 52 1 19
28 53 1 20
29 53 1 20
30 51 1 23
31 52 1 23
32 52 1 23
33 55 1 24
34 56 1 26
35 58 1 26
36 58 1 27
37 60 1 27
38 62 1 27
39 63 1 27
40 65 1 29
41 61 1 33
42 61 1 34
43 60 1 35
44 60 1 36
45 63 1 36
46 61 1 38
47 62 1 38
48 62 1 39
49 63 1 40
50 61 2 42
51 60 2 43
52 58 2 45
53 59 2 45
54 58 2 47
55 59 2 47
56 57 2 49
57 59 2 50
58 59 2 51
59 58 2 52
60 64 2 52
61 65 2 52
62 66 2 53
63 66 2 53
64 68 2 55
65 66 2 57
66 65 2 58
67 65 2 60
68 67 2 60
69 69 2 60
70 70 2 62
71 70 2 63
72 71 2 64
73 72 2 64
74 73 2 64
75 75 2 66
76 74 2 67
77 74 2 67
78 73 2 69
79 72 3 69
80 75 3 69
81 74 4 70
82 74 4 71
83 73 4 72
84 76 4 72
85 76 4 73
86 76 4 73
87 77 4 74
88 76 4 75
89 75 4 77
90 76 4 78
91 78 4 78
92 78 4 80
93 79 4 80
94 81 4 80
95 82 4 81
96 82 4 82
97 80 4 85
98 83 4 86
99 84 4 87
100 84 4 88
101 84 4 90
102 83 4 92
103 82 5 95
104 86 5 95
105 89 5 95
106 93 5 95
107 94 5 96
108 93 5 98
109 94 5 100
110 94 5 102
111 93 5 104
112 94 5 106
113 93 5 108
114 94 5 110
115 94 5 111
116 93 5 113
117 92 5 117
118 95 5 117
119 96 5 118
120 99 5 119
121 100 5 119
122 101 5 120
123 98 5 124
124 99 5 125
125 102 5 126
126 103 5 127
127 106 5 128
128 109 5 129
129 109 5 129
130 113 5 129
131 113 5 129
132 115 5 131
133 116 5 132
134 115 5 136
135 116 5 137
136 117 5 137
137 120 5 138
138 119 5 141
139 118 5 143
140 120 5 145
141 121 5 145
142 122 5 146
143 126 5 147
144 126 5 150
145 127 5 153
146 127 5 158
147 125 5 162
148 128 5 163
149 127 5 165
150 130 5 166
151 135 5 166
152 132 5 169
153 132 5 172
154 132 5 175
155 132 5 177
156 131 5 179
157 132 5 181
158 133 5 183
159 134 5 185
160 137 5 185
161 134 6 188
162 135 6 188
163 134 6 190
164 137 6 192
165 142 6 192
166 146 6 195
167 152 6 196
168 154 6 197
169 152 6 199
170 153 6 202
171 150 6 205
172 150 6 206
173 152 6 207
174 156 6 208
175 152 6 213
176 151 7 214
177 155 7 216
178 158 7 218
179 156 7 222
180 163 7 224
181 162 7 226
182 164 7 226
183 166 7 228
184 170 7 230
185 172 7 231
186 174 7 235
187 178 7 237
188 180 7 238
189 186 7 238
190 188 7 241
191 192 7 244
192 198 7 245
193 201 7 246
194 203 7 249
195 203 7 254
196 208 7 255
197 213 7 258
198 210 7 263
199 212 7 267
200 219 7 269
201 220 7 273
202 214 7 283
203 210 7 289
204 215 7 289
205 216 7 291
206 215 7 296
207 216 7 296
208 218 7 299
209 223 7 301
210 224 7 304
211 229 7 307
212 231 7 311
213 237 7 314
214 235 7 318
215 239 7 319
216 240 7 322
217 243 7 324
218 245 7 327
219 250 7 331
220 250 7 335
221 247 7 340
222 251 7 346
223 254 7 348
224 255 7 350
225 255 7 355
226 262 7 355
227 261 7 358
228 257 7 365
229 261 7 366
230 258 7 372
231 263 7 375
232 271 7 379
233 276 7 382
234 275 7 387
235 280 7 391
236 281 7 395
237 286 7 396
238 289 7 400
239 292 7 404
240 297 7 405
241 296 7 409
242 299 7 414
243 305 7 415
244 311 7 417
245 311 7 424
246 317 7 425
247 316 7 427
248 320 7 429
249 321 7 436
250 324 7 438
251 331 7 441
252 333 7 446
253 334 7 450
254 335 7 455
255 337 7 462
256 333 7 470
257 332 7 476
258 333 7 483
259 329 7 490
260 326 7 499
261 326 7 504
262 330 7 507
263 337 7 510
264 341 7 511
265 344 7 513
266 350 7 516
267 354 7 523
268 364 7 526
269 368 7 534
270 369 7 542
271 373 7 545
272 371 7 550
273 373 7 555
274 380 7 558
275 381 7 563
276 375 7 574
277 375 7 580
278 377 7 586
279 376 7 593
280 383 7 597
281 388 7 601
282 394 8 606
283 394 8 614
284 396 8 616
285 398 8 621
286 398 8 626
287 405 8 630
288 411 8 635
289 414 8 640
290 416 8 646
291 413 8 654
292 422 8 657
293 424 8 664
294 430 8 669
295 435 8 675
296 437 8 682
297 441 8 686
298 444 8 695
299 453 8 700
300 452 9 709
301 461 9 714
302 464 9 720
303 469 9 727
304 475 10 732
305 479 10 740
306 478 10 750
307 477 10 760
308 471 10 773
309 476 10 780
310 480 10 786
311 478 10 793
312 486 10 799
313 487 10 808
314 497 10 816
315 506 10 822
316 507 10 832
317 517 10 838
318 518 10 849
319 523 10 853
320 531 10 860
321 538 10 864
322 551 10 868
323 551 10 875
324 547 10 886
325 553 10 891
326 563 10 896
327 566 10 899
328 570 10 907
329 577 10 910
330 588 10 915
331 588 10 928
332 595 10 934
333 596 10 948
334 594 11 958
335 594 11 972
336 600 11 979
337 592 11 995
338 600 11 1003
339 612 11 1009
340 619 12 1017
341 626 12 1025
342 631 12 1036
343 623 12 1053
344 628 12 1059
345 645 12 1066
346 644 12 1079
347 650 12 1089
348 657 12 1097
349 659 12 1107
350 671 12 1114
351 685 12 1118
352 687 12 1132
353 697 13 1141
354 701 13 1149
355 707 13 1160
356 708 14 1168
357 717 14 1177
358 723 15 1186
359 726 15 1197
360 736 15 1203
361 751 15 1213
362 763 15 1221
363 764 15 1230
364 770 15 1242
365 781 15 1252
366 788 15 1262
367 795 16 1274
368 808 16 1284
369 804 16 1296
370 812 16 1308
371 811 16 1319
372 823 16 1329
373 827 16 1343
374 842 16 1352
375 850 17 1365
376 861 17 1375
377 864 17 1393
378 863 17 1406
379 870 17 1418
380 878 17 1425
381 876 17 1444
382 891 17 1452
383 901 17 1462
384 913 17 1471
385 917 17 1480
386 915 17 1496
387 919 17 1510
388 934 17 1521
389 937 17 1532
390 941 18 1539
391 945 18 1560
392 952 18 1575
393 962 18 1593
394 972 18 1604
395 985 18 1616
396 1003 18 1625
397 1013 19 1634
398 1012 19 1650
399 1020 19 1663
400 1018 19 1681
401 1030 19 1696
402 1036 19 1711
403 1053 19 1718
404 1057 19 1735
405 1068 19 1750
406 1077 20 1763
407 1075 20 1779
408 1083 20 1793
409 1090 20 1808
410 1095 20 1826
411 1100 20 1851
412 1105 20 1870
413 1110 20 1891
414 1127 20 1907
415 1137 20 1924
416 1154 20 1933
417 1159 20 1949
418 1180 20 1962
419 1189 20 1980
420 1196 20 2001
421 1204 20 2019
422 1199 20 2046
423 1205 20 2067
424 1212 20 2085
425 1222 20 2097
426 1237 20 2112
427 1244 20 2130
428 1267 20 2143
429 1281 20 2158
430 1291 20 2178
431 1306 21 2195
432 1310 21 2218
433 1313 21 2237
434 1323 22 2248
435 1324 23 2269
436 1324 23 2289
437 1336 23 2308
438 1343 24 2320
439 1357 24 2337
440 1362 24 2356
441 1375 24 2375
442 1389 24 2398
443 1390 24 2429
444 1403 24 2448
445 1419 26 2463
446 1425 26 2483
447 1436 26 2506
448 1443 26 2529
449 1458 27 2550
450 1466 27 2574
451 1500 27 2586
452 1503 27 2616
453 1516 27 2639
454 1529 27 2659
455 1526 28 2689
456 1538 28 2723
457 1541 28 2749
458 1549 29 2772
459 1563 29 2791
460 1566 29 2819
461 1575 29 2841
462 1594 29 2858
463 1602 29 2882
464 1623 29 2902
465 1628 29 2929
466 1649 29 2954
467 1658 29 2978
468 1678 29 3006
469 1690 29 3043
470 1686 29 3070
471 1703 29 3090
472 1721 29 3114
473 1734 29 3140
474 1754 29 3163
475 1754 29 3196
476 1768 29 3219
477 1777 30 3246
478 1792 30 3272
479 1803 30 3306
480 1821 30 3337
481 1835 30 3365
482 1851 30 3390
483 1847 30 3427
484 1855 31 3456
485 1865 31 3480
486 1888 31 3506
487 1891 31 3542
488 1905 31 3565
489 1931 31 3587
490 1943 32 3614
491 1947 32 3648
492 1966 32 3675
493 1988 33 3707
494 1999 33 3743
495 2012 33 3774
496 2043 33 3801
497 2050 33 3835
498 2058 33 3865
499 2072 33 3899
500 2088 33 3920
501 2093 33 3952
502 2101 33 3978
503 2125 34 4004
504 2134 34 4039
505 2147 35 4067
506 2165 35 4103
507 2184 35 4134
508 2207 35 4162
509 2229 36 4197
510 2249 36 4227
511 2256 36 4263
512 2259 36 4302
513 2267 36 4331
514 2299 36 4362
515 2334 38 4387
516 2361 38 4419
517 2376 39 4452
518 2378 39 4495
519 2381 39 4529
520 2393 39 4565
521 2424 39 4593
522 2447 39 4617
523 2473 39 4651
524 2493 39 4694
525 2512 39 4731
526 2527 39 4760
527 2533 39 4800
528 2537 39 4839
529 2553 39 4873
530 2568 39 4911
531 2586 39 4957
532 2612 40 4988
533 2642 41 5021
534 2668 42 5058
535 2676 42 5107
536 2691 42 5139
537 2715 42 5180
538 2716 42 5231
539 2751 43 5270
540 2773 44 5311
541 2800 44 5351
542 2812 44 5390
543 2824 45 5429
544 2846 45 5462
545 2876 45 5502
546 2909 46 5533
547 2916 46 5578
548 2936 46 5618
549 2951 46 5661
550 2961 46 5714
551 2966 47 5756
552 2981 47 5807
553 2995 47 5849
554 3006 48 5895
555 3030 49 5946
556 3057 49 5991
557 3055 50 6049
558 3072 51 6094
559 3086 53 6139
560 3116 53 6187
561 3120 53 6246
562 3147 54 6291
563 3158 55 6343
564 3186 55 6387
565 3221 55 6423
566 3243 55 6470
567 3272 55 6520
568 3297 55 6563
569 3306 55 6624
570 3342 56 6665
571 3350 57 6704
572 3362 57 6764
573 3381 58 6814
574 3391 58 6871
575 3418 58 6915
576 3464 58 6953
577 3478 58 7011
578 3517 58 7057
579 3555 60 7098
580 3588 60 7149
581 3614 60 7205
582 3642 60 7267
583 3656 60 7324
584 3662 62 7391
585 3697 62 7445
586 3722 62 7499
587 3750 62 7548
588 3775 62 7597
589 3803 62 7652
590 3816 62 7715
591 3824 62 7775
592 3831 64 7836
593 3853 64 7890
594 3877 64 7944
595 3903 64 8006
596 3922 64 8058
597 3961 65 8110
598 4018 65 8149
599 4059 65 8203
600 4102 65 8265
601 4143 66 8328
602 4192 67 8379
603 4220 67 8442
604 4254 67 8497
605 4271 68 8561
606 4315 68 8624
607 4329 68 8698
608 4382 68 8754
609 4438 68 8810
610 4451 68 8886
611 4476 68 8964
612 4500 68 9029
613 4543 69 9078
614 4595 69 9142
615 4627 69 9219
616 4654 69 9291
617 4691 69 9352
618 4732 69 9418
619 4763 70 9487
620 4805 70 9553
621 4839 71 9628
622 4871 71 9705
623 4869 71 9808
624 4905 71 9880
625 4923 73 9959
626 4977 73 10018
627 5025 73 10095
