0 50 0 0
1 47 3 2
2 46 3 4
3 48 5 4
4 47 6 5
5 46 7 5
6 45 7 8
7 46 7 9
8 46 7 10
9 46 7 10
10 45 9 11
11 47 9 11
12 46 9 12
13 49 9 13
14 48 11 13
15 47 12 13
16 48 12 14
17 49 12 15
18 47 14 16
19 47 15 17
20 45 16 18
21 47 16 18
22 44 19 19
23 45 20 19
24 44 21 19
25 42 23 21
26 43 24 22
27 42 25 22
28 42 26 22
29 43 27 22
30 43 28 22
31 40 29 24
32 40 29 24
33 43 29 25
34 41 31 27
35 37 34 28
36 39 34 28
37 38 36 29
38 41 36 29
39 40 37 29
40 38 40 29
41 37 41 29
42 37 41 30
43 35 43 32
44 29 46 35
45 30 46 38
46 31 47 38
47 31 47 40
48 30 48 41
49 29 49 41
50 30 49 42
51 30 49 44
52 32 49 44
53 30 51 44
54 30 51 44
55 29 51 45
56 29 51 45
57 29 52 46
58 25 54 49
59 24 55 49
60 24 55 49
61 23 55 50
62 22 56 50
63 22 56 50
64 21 57 51
65 20 57 52
66 22 57 52
67 25 58 52
68 24 59 52
69 24 59 54
70 23 59 55
71 23 59 55
72 23 59 55
73 22 60 55
74 21 61 55
75 20 62 55
76 17 64 57
77 17 64 57
78 16 64 58
79 16 64 58
80 14 65 59
81 15 66 59
82 16 66 59
83 15 67 59
84 16 68 59
85 18 68 59
86 18 68 59
87 19 69 59
88 18 69 60
89 16 70 61
90 16 71 61
91 18 71 61
92 17 71 62
93 17 71 62
94 17 72 62
95 17 72 62
96 16 72 63
97 16 73 64
98 16 73 64
99 16 73 64
100 16 73 64
101 15 73 65
102 15 73 65
103 14 74 65
104 14 74 65
105 12 76 65
106 11 77 65
107 10 78 65
108 10 78 65
109 12 78 65
110 12 78 66
111 11 78 67
112 10 79 67
113 10 79 67
114 9 80 67
115 9 80 67
116 9 80 67
117 9 80 67
118 9 80 67
119 9 80 67
120 9 80 67
121 8 81 67
122 8 81 67
123 8 81 67
124 8 81 67
125 8 81 67
126 7 81 68
127 6 82 68
128 6 82 68
129 5 83 68
130 5 83 68
131 6 83 69
132 6 83 69
133 8 83 69
134 8 83 69
135 8 83 69
136 9 83 69
137 8 84 69
138 8 84 69
139 8 84 69
140 8 84 69
141 8 84 69
142 7 85 69
143 7 85 69
144 7 85 69
145 7 85 69
146 7 85 69
147 9 87 69
148 9 87 69
149 9 87 69
150 9 87 69
151 8 87 70
152 8 87 70
153 7 88 70
154 7 88 70
155 7 88 70
156 7 88 70
157 9 88 70
158 9 88 70
159 9 88 70
160 10 88 70
161 9 88 71
162 9 88 71
163 9 88 71
164 9 88 71
165 9 88 71
166 8 88 72
167 10 88 72
168 11 88 72
169 11 88 72
170 11 88 72
171 13 88 72
172 14 88 72
173 13 88 73
174 12 89 73
175 12 89 73
176 11 90 73
177 11 90 73
178 11 90 73
179 11 90 73
180 10 90 74
181 10 90 74
182 11 90 74
183 10 91 74
184 9 92 74
185 9 92 74
186 8 92 75
187 8 92 75
188 9 92 75
189 8 93 75
190 9 93 75
191 11 93 75
192 10 93 76
193 10 93 76
194 10 93 77
195 10 93 77
196 10 93 77
197 12 93 77
198 11 93 78
199 11 93 78
200 11 93 78
201 10 94 78
202 9 95 78
203 9 95 78
204 9 95 78
205 9 95 78
206 9 95 78
207 8 96 78
208 8 96 78
209 7 97 78
210 7 97 78
211 7 97 78
212 6 97 79
213 6 97 79
214 5 97 80
215 5 97 80
216 5 97 80
217 5 97 80
218 5 97 80
219 7 97 80
220 6 98 80
221 5 99 80
222 5 99 80
223 5 99 80
224 5 99 80
225 5 99 80
226 5 99 80
227 5 99 80
228 5 99 80
229 5 99 80
230 4 100 80
231 6 100 80
232 7 100 80
233 8 100 81
234 8 100 81
235 10 100 81
236 10 100 81
237 10 100 81
238 9 100 82
239 9 100 82
240 9 100 82
241 8 101 82
242 8 101 82
243 8 101 82
244 7 101 83
245 7 101 83
246 6 102 83
247 6 102 83
248 6 102 83
249 6 102 83
250 6 102 83
251 6 102 83
252 6 102 83
253 6 102 83
254 6 102 83
255 5 103 83
256 5 103 83
257 5 103 83
258 5 103 83
259 4 104 83
260 4 104 83
261 2 105 84
262 3 105 84
263 3 105 84
264 3 105 84
265 5 105 84
266 5 105 84
267 5 105 84
268 5 105 84
269 5 105 84
270 5 105 84
271 5 105 84
272 5 105 84
273 7 105 84
274 8 105 84
275 8 105 84
276 8 105 84
277 10 105 84
278 10 105 84
279 10 105 84
280 10 105 84
281 10 105 84
282 10 105 85
283 9 105 86
284 9 105 86
285 9 105 86
286 8 105 87
287 8 105 87
288 8 105 87
289 8 105 87
290 8 105 87
291 10 105 87
292 9 105 88
293 9 106 89
294 8 106 90
295 7 106 91
296 8 106 91
297 8 106 91
298 8 106 91
299 8 106 91
300 8 106 91
301 8 106 91
302 8 106 91
303 8 106 91
304 8 106 91
305 10 106 91
306 9 106 92
307 9 106 92
308 11 106 92
309 11 106 92
310 11 106 92
311 10 106 93
312 10 106 93
313 10 106 93
314 12 106 93
315 10 108 93
316 8 108 95
317 7 108 96
318 7 108 96
319 9 108 96
320 8 108 97
321 8 108 97
322 6 110 97
323 6 110 97
324 6 110 97
325 8 110 97
326 8 110 97
327 7 111 97
328 7 111 97
329 8 111 98
330 7 112 98
331 7 112 98
332 7 112 98
333 9 112 98
334 9 112 98
335 9 112 98
336 8 113 98
337 8 113 98
338 8 113 98
339 8 113 98
340 7 114 98
341 7 114 98
342 6 115 98
343 5 116 98
344 5 116 98
345 5 116 98
346 5 116 98
347 5 116 98
348 5 116 98
349 4 116 99
350 4 116 99
351 6 116 99
352 6 116 99
353 6 116 99
354 6 116 99
355 8 116 99
356 8 116 99
357 8 116 99
358 8 116 99
359 8 116 99
360 7 116 100
361 6 116 101
362 6 116 101
363 6 116 101
364 6 116 101
365 6 116 101
366 6 116 101
367 6 116 101
368 6 116 101
369 5 116 102
370 5 116 102
371 5 116 102
372 5 116 102
373 7 116 102
374 7 116 102
375 8 117 102
376 7 117 103
377 7 117 103
378 7 117 103
379 5 117 105
380 7 117 105
381 7 118 106
382 7 118 106
383 6 118 107
384 4 120 107
385 4 120 107
386 4 120 107
387 4 120 107
388 4 120 107
389 4 120 107
390 4 120 107
391 4 120 107
392 5 120 107
393 7 120 107
394 7 120 107
395 7 120 107
396 7 120 107
397 7 120 107
398 7 120 107
399 9 120 107
400 9 120 107
401 11 120 107
402 10 120 108
403 12 120 108
404 12 120 108
405 11 120 109
406 11 120 109
407 12 121 109
408 12 121 109
409 12 121 109
410 12 122 109
411 10 124 109
412 10 124 109
413 10 124 109
414 10 124 109
415 12 124 109
416 10 125 110
417 9 126 110
418 9 126 111
419 8 127 111
420 8 127 111
421 8 127 111
422 8 128 111
423 8 128 111
424 8 128 111
425 8 128 111
426 8 128 111
427 8 128 111
428 8 128 111
429 8 128 111
430 7 129 111
431 9 129 111
432 8 129 112
433 8 129 112
434 7 129 113
435 7 129 113
436 7 129 113
437 9 129 113
438 9 129 113
439 9 129 113
440 9 129 113
441 11 129 113
442 12 129 113
443 12 129 113
444 11 129 114
445 15 129 114
446 14 129 115
447 14 129 115
448 14 129 115
449 15 129 116
450 16 129 116
451 20 129 116
452 20 129 116
453 22 129 116
454 21 130 116
455 21 130 116
456 21 131 116
457 23 131 116
458 23 132 116
459 22 133 116
460 22 134 116
461 21 134 117
462 21 134 117
463 20 134 118
464 20 134 119
465 20 135 120
466 19 135 122
467 17 136 123
468 19 136 123
469 19 136 123
470 19 136 123
471 21 136 123
472 20 137 123
473 18 138 124
474 17 138 126
475 18 139 126
476 18 140 126
477 22 140 126
478 22 140 126
479 22 140 126
480 23 140 126
481 22 141 126
482 21 143 127
483 20 143 128
484 21 143 128
485 23 143 128
486 23 143 128
487 22 143 129
488 21 143 130
489 21 143 130
490 21 143 130
491 21 143 130
492 19 143 132
493 23 143 132
494 23 143 132
495 25 143 132
496 24 144 132
497 25 145 132
498 23 146 133
499 27 146 133
500 26 147 133
501 30 147 133
502 29 147 134
503 28 147 135
504 27 148 135
505 24 149 137
506 25 149 137
507 24 149 138
508 24 149 138
509 23 149 139
510 23 149 139
511 22 149 140
512 23 149 140
513 25 149 140
514 23 150 141
515 20 152 142
516 18 152 144
517 18 152 144
518 19 152 144
519 23 152 144
520 22 153 144
521 22 153 144
522 22 154 144
523 22 154 144
524 21 155 144
525 20 156 144
526 20 156 144
527 20 156 144
528 20 156 144
529 19 157 144
530 18 158 144
531 18 158 144
532 18 158 144
533 17 158 145
534 16 158 146
535 16 158 146
536 15 159 146
537 15 159 146
538 14 160 146
539 13 160 147
540 13 160 147
541 12 160 148
542 11 160 149
543 13 160 149
544 13 160 149
545 13 160 149
546 14 160 149
547 14 160 149
548 13 161 149
549 12 162 149
550 12 163 149
551 11 164 149
552 11 165 149
553 13 165 149
554 13 165 149
555 13 165 149
556 13 165 149
557 14 166 149
558 12 168 150
559 10 170 150
560 10 170 150
561 11 171 150
562 12 171 150
563 14 171 150
564 14 171 150
565 14 171 150
566 13 171 151
567 12 171 152
568 12 171 152
569 12 171 152
570 12 171 152
571 12 171 152
572 13 171 152
573 13 171 152
574 13 171 153
575 13 171 153
576 12 173 153
577 12 173 153
578 13 173 153
579 14 174 153
580 13 175 153
581 13 175 153
582 11 175 155
583 13 175 155
584 13 175 155
585 12 176 155
586 12 176 155
587 12 176 155
588 12 176 155
589 11 176 156
590 11 176 156
591 11 176 156
592 11 176 156
593 13 176 156
594 12 178 156
595 12 178 156
596 13 178 156
597 15 178 156
598 15 178 156
599 14 179 156
600 14 179 156
601 14 179 156
602 15 179 156
603 18 180 156
604 17 180 157
605 17 181 158
606 17 181 159
607 17 182 160
608 19 182 160
609 21 182 160
610 21 182 160
611 21 182 160
612 21 182 160
613 21 182 160
614 20 184 161
615 24 184 161
616 22 185 162
617 21 186 162
618 21 186 162
619 21 186 162
620 20 186 163
621 20 186 163
622 20 186 163
623 20 186 163
624 19 187 163
625 18 187 164
626 18 187 164
627 20 187 164
628 20 187 164
629 26 187 164
630 27 188 164
631 26 188 165
632 24 188 167
633 26 188 167
634 25 188 168
635 25 188 168
636 25 188 168
637 23 190 168
638 22 190 169
639 25 191 169
640 26 191 169
641 25 192 169
642 25 192 169
643 27 192 169
644 28 192 169
645 29 192 170
646 28 193 170
647 28 193 170
648 27 194 170
649 28 197 170
650 29 197 170
651 29 197 172
652 30 197 172
653 31 197 173
654 30 197 175
655 28 198 176
656 29 198 176
657 29 198 176
658 28 199 176
659 28 199 176
660 27 200 176
661 26 201 176
662 26 202 176
663 24 203 177
664 23 203 178
665 22 203 179
666 23 203 179
667 25 203 179
668 25 203 180
669 26 204 180
670 27 204 181
671 30 204 182
672 31 204 182
673 30 205 182
674 28 205 184
675 27 205 185
676 28 205 185
677 27 205 186
678 28 205 186
679 26 206 187
680 26 206 187
681 26 206 187
682 21 208 190
683 20 208 191
684 19 209 191
685 19 209 191
686 19 209 191
687 18 210 191
688 18 210 192
689 20 210 192
690 18 212 192
691 17 213 192
692 17 214 192
693 18 214 193
694 18 214 193
695 17 215 193
696 16 216 193
697 16 216 193
698 16 216 193
699 16 216 193
700 15 217 193
701 15 217 193
702 15 217 193
703 17 217 193
704 16 217 194
705 14 218 195
706 14 218 195
707 13 219 195
708 11 219 197
709 11 219 197
710 9 221 197
711 9 221 197
712 9 221 197
713 9 221 197
714 10 221 197
715 10 221 197
716 9 222 197
717 9 222 197
718 7 224 197
719 6 225 197
720 7 225 197
721 6 225 198
722 6 225 198
723 6 225 198
724 6 225 198
725 6 225 198
726 6 225 198
727 6 225 198
728 6 225 198
729 6 225 198
730 6 225 198
731 8 225 198
732 8 225 198
733 7 226 198
734 7 226 198
735 7 226 198
736 7 226 198
737 7 226 198
738 6 227 198
739 6 227 198
740 6 227 198
741 5 228 198
742 5 228 198
743 4 229 198
744 4 229 198
745 3 230 198
746 3 230 198
747 3 230 198
748 3 230 198
749 3 230 198
750 3 230 198
751 3 230 198
752 3 230 198
753 3 230 198
754 2 231 198
755 2 231 198
756 2 231 198
757 2 231 198
758 3 231 198
759 3 231 198
760 3 231 198
761 3 231 198
762 2 232 198
763 2 232 198
764 2 232 198
765 2 232 198
766 2 232 198
767 2 232 198
768 2 232 198
769 2 232 198
770 2 232 198
771 2 232 198
772 1 233 198
773 1 233 198
774 1 233 198
775 1 233 198
776 1 233 198
777 0 234 198
