0 50 0 0
1 51 2 1
2 53 4 1
3 51 8 1
4 49 9 2
5 49 11 2
6 47 13 2
7 49 14 3
8 48 15 3
9 46 16 4
10 45 18 4
11 48 19 4
12 49 19 5
13 48 20 7
14 47 21 7
15 46 22 7
16 45 23 7
17 47 23 7
18 47 23 8
19 46 23 9
20 44 25 9
21 47 26 9
22 48 27 10
23 45 29 13
24 43 31 14
25 40 34 14
26 37 36 15
27 38 36 16
28 38 36 16
29 40 36 16
30 38 37 17
31 37 38 17
32 39 38 17
33 37 38 19
34 39 38 19
35 38 39 19
36 36 40 20
37 38 42 20
38 40 42 20
39 39 43 20
40 38 44 20
41 35 44 23
42 33 45 24
43 34 45 25
44 35 45 25
45 34 46 25
46 34 47 25
47 35 50 25
48 36 51 25
49 39 51 26
50 39 51 27
51 39 51 27
52 37 52 28
53 37 52 28
54 39 53 28
55 39 53 28
56 39 53 28
57 41 53 28
58 42 53 28
59 46 53 28
60 42 57 29
61 40 57 31
62 39 57 32
63 39 57 32
64 39 57 32
65 41 57 32
66 41 57 33
67 42 58 33
68 41 59 34
69 44 59 35
70 41 61 37
71 42 62 37
72 40 62 39
73 35 65 41
74 32 67 43
75 32 68 44
76 31 68 45
77 31 68 45
78 29 69 46
79 27 71 48
80 27 72 48
81 27 72 48
82 27 73 48
83 26 73 49
84 26 73 50
85 26 73 50
86 25 74 51
87 26 75 51
88 24 77 51
89 24 77 51
90 24 77 51
91 28 77 51
92 28 77 51
93 29 77 52
94 29 77 52
95 27 79 52
96 27 80 52
97 27 80 52
98 27 81 52
99 29 81 52
100 27 82 53
101 27 82 53
102 25 84 54
103 27 84 54
104 27 86 54
105 29 86 54
106 28 87 54
107 26 87 56
108 27 87 56
109 23 87 60
110 25 87 60
111 23 88 61
112 22 88 63
113 22 89 64
114 20 91 64
115 20 91 64
116 21 91 64
117 21 91 64
118 21 91 64
119 18 94 64
120 16 95 65
121 14 95 67
122 14 95 67
123 16 95 67
124 14 97 67
125 15 98 67
126 16 98 67
127 15 99 67
128 15 99 67
129 13 100 68
130 13 100 68
131 12 101 68
132 12 101 70
133 16 101 70
134 17 101 70
135 21 101 70
136 21 101 70
137 21 103 70
138 20 104 70
139 22 104 70
140 21 104 71
141 21 104 71
142 21 104 71
143 20 104 72
144 19 105 73
145 18 106 73
146 19 106 73
147 18 107 73
148 16 108 74
149 16 108 74
150 15 109 74
151 15 109 74
152 15 109 74
153 15 109 74
154 14 110 74
155 12 112 74
156 12 113 74
157 12 113 74
158 11 113 75
159 13 113 75
160 10 116 75
161 10 116 75
162 9 116 76
163 9 116 76
164 9 116 76
165 9 116 76
166 10 116 76
167 10 116 76
168 10 116 76
169 10 116 76
170 11 116 76
171 11 116 76
172 9 117 77
173 11 117 77
174 12 117 77
175 10 119 77
176 9 119 78
177 10 119 79
178 10 119 79
179 10 119 79
180 9 119 80
181 9 119 80
182 9 119 81
183 9 119 81
184 9 119 81
185 9 119 81
186 8 120 81
187 8 120 81
188 9 120 81
189 9 120 81
190 6 122 82
191 6 122 82
192 7 122 82
193 6 122 83
194 7 122 83
195 7 122 83
196 7 122 83
197 7 122 83
198 7 122 83
199 7 122 83
200 7 122 83
201 7 122 83
202 7 122 83
203 6 123 83
204 6 123 83
205 5 124 83
206 5 124 83
207 5 124 83
208 5 124 83
209 5 124 83
210 5 124 83
211 5 124 83
212 5 124 83
213 5 124 83
214 5 124 83
215 5 124 83
216 5 124 83
217 5 124 83
218 4 124 84
219 3 125 84
220 3 125 84
221 2 126 84
222 2 126 84
223 1 127 84
224 1 127 84
225 1 127 84
226 1 127 84
227 1 127 84
228 1 127 84
229 1 127 84
230 1 127 84
231 1 127 84
232 1 127 84
233 1 127 84
234 1 127 84
235 1 127 84
236 2 127 84
237 2 127 84
238 2 127 84
239 2 127 84
240 2 127 84
241 2 127 84
242 2 127 84
243 2 127 84
244 2 127 84
245 1 128 84
246 1 128 84
247 1 128 84
248 1 128 84
249 1 128 84
250 1 128 84
251 1 128 84
252 1 128 84
253 1 128 84
254 1 128 84
255 1 128 84
256 1 128 84
257 1 128 84
258 1 128 84
259 1 128 84
260 1 128 84
261 1 128 84
262 1 128 84
263 1 128 84
264 2 128 84
265 2 128 84
266 2 128 84
267 2 128 84
268 2 128 84
269 2 128 84
270 2 128 84
271 2 128 84
272 3 128 84
273 1 130 84
274 1 130 84
275 1 130 84
276 1 130 84
277 1 130 84
278 1 130 84
279 1 130 84
280 1 130 84
281 1 130 84
282 1 130 84
283 1 130 84
284 1 130 84
285 1 130 84
286 1 130 84
287 1 130 84
288 1 130 84
289 1 130 84
290 1 130 84
291 1 130 84
292 1 130 84
293 1 130 84
294 1 130 84
295 1 130 84
296 1 130 84
297 1 130 84
298 1 130 84
299 1 130 84
300 1 130 84
301 1 130 84
302 1 130 84
303 1 130 84
304 1 130 84
305 1 130 84
306 1 130 84
307 1 130 84
308 1 130 84
309 1 130 84
310 1 130 84
311 1 130 84
312 1 130 84
313 1 130 84
314 0 131 84
