0 50 0 0
1 43 6 1
2 42 6 2
3 41 7 2
4 41 8 2
5 42 9 2
6 41 11 2
7 43 11 2
8 41 14 2
9 45 14 2
10 45 14 2
11 43 14 4
12 43 15 4
13 40 16 6
14 41 16 6
15 46 17 6
16 46 17 6
17 42 19 8
18 41 19 9
19 38 21 10
20 39 21 10
21 41 21 10
22 39 23 10
23 39 25 10
24 37 26 12
25 34 27 14
26 35 27 14
27 34 28 14
28 35 28 14
29 39 30 14
30 39 30 14
31 40 30 15
32 40 31 15
33 39 32 15
34 39 32 16
35 35 34 18
36 34 35 18
37 34 35 18
38 34 35 19
39 32 35 21
40 29 36 23
41 31 36 23
42 31 36 23
43 29 37 24
44 29 37 24
45 31 37 24
46 31 37 25
47 30 37 26
48 29 39 26
49 29 39 26
50 28 39 27
51 29 40 27
52 27 41 28
53 29 41 28
54 30 41 28
55 29 44 28
56 27 46 28
57 30 46 29
58 30 46 29
59 31 47 29
60 30 47 30
61 31 48 30
62 29 50 30
63 27 50 32
64 29 50 32
65 29 52 32
66 31 52 32
67 32 53 32
68 32 53 32
69 35 54 32
70 36 54 32
71 35 55 34
72 35 55 34
73 32 56 36
74 34 56 36
75 33 57 36
76 33 58 36
77 34 58 37
78 32 59 38
79 33 60 38
80 35 60 38
81 38 60 39
82 36 61 40
83 35 62 40
84 35 62 40
85 34 63 40
86 36 63 40
87 36 63 40
88 37 63 40
89 34 65 41
90 33 67 41
91 32 67 42
92 30 67 44
93 32 67 44
94 32 67 44
95 36 67 44
96 36 67 44
97 36 68 45
98 37 68 46
99 37 68 46
100 37 70 46
101 41 70 46
102 42 70 46
103 45 71 46
104 47 71 46
105 47 73 46
106 48 75 46
107 53 75 47
108 51 76 49
109 53 76 49
110 55 76 49
111 58 76 50
112 53 79 52
113 48 80 56
114 49 80 56
115 48 81 56
116 47 82 56
117 46 83 56
118 44 87 56
119 43 88 56
120 42 90 56
121 43 91 56
122 41 93 57
123 39 93 59
124 39 93 59
125 35 96 60
126 34 96 61
127 36 96 61
128 38 96 61
129 35 98 62
130 35 99 62
131 36 100 62
132 37 100 62
133 38 101 62
134 39 101 62
135 38 103 63
136 37 104 65
137 35 106 65
138 35 107 65
139 34 108 65
140 32 109 66
141 34 109 66
142 34 110 66
143 35 111 66
144 34 112 68
145 35 113 68
146 36 114 68
147 34 115 69
148 33 115 71
149 33 116 72
150 33 118 72
151 30 121 72
152 30 122 72
153 33 123 72
154 32 124 72
155 34 125 73
156 32 125 75
157 32 125 75
158 31 126 75
159 30 127 77
160 30 128 77
161 30 128 77
162 28 129 78
163 26 131 78
164 28 131 78
165 29 132 78
166 29 133 78
167 30 134 78
168 31 134 78
169 26 136 81
170 25 136 83
171 25 137 84
172 24 138 84
173 21 138 87
174 21 138 87
175 21 138 87
176 18 140 88
177 18 140 88
178 17 141 88
179 19 141 88
180 19 141 88
181 18 141 89
182 19 141 89
183 23 141 89
184 25 141 89
185 24 141 90
186 24 141 90
187 22 142 91
188 23 142 91
189 24 143 91
190 24 143 91
191 24 144 92
192 24 144 92
193 24 144 92
194 23 145 93
195 21 146 94
196 20 147 94
197 19 147 95
198 18 148 95
199 17 149 95
200 17 149 95
201 16 150 95
202 17 150 95
203 16 150 96
204 16 150 96
205 16 150 96
206 16 150 96
207 13 151 98
208 14 151 98
209 16 151 98
210 15 152 98
211 14 153 98
212 14 153 98
213 14 153 98
214 14 153 98
215 14 153 98
216 14 153 98
217 14 153 98
218 14 153 98
219 14 153 98
220 13 154 98
221 16 154 99
222 15 155 99
223 15 155 99
224 14 155 100
225 14 155 100
226 16 155 100
227 14 156 101
228 13 156 102
229 17 156 102
230 16 157 102
231 16 157 102
232 15 159 102
233 15 160 103
234 14 160 104
235 14 160 104
236 12 161 105
237 11 161 106
238 10 161 107
239 12 161 107
240 12 161 107
241 12 161 107
242 12 161 107
243 11 162 107
244 10 162 108
245 9 163 108
246 9 163 108
247 9 163 108
248 8 164 109
249 8 164 109
250 8 164 109
251 10 164 109
252 11 164 109
253 15 164 109
254 16 164 109
255 16 164 109
256 17 164 109
257 19 164 109
258 20 164 109
259 20 164 111
260 19 165 111
261 18 165 112
262 18 165 112
263 18 165 112
264 20 165 112
265 19 165 113
266 17 165 115
267 15 167 115
268 15 167 116
269 15 167 116
270 14 168 116
271 14 168 116
272 13 168 117
273 13 168 117
274 13 168 117
275 11 170 117
276 11 170 117
277 11 170 117
278 11 170 117
279 9 171 118
280 9 171 118
281 13 171 118
282 12 171 119
283 14 171 119
284 15 171 119
285 14 172 119
286 14 173 119
287 14 173 119
288 15 173 119
289 13 174 120
290 13 174 120
291 11 175 121
292 11 175 121
293 10 175 122
294 11 175 122
295 12 176 122
296 12 176 122
297 13 176 123
298 13 176 123
299 13 176 123
300 13 176 123
301 11 178 123
302 11 178 123
303 9 178 125
304 9 178 125
305 10 178 126
306 9 179 126
307 9 179 126
308 9 179 126
309 9 179 126
310 9 179 126
311 9 179 126
312 8 180 126
313 7 181 126
314 8 181 126
315 7 182 126
316 6 183 126
317 6 183 126
318 6 183 126
319 6 183 126
320 6 183 126
321 5 183 127
322 4 184 127
323 4 184 127
324 3 184 128
325 3 184 128
326 3 184 128
327 3 184 128
328 2 185 128
329 2 185 128
330 2 185 128
331 2 185 128
332 2 185 128
333 2 185 128
334 2 185 128
335 2 185 128
336 2 185 128
337 2 185 128
338 2 185 128
339 2 185 128
340 2 185 128
341 2 185 128
342 2 185 128
343 2 185 128
344 2 185 128
345 2 185 128
346 1 185 129
347 1 185 129
348 1 185 129
349 1 185 129
350 1 185 129
351 1 185 129
352 1 185 129
353 1 185 129
354 1 185 129
355 1 185 129
356 1 185 129
357 1 185 129
358 1 185 129
359 1 185 129
360 1 185 129
361 1 185 129
362 1 185 129
363 0 185 130
