0 50 0 0
1 50 3 1
2 46 7 4
3 52 7 4
4 52 9 4
5 60 9 4
6 59 14 5
7 54 19 5
8 53 19 6
9 55 19 6
10 57 19 6
11 57 21 6
12 56 21 7
13 61 23 8
14 60 25 9
15 61 25 10
16 62 25 10
17 60 27 10
18 58 30 11
19 58 32 13
20 56 35 14
21 58 37 14
22 59 38 14
23 60 39 14
24 61 39 14
25 61 40 15
26 59 43 15
27 59 44 16
28 58 44 17
29 57 45 17
30 55 49 17
31 59 51 17
32 59 51 18
33 67 52 19
34 65 54 22
35 66 56 23
36 67 59 23
37 63 61 25
38 61 66 25
39 65 66 25
40 65 69 25
41 69 69 25
42 66 71 26
43 64 71 28
44 63 72 29
45 62 73 29
46 59 75 30
47 56 77 33
48 53 80 33
49 48 85 33
50 51 86 33
51 47 88 35
52 45 89 36
53 43 91 36
54 41 92 37
55 42 92 38
56 43 92 38
57 43 93 39
58 44 93 40
59 45 94 42
60 42 96 44
61 41 98 45
62 43 99 45
63 42 100 45
64 43 100 45
65 44 101 45
66 41 102 47
67 44 102 48
68 45 102 49
69 44 102 50
70 44 102 50
71 44 103 51
72 43 103 52
73 42 104 52
74 42 104 52
75 40 107 53
76 38 109 54
77 37 109 55
78 37 109 55
79 37 109 55
80 37 110 55
81 36 110 56
82 34 112 56
83 34 112 58
84 35 112 58
85 37 112 58
86 37 113 58
87 38 114 58
88 37 114 59
89 38 115 59
90 35 117 60
91 35 119 60
92 35 119 60
93 35 119 60
94 34 120 61
95 32 122 61
96 32 123 61
97 30 124 62
98 30 124 62
99 33 125 62
100 33 126 62
101 36 126 63
102 34 128 63
103 32 129 64
104 32 130 64
105 30 132 64
106 30 132 64
107 28 134 64
108 27 135 64
109 27 137 64
110 27 137 64
111 30 138 64
112 29 139 64
113 33 139 64
114 32 139 66
115 35 139 67
116 34 139 69
117 36 139 69
118 37 139 69
119 38 140 69
120 37 141 70
121 35 142 71
122 35 142 71
123 34 144 72
124 33 146 72
125 34 146 73
126 35 146 73
127 37 146 73
128 36 146 74
129 36 146 76
130 36 147 77
131 37 148 77
132 39 148 77
133 41 148 77
134 41 148 78
135 39 149 79
136 38 150 79
137 44 150 79
138 44 150 80
139 42 151 81
140 41 152 82
141 39 154 82
142 36 156 83
143 38 156 85
144 36 156 87
145 37 156 88
146 39 156 89
147 38 157 89
148 37 158 90
149 38 158 91
150 36 158 93
151 33 161 93
152 34 161 93
153 36 161 93
154 39 161 93
155 38 161 94
156 38 162 94
157 39 162 95
158 40 162 95
159 43 162 96
160 44 162 98
161 40 163 101
162 40 163 102
163 40 164 103
164 42 164 103
165 42 165 104
166 42 165 105
167 38 167 107
168 38 167 107
169 36 169 107
170 34 171 107
171 34 173 107
172 35 173 107
173 35 174 108
174 35 174 109
175 35 176 109
176 32 179 109
177 34 179 109
178 31 181 110
179 34 181 111
180 34 181 111
181 33 182 111
182 33 182 112
183 37 182 112
184 36 183 112
185 38 184 113
186 38 185 114
187 38 186 115
188 37 187 116
189 36 188 116
190 35 189 116
191 38 189 117
192 37 189 119
193 37 189 119
194 36 189 120
195 39 190 120
196 39 190 121
197 43 190 121
198 43 190 121
199 41 191 122
200 40 192 122
201 38 193 123
202 41 193 123
203 39 194 124
204 34 196 127
205 35 197 129
206 34 197 130
207 35 198 130
208 36 198 131
209 39 198 132
210 36 199 134
211 37 199 135
212 37 200 136
213 35 201 137
214 35 201 137
215 38 202 137
216 35 205 137
217 35 205 137
218 35 206 137
219 35 206 137
220 33 208 137
221 32 208 138
222 31 208 139
223 32 209 139
224 30 211 139
225 35 211 140
226 33 212 141
227 31 213 142
228 31 213 142
229 30 214 142
230 28 215 143
231 28 216 144
232 28 216 144
233 26 218 144
234 26 218 144
235 25 219 144
236 23 220 145
237 23 220 145
238 23 220 145
239 24 220 146
240 25 220 146
241 26 222 147
242 26 222 147
243 28 222 147
244 27 222 148
245 30 223 148
246 29 225 149
247 28 226 149
248 27 227 149
249 25 229 149
250 25 229 149
251 30 229 150
252 30 230 150
253 29 231 150
254 27 233 150
255 27 233 150
256 26 233 151
257 26 233 151
258 26 233 151
259 25 234 151
260 24 234 152
261 23 235 152
262 23 235 152
263 26 235 153
264 25 236 153
265 27 236 153
266 26 236 154
267 28 236 154
268 27 236 156
269 27 238 156
270 26 238 157
271 26 238 159
272 25 238 160
273 24 241 160
274 24 241 160
275 26 243 160
276 26 244 160
277 27 244 161
278 28 244 161
279 30 244 161
280 31 245 161
281 30 246 161
282 32 247 161
283 31 248 161
284 31 249 162
285 31 249 162
286 31 249 162
287 30 249 163
288 28 251 164
289 27 251 165
290 26 252 165
291 25 253 165
292 25 253 166
293 30 253 167
294 29 253 168
295 30 254 168
296 29 254 169
297 29 254 169
298 28 254 170
299 26 255 171
300 26 255 172
301 26 255 172
302 24 257 172
303 24 257 172
304 24 257 172
305 24 257 172
306 25 257 172
307 27 257 172
308 26 258 172
309 27 259 172
310 27 259 172
311 28 260 172
312 27 260 173
313 27 262 173
314 27 263 173
315 29 263 173
316 30 263 173
317 30 263 173
318 29 265 173
319 33 265 173
320 31 266 174
321 35 266 174
322 35 266 174
323 35 267 175
324 34 268 175
325 30 272 175
326 30 272 176
327 32 272 176
328 32 272 176
329 30 273 177
330 30 273 177
331 30 273 177
332 28 275 177
333 28 275 177
334 28 275 177
335 28 275 177
336 27 276 177
337 26 277 177
338 24 279 177
339 25 279 180
340 24 279 181
341 25 280 181
342 25 280 182
343 24 280 183
344 24 281 183
345 26 281 183
346 25 282 183
347 27 282 183
348 27 282 184
349 29 282 184
350 30 282 184
351 29 283 184
352 29 284 185
353 31 284 185
354 30 285 186
355 28 286 187
356 28 287 188
357 32 287 188
358 32 287 188
359 31 288 188
360 32 289 188
361 31 290 188
362 30 291 188
363 30 291 188
364 30 291 188
365 30 292 189
366 30 293 190
367 33 295 191
368 33 295 191
369 31 297 191
370 31 298 191
371 26 302 192
372 26 302 193
373 27 302 194
374 27 304 194
375 29 304 194
376 27 305 195
377 28 306 195
378 26 307 197
379 26 307 197
380 27 307 197
381 27 307 197
382 26 307 198
383 28 307 198
384 28 307 199
385 28 307 199
386 29 307 199
387 31 307 199
388 33 307 199
389 31 309 199
390 31 309 199
391 31 309 199
392 28 311 200
393 28 311 200
394 27 311 201
395 26 312 201
396 25 313 201
397 24 314 201
398 25 314 201
399 26 314 202
400 26 315 202
401 25 317 203
402 23 319 203
403 25 319 203
404 25 320 203
405 25 320 203
406 23 322 203
407 22 323 203
408 21 324 204
409 23 324 204
410 22 325 204
411 22 326 205
412 24 326 205
413 24 326 205
414 24 326 205
415 27 327 205
416 25 327 207
417 25 327 207
418 24 327 208
419 28 327 208
420 25 329 209
421 27 329 209
422 23 333 209
423 22 333 210
424 22 333 210
425 27 333 211
426 28 333 211
427 27 333 212
428 27 333 213
429 29 333 213
430 31 333 213
431 33 335 213
432 33 335 214
433 33 335 214
434 33 335 214
435 39 335 214
436 36 338 214
437 32 342 214
438 29 344 215
439 30 345 215
440 29 346 215
441 29 347 216
442 26 350 216
443 28 350 216
444 25 351 218
445 24 352 218
446 25 352 218
447 24 353 218
448 22 355 218
449 22 355 218
450 23 355 218
451 25 355 218
452 25 355 218
453 23 355 220
454 23 355 220
455 25 355 220
456 24 356 220
457 22 357 221
458 21 358 221
459 20 359 221
460 19 359 222
461 19 359 222
462 17 362 222
463 21 362 222
464 20 363 222
465 20 363 222
466 21 363 222
467 23 363 222
468 22 364 222
469 20 365 223
470 21 365 223
471 21 365 223
472 19 367 223
473 20 368 223
474 20 368 223
475 19 370 224
476 19 370 224
477 19 370 224
478 19 370 224
479 19 370 224
480 19 370 224
481 17 371 225
482 16 372 226
483 16 372 226
484 17 372 226
485 16 373 226
486 17 373 226
487 17 373 226
488 15 373 228
489 15 373 228
490 15 373 228
491 15 373 228
492 14 373 230
493 14 373 230
494 14 373 230
495 14 373 230
496 14 373 230
497 14 373 230
498 14 374 230
499 12 376 230
500 11 376 231
501 10 377 231
502 9 378 231
503 9 378 231
504 9 378 231
505 7 380 231
506 7 380 231
507 7 380 231
508 8 380 231
509 10 380 231
510 10 380 231
511 10 380 231
512 10 381 231
513 12 381 231
514 12 381 231
515 12 381 231
516 13 381 231
517 16 382 231
518 16 382 231
519 16 382 231
520 16 382 231
521 16 382 231
522 16 382 231
523 15 383 231
524 13 385 231
525 15 385 231
526 14 386 231
527 16 386 231
528 15 387 231
529 16 387 232
530 16 387 232
531 16 387 232
532 16 387 232
533 14 389 232
534 15 389 232
535 15 389 232
536 15 389 232
537 14 390 232
538 14 390 232
539 14 390 232
540 12 391 233
541 12 391 233
542 12 391 234
543 16 391 234
544 17 391 234
545 16 391 235
546 14 393 236
547 16 393 236
548 16 393 236
549 18 393 236
550 18 393 236
551 20 393 236
552 19 393 237
553 19 393 237
554 20 393 237
555 20 393 237
556 22 393 237
557 21 394 237
558 22 394 237
559 23 394 238
560 23 394 238
561 25 394 238
562 24 394 239
563 24 394 239
564 23 395 239
565 23 395 239
566 23 396 239
567 25 397 240
568 24 398 240
569 24 400 240
570 25 400 240
571 25 400 240
572 24 400 241
573 23 401 241
574 22 402 241
575 21 403 243
576 21 403 243
577 20 403 244
578 20 403 244
579 20 403 244
580 21 403 244
581 21 403 244
582 22 403 244
583 20 403 246
584 21 403 246
585 22 404 246
586 23 404 246
587 23 404 246
588 20 405 248
589 20 405 248
590 19 405 249
591 20 406 249
592 19 406 250
593 19 406 250
594 18 406 251
595 17 407 251
596 17 407 251
597 15 409 251
598 15 409 251
599 15 409 251
600 17 409 251
601 18 410 251
602 19 410 251
603 19 410 251
604 19 410 252
605 18 411 252
606 18 411 252
607 17 411 253
608 17 412 253
609 17 412 253
610 15 414 253
611 15 414 253
612 13 414 255
613 11 416 255
614 10 416 256
615 10 416 256
616 10 416 256
617 10 416 256
618 9 416 257
619 9 416 257
620 9 416 257
621 9 416 257
622 9 416 257
623 9 416 257
624 9 416 257
625 9 416 257
626 9 416 257
627 9 416 257
628 8 417 257
629 8 417 257
630 8 417 257
631 6 419 257
632 5 420 257
633 5 420 257
634 5 420 257
635 5 420 257
636 4 421 257
637 3 421 258
638 3 421 258
639 3 421 258
640 3 421 258
641 3 421 258
642 3 421 258
643 3 421 258
644 3 421 258
645 3 421 258
646 3 421 258
647 3 421 258
648 3 421 258
649 3 421 258
650 3 421 258
651 3 421 258
652 3 421 258
653 2 422 258
654 2 422 258
655 2 422 258
656 2 422 258
657 2 422 258
658 2 422 258
659 2 422 258
660 2 422 258
661 2 422 258
662 2 422 258
663 2 422 258
664 2 422 258
665 2 422 258
666 3 422 258
667 3 422 258
668 3 422 258
669 3 422 258
670 3 422 258
671 2 422 259
672 2 422 259
673 2 422 259
674 2 422 259
675 2 422 259
676 2 422 259
677 4 422 259
678 4 422 259
679 4 422 259
680 4 422 259
681 4 422 259
682 4 422 259
683 4 422 259
684 3 423 259
685 5 423 259
686 5 423 259
687 5 423 259
688 6 423 259
689 6 423 259
690 6 423 259
691 6 423 259
692 6 423 259
693 5 423 260
694 5 423 260
695 5 423 260
696 5 423 260
697 5 423 260
698 5 423 260
699 5 423 260
700 5 423 260
701 5 423 260
702 6 423 260
703 8 423 260
704 10 423 260
705 9 424 260
706 7 425 261
707 9 425 261
708 9 425 261
709 9 425 261
710 9 425 261
711 8 426 261
712 8 426 261
713 10 426 261
714 9 426 262
715 9 426 262
716 7 428 262
717 9 428 262
718 8 429 262
719 8 429 262
720 7 430 262
721 7 430 262
722 7 430 262
723 8 431 262
724 8 431 262
725 8 431 262
726 8 432 262
727 8 432 262
728 8 432 262
729 10 432 262
730 9 433 262
731 8 434 262
732 7 435 262
733 6 436 262
734 5 437 262
735 5 437 262
736 5 437 262
737 5 437 262
738 5 437 262
739 4 437 263
740 4 437 263
741 4 437 263
742 4 437 263
743 4 437 263
744 4 437 263
745 4 437 263
746 4 437 263
747 4 437 263
748 4 437 263
749 4 437 263
750 4 437 263
751 4 437 263
752 4 437 263
753 4 437 263
754 4 437 263
755 4 437 263
756 4 437 263
757 4 437 263
758 4 437 263
759 4 437 263
760 4 437 263
761 4 437 263
762 4 437 263
763 4 437 263
764 4 437 263
765 4 437 263
766 4 437 263
767 3 438 263
768 3 438 263
769 3 438 263
770 3 438 263
771 3 438 263
772 3 438 263
773 3 438 263
774 3 438 263
775 3 438 263
776 3 438 263
777 3 438 263
778 3 438 263
779 3 438 263
780 3 438 263
781 3 438 263
782 3 438 263
783 3 438 263
784 3 438 263
785 3 438 263
786 3 438 263
787 3 438 263
788 3 438 263
789 3 438 263
790 2 438 264
791 2 438 264
792 2 438 264
793 2 438 264
794 2 438 264
795 2 438 264
796 2 438 264
797 2 438 264
798 2 438 264
799 2 438 264
800 2 438 264
801 2 438 264
802 2 438 264
803 2 438 264
804 2 438 264
805 2 438 264
806 2 438 264
807 2 438 264
808 2 438 264
809 2 438 264
810 2 438 264
811 2 438 264
812 2 438 264
813 2 438 264
814 2 438 264
815 2 438 264
816 1 439 264
817 1 439 264
818 1 439 264
819 1 439 264
820 1 439 264
821 3 439 264
822 1 441 264
823 1 441 264
824 1 441 264
825 1 441 264
826 1 441 264
827 1 441 264
828 1 441 264
829 1 441 264
830 1 441 264
831 1 441 264
832 1 441 264
833 1 441 264
834 1 441 264
835 1 441 264
836 1 441 264
837 1 441 264
838 1 441 264
839 1 441 264
840 1 441 264
841 1 441 264
842 1 441 264
843 1 441 264
844 1 441 264
845 1 441 264
846 1 441 264
847 1 441 264
848 1 441 264
849 1 441 264
850 1 441 264
851 1 441 264
852 1 441 264
853 1 441 264
854 1 441 264
855 1 441 264
856 1 441 264
857 1 441 264
858 1 441 264
859 1 441 264
860 1 441 264
861 1 441 264
862 1 441 264
863 1 441 264
864 1 441 264
865 1 441 264
866 1 441 264
867 0 442 264
