0 50 0 0
1 52 0 0
2 51 1 1
3 53 1 1
4 56 1 1
5 55 1 4
6 56 1 5
7 57 2 5
8 58 4 5
9 62 4 5
10 64 5 6
11 64 5 6
12 64 7 6
13 59 10 8
14 59 11 8
15 59 11 8
16 56 12 11
17 57 12 12
18 55 13 14
19 58 14 16
20 57 14 17
21 56 14 20
22 56 14 21
23 60 14 21
24 59 15 21
25 56 15 24
26 56 16 25
27 58 16 25
28 55 20 25
29 52 25 25
30 52 27 25
31 54 28 26
32 56 28 26
33 60 29 27
34 59 30 29
35 58 31 29
36 55 34 30
37 58 34 31
38 55 35 33
39 50 38 35
40 50 41 35
41 49 43 36
42 47 45 37
43 46 45 38
44 48 45 38
45 51 45 39
46 52 46 40
47 56 46 40
48 55 47 40
49 56 49 41
50 53 53 41
51 55 55 43
52 57 55 43
53 57 55 43
54 58 55 43
55 58 56 44
56 59 57 44
57 62 58 44
58 63 58 44
59 62 58 45
60 63 59 45
61 63 59 45
62 59 62 47
63 65 63 48
64 65 63 49
65 68 64 51
66 66 67 51
67 68 67 51
68 67 70 51
69 70 71 51
70 68 73 52
71 67 73 53
72 63 73 57
73 64 74 59
74 63 76 60
75 66 76 61
76 65 77 62
77 65 79 62
78 67 79 63
79 67 80 64
80 66 81 65
81 67 82 65
82 67 84 66
83 71 85 67
84 70 87 68
85 73 89 69
86 73 91 69
87 78 92 69
88 79 94 69
89 76 94 72
90 75 94 74
91 79 96 74
92 80 97 74
93 80 99 76
94 82 102 77
95 83 105 77
96 85 107 78
97 91 109 80
98 90 109 82
99 90 109 84
100 89 111 84
101 95 111 84
102 94 111 86
103 94 113 88
104 89 117 89
105 88 118 91
106 87 119 92
107 91 120 93
108 90 121 93
109 89 123 96
110 85 125 99
111 83 125 101
112 82 126 101
113 86 126 101
114 87 127 102
115 87 129 102
116 87 130 102
117 84 131 106
118 81 135 107
119 89 135 107
120 85 137 109
121 89 138 110
122 88 141 111
123 87 142 113
124 85 146 114
125 82 148 115
126 81 150 115
127 84 152 116
128 83 153 117
129 87 153 117
130 84 156 119
131 86 156 121
132 83 160 122
133 81 161 125
134 79 163 126
135 83 165 126
136 81 167 126
137 78 171 127
138 76 173 128
139 76 175 130
140 72 176 134
141 76 177 135
142 75 177 137
143 73 179 137
144 72 181 137
145 71 182 139
146 71 183 139
147 73 185 139
148 72 186 140
149 73 186 141
150 73 187 142
151 78 188 144
152 80 188 145
153 82 190 145
154 81 191 147
155 77 195 147
156 77 196 148
157 74 199 150
158 78 199 151
159 79 201 152
160 81 202 153
161 81 205 154
162 83 206 155
163 79 208 157
164 73 212 159
165 72 213 161
166 71 214 163
167 76 215 163
168 78 215 164
169 79 216 166
170 79 219 166
171 81 220 167
172 83 220 169
173 82 222 170
174 82 224 171
175 80 227 172
176 80 227 174
177 81 228 174
178 80 230 175
179 84 230 177
180 82 231 179
181 82 232 180
182 79 234 183
183 78 236 184
184 79 236 186
185 83 237 187
186 77 242 189
187 79 242 193
188 78 243 194
189 79 245 195
190 77 248 197
191 80 249 197
192 79 250 198
193 88 251 200
194 88 251 201
195 87 252 203
196 88 253 205
197 90 254 206
198 82 262 208
199 82 263 209
200 79 266 210
201 78 269 212
202 77 271 213
203 78 272 215
204 76 274 215
205 76 274 215
206 75 275 215
207 75 275 217
208 72 278 218
209 71 280 219
210 70 281 220
211 72 283 220
212 72 284 221
213 73 285 223
214 73 286 225
215 74 287 225
216 69 292 226
217 75 294 228
218 76 295 229
219 84 295 231
220 84 297 232
221 88 301 232
222 89 301 232
223 92 301 235
224 93 301 237
225 87 305 239
226 83 308 241
227 80 311 243
228 80 312 243
229 81 312 244
230 85 312 245
231 86 313 247
232 81 316 249
233 79 319 250
234 78 321 253
235 82 323 253
236 81 325 255
237 81 325 257
238 83 326 260
239 87 326 260
240 86 328 261
241 85 329 263
242 86 330 264
243 82 334 264
244 82 334 264
245 80 336 266
246 83 336 267
247 87 338 267
248 83 344 268
249 83 345 269
250 79 348 270
251 75 349 273
252 77 351 273
253 78 352 275
254 75 354 277
255 76 354 280
256 75 357 280
257 74 357 283
258 76 359 283
259 80 361 283
260 75 364 286
261 75 365 287
262 79 365 287
263 77 369 287
264 76 371 287
265 79 373 290
266 79 374 291
267 83 375 292
268 82 376 296
269 84 376 296
270 81 377 298
271 86 378 300
272 83 380 301
273 87 381 302
274 84 385 303
275 83 387 306
276 82 389 306
277 83 390 308
278 79 393 310
279 78 397 311
280 80 397 312
281 74 401 314
282 71 405 314
283 72 407 315
284 68 411 317
285 71 413 318
286 70 413 320
287 65 417 323
288 64 418 324
289 70 420 324
290 69 423 326
291 68 426 328
292 68 427 329
293 68 427 331
294 70 427 331
295 68 427 333
296 68 428 334
297 67 429 334
298 67 431 334
299 64 432 336
300 65 433 336
301 62 434 338
302 57 436 341
303 57 438 341
304 56 439 343
305 55 439 344
306 53 441 344
307 49 443 346
308 47 444 348
309 48 444 349
310 47 446 349
311 52 447 349
312 52 448 350
313 53 449 350
314 58 450 350
315 59 451 350
316 59 453 351
317 57 455 353
318 58 456 353
319 57 457 357
320 56 459 357
321 58 459 359
322 57 460 359
323 63 462 359
324 63 462 360
325 63 464 362
326 62 464 364
327 60 466 366
328 62 466 366
329 64 466 366
330 63 467 366
331 66 467 367
332 63 470 369
333 66 472 370
334 65 472 371
335 70 473 373
336 67 475 375
337 69 475 375
338 67 476 376
339 66 476 377
340 65 478 377
341 64 479 377
342 64 480 378
343 66 480 378
344 67 480 378
345 70 481 378
346 70 482 379
347 70 483 380
348 68 484 382
349 65 485 384
350 63 487 384
351 64 487 385
352 63 487 386
353 69 487 386
354 72 488 386
355 72 490 386
356 75 490 387
357 73 492 389
358 69 495 391
359 72 496 391
360 73 497 392
361 74 498 392
362 72 500 394
363 69 505 394
364 68 506 395
365 68 508 395
366 68 508 396
367 71 509 396
368 68 512 396
369 66 512 398
370 65 514 398
371 68 514 399
372 65 516 400
373 62 518 401
374 59 520 402
375 59 521 403
376 59 522 403
377 56 524 404
378 55 526 404
379 54 527 404
380 56 528 405
381 59 528 406
382 60 529 406
383 54 533 408
384 55 533 408
385 53 535 408
386 52 535 409
387 53 539 410
388 57 539 410
389 55 542 411
390 56 543 411
391 58 543 411
392 57 545 411
393 57 545 411
394 52 549 412
395 48 551 414
396 46 552 415
397 48 552 415
398 47 553 416
399 48 554 416
400 49 554 416
401 46 556 417
402 46 557 418
403 47 557 419
404 45 558 420
405 47 559 421
406 45 561 422
407 47 561 422
408 44 564 423
409 45 565 425
410 45 565 425
411 47 565 425
412 48 566 425
413 47 567 427
414 47 569 427
415 47 570 428
416 48 571 428
417 46 571 430
418 46 571 431
419 45 572 431
420 45 573 431
421 50 574 431
422 49 575 431
423 55 575 431
424 55 577 432
425 54 580 432
426 52 583 434
427 50 584 435
428 48 586 435
429 46 587 436
430 42 589 438
431 43 590 438
432 44 590 439
433 45 591 439
434 45 592 439
435 42 592 442
436 39 595 442
437 39 596 443
438 38 597 445
439 39 597 446
440 39 597 446
441 38 597 447
442 39 597 448
443 37 598 449
444 38 598 451
445 36 600 451
446 36 601 451
447 35 602 451
448 35 602 451
449 37 602 451
450 36 603 453
451 35 605 454
452 36 605 454
453 38 605 454
454 37 607 455
455 32 611 458
456 32 611 458
457 33 612 458
458 32 613 459
459 31 614 459
460 30 615 459
461 29 615 460
462 27 616 461
463 27 618 461
464 26 619 461
465 31 620 461
466 33 620 461
467 32 620 462
468 32 620 463
469 31 621 463
470 30 622 463
471 29 622 464
472 29 622 464
473 28 623 464
474 26 624 465
475 25 625 465
476 25 625 465
477 24 626 465
478 22 627 466
479 24 627 466
480 24 627 466
481 25 627 467
482 25 627 467
483 25 629 467
484 25 629 467
485 21 631 469
486 18 633 470
487 19 634 470
488 17 635 471
489 19 635 471
490 21 635 471
491 19 636 472
492 16 638 473
493 18 638 473
494 17 639 473
495 16 639 474
496 15 639 475
497 14 640 475
498 14 640 475
499 13 640 476
500 12 640 477
501 9 642 478
502 9 642 478
503 9 642 478
504 8 642 479
505 8 642 479
506 8 642 479
507 7 643 479
508 6 644 479
509 6 644 479
510 6 644 479
511 6 644 479
512 5 644 480
513 7 644 480
514 7 644 480
515 7 644 480
516 7 644 480
517 7 644 480
518 8 644 480
519 7 644 481
520 7 644 481
521 8 644 482
522 8 644 482
523 8 644 482
524 8 644 482
525 8 644 482
526 7 644 483
527 8 644 484
528 8 644 484
529 6 645 485
530 5 646 485
531 5 646 485
532 5 646 485
533 5 646 485
534 4 646 486
535 6 646 486
536 6 646 486
537 6 646 486
538 6 646 486
539 6 646 486
540 5 646 487
541 5 646 487
542 5 646 487
543 5 646 487
544 6 646 487
545 6 646 487
546 6 646 487
547 6 646 487
548 6 646 487
549 6 646 487
550 4 646 489
551 6 646 489
552 6 646 489
553 6 646 489
554 6 646 489
555 6 646 489
556 6 646 489
557 6 646 489
558 5 646 490
559 5 646 490
560 5 646 490
561 5 646 490
562 5 646 490
563 5 646 490
564 5 646 490
565 5 646 490
566 6 646 490
567 6 646 490
568 6 646 490
569 6 646 490
570 5 646 491
571 5 646 491
572 5 646 491
573 5 646 491
574 4 646 492
575 3 647 492
576 3 647 492
577 3 647 492
578 3 647 492
579 2 648 492
580 2 648 492
581 4 648 492
582 4 648 492
583 4 648 492
584 4 648 492
585 4 648 492
586 4 648 492
587 4 648 492
588 4 648 492
589 4 648 492
590 4 648 492
591 4 648 492
592 4 648 492
593 4 648 492
594 6 648 492
595 6 648 492
596 6 648 492
597 6 648 492
598 5 648 493
599 7 648 493
600 7 648 493
601 7 648 493
602 7 648 493
603 7 648 493
604 7 648 493
605 7 648 493
606 7 648 493
607 7 648 493
608 7 648 493
609 6 649 493
610 5 649 494
611 7 649 494
612 7 649 494
613 7 649 494
614 5 650 495
615 5 650 495
616 5 650 495
617 4 651 495
618 4 651 495
619 4 651 495
620 4 651 495
621 4 651 495
622 4 651 495
623 4 651 495
624 4 651 495
625 4 651 495
626 4 651 495
627 4 651 495
628 4 651 495
629 4 651 495
630 4 651 495
631 6 651 495
632 6 651 495
633 6 651 495
634 6 651 495
635 6 651 495
636 7 651 495
637 7 651 495
638 7 651 495
639 7 651 495
640 7 651 495
641 9 651 495
642 9 651 495
643 9 651 495
644 9 651 495
645 9 651 495
646 10 651 495
647 10 651 495
648 9 652 495
649 9 652 495
650 9 652 495
651 8 652 496
652 8 652 496
653 8 652 496
654 8 652 496
655 8 652 496
656 8 652 496
657 8 652 496
658 8 652 496
659 10 652 496
660 10 652 496
661 9 653 496
662 9 653 496
663 11 653 496
664 10 654 497
665 10 654 497
666 9 655 497
667 10 656 497
668 9 657 497
669 9 659 497
670 9 659 498
671 9 659 498
672 9 659 498
673 7 660 499
674 7 660 499
675 7 660 499
676 5 662 499
677 5 662 499
678 5 662 499
679 7 662 499
680 7 662 499
681 7 662 499
682 7 662 499
683 7 662 499
684 6 663 499
685 6 663 499
686 6 663 499
687 6 663 499
688 5 664 499
689 5 664 499
690 6 664 499
691 5 664 500
692 5 664 500
693 4 664 501
694 5 664 501
695 5 664 501
696 5 664 501
697 4 665 501
698 4 665 501
699 4 665 501
700 3 665 502
701 2 665 503
702 2 665 503
703 2 665 503
704 2 665 503
705 2 665 503
706 2 665 503
707 2 665 503
708 2 665 503
709 2 665 503
710 2 665 503
711 2 665 503
712 2 665 503
713 2 665 503
714 2 665 503
715 2 665 503
716 2 665 503
717 2 665 503
718 2 665 503
719 2 665 503
720 1 665 504
721 0 665 505
