0 50 0 0
1 51 0 1
2 49 1 3
3 49 2 4
4 47 3 6
5 47 4 7
6 48 4 8
7 46 5 9
8 45 6 9
9 45 6 9
10 45 7 9
11 47 7 9
12 45 8 11
13 47 8 11
14 46 10 11
15 45 10 12
16 45 10 12
17 42 12 13
18 42 13 13
19 40 14 14
20 40 14 15
21 39 14 16
22 40 14 16
23 41 15 16
24 41 16 17
25 43 17 18
26 44 17 18
27 44 17 18
28 41 18 20
29 42 20 21
30 42 20 21
31 40 20 23
32 41 20 23
33 40 21 25
34 40 21 25
35 41 22 25
36 43 22 26
37 44 23 26
38 43 24 27
39 47 26 27
40 44 29 28
41 46 31 28
42 43 34 28
43 48 34 29
44 45 37 29
45 46 37 30
46 45 37 31
47 46 37 32
48 46 37 33
49 46 39 33
50 45 39 35
51 47 39 35
52 47 39 36
53 46 40 36
54 44 41 37
55 43 42 37
56 42 43 37
57 41 43 38
58 39 44 39
59 39 45 40
60 40 46 40
61 40 46 40
62 40 46 40
63 40 46 40
64 38 48 40
65 36 49 41
66 36 50 41
67 38 50 43
68 36 51 44
69 36 52 45
70 38 52 45
71 36 53 46
72 38 54 47
73 39 55 47
74 42 55 48
75 43 55 49
76 42 57 50
77 45 58 50
78 44 59 51
79 45 60 51
80 43 62 52
81 41 65 53
82 42 65 54
83 48 65 54
84 50 65 55
85 51 68 57
86 53 68 57
87 53 69 58
88 52 70 60
89 53 71 62
90 50 75 64
91 45 78 66
92 46 78 67
93 43 79 69
94 40 80 72
95 37 81 74
96 36 82 74
97 34 83 75
98 34 83 76
99 34 83 76
100 34 83 76
101 34 83 76
102 33 85 76
103 33 85 76
104 32 86 77
105 36 86 77
106 34 87 78
107 36 87 78
108 36 87 78
109 34 89 78
110 34 89 78
111 35 90 78
112 37 90 78
113 38 91 78
114 39 91 78
115 34 96 78
116 34 96 79
117 34 96 79
118 36 96 79
119 35 96 80
120 35 96 80
121 34 99 80
122 36 99 80
123 37 100 80
124 36 101 80
125 39 101 81
126 41 101 81
127 44 102 81
128 43 103 81
129 45 105 81
130 48 105 81
131 50 105 81
132 47 107 82
133 44 108 84
134 41 108 87
135 43 108 87
136 43 109 87
137 42 112 87
138 43 112 87
139 41 114 89
140 41 114 90
141 40 114 91
142 41 114 91
143 38 117 91
144 37 118 91
145 38 119 91
146 37 119 92
147 36 119 93
148 36 120 93
149 36 121 94
150 36 121 94
151 36 121 94
152 36 121 94
153 37 121 95
154 38 121 95
155 40 121 95
156 41 121 95
157 43 122 98
158 43 123 98
159 45 125 98
160 44 125 99
161 44 125 99
162 44 125 99
163 49 126 99
164 49 127 100
165 53 127 100
166 53 127 100
167 54 128 100
168 53 128 101
169 53 130 101
170 51 132 102
171 51 132 104
172 50 133 104
173 50 133 106
174 47 134 109
175 49 134 109
176 50 134 110
177 53 134 111
178 52 136 111
179 55 136 112
180 56 137 113
181 54 138 114
182 54 138 115
183 53 141 117
184 52 142 118
185 49 146 119
186 50 146 119
187 56 146 119
188 54 148 119
189 57 149 119
190 59 149 119
191 57 150 120
192 57 151 121
193 59 151 121
194 57 153 122
195 57 155 122
196 56 155 123
197 56 157 123
198 57 157 124
199 56 158 124
200 56 158 124
201 56 159 125
202 55 159 126
203 55 159 126
204 53 161 126
205 50 161 129
206 49 163 130
207 45 166 131
208 46 167 131
209 48 167 131
210 50 167 131
211 51 168 133
212 49 170 134
213 48 171 136
214 48 171 136
215 48 171 136
216 46 172 137
217 44 173 138
218 44 173 139
219 46 174 140
220 45 175 140
221 48 175 141
222 47 177 141
223 47 179 141
224 47 180 141
225 49 180 141
226 48 181 141
227 46 185 141
228 47 185 141
229 46 186 141
230 43 188 142
231 42 188 143
232 42 188 144
233 41 188 147
234 39 190 148
235 37 190 150
236 38 191 150
237 36 193 150
238 31 197 151
239 27 199 153
240 26 200 154
241 28 200 154
242 29 202 155
243 31 202 155
244 30 203 155
245 32 203 155
246 32 203 155
247 31 203 156
248 31 204 157
249 33 204 157
250 33 204 158
251 37 204 158
252 37 204 159
253 39 204 159
254 40 204 161
255 39 204 162
256 40 204 162
257 43 204 163
258 42 204 164
259 42 204 164
260 44 204 165
261 45 205 165
262 45 207 166
263 44 207 167
264 42 208 168
265 41 208 169
266 38 210 170
267 38 210 170
268 36 212 170
269 39 212 171
270 39 212 171
271 39 213 172
272 37 215 172
273 35 216 173
274 34 217 173
275 35 218 173
276 36 218 173
277 34 219 174
278 35 221 174
279 36 221 175
280 37 222 175
281 35 223 176
282 37 223 176
283 42 224 176
284 38 228 176
285 38 229 177
286 38 230 177
287 35 231 179
288 33 231 181
289 33 231 183
290 31 232 184
291 30 233 184
292 32 233 185
293 31 234 187
294 30 236 187
295 27 238 188
296 26 239 189
297 26 239 189
298 27 239 189
299 27 239 189
300 28 240 190
301 27 241 190
302 27 241 190
303 27 241 190
304 27 241 190
305 30 242 190
306 30 243 190
307 29 243 193
308 28 244 193
309 26 246 193
310 27 246 193
311 31 246 193
312 32 246 193
313 31 247 193
314 29 247 195
315 30 248 195
316 28 249 196
317 25 252 196
318 23 253 197
319 25 253 199
320 23 254 200
321 22 255 200
322 21 256 201
323 21 256 201
324 20 257 201
325 22 257 201
326 23 257 201
327 24 258 201
328 23 258 202
329 22 259 202
330 22 259 202
331 22 259 202
332 20 259 204
333 19 259 205
334 18 261 205
335 21 262 205
336 21 262 205
337 21 262 205
338 21 262 205
339 22 263 205
340 22 263 205
341 21 263 206
342 20 264 206
343 20 264 206
344 20 264 206
345 18 265 207
346 19 265 207
347 19 265 207
348 19 265 207
349 21 265 207
350 21 265 208
351 22 265 209
352 20 265 211
353 20 265 211
354 19 265 212
355 18 265 213
356 18 265 213
357 20 266 214
358 20 266 214
359 22 266 214
360 22 266 214
361 26 266 214
362 26 266 214
363 28 266 214
364 29 266 214
365 31 266 214
366 33 266 214
367 33 266 214
368 33 266 214
369 32 267 214
370 32 268 214
371 31 268 215
372 32 268 215
373 30 269 216
374 29 270 216
375 32 271 216
376 32 272 216
377 34 273 217
378 33 273 218
379 34 273 219
380 35 273 219
381 36 274 221
382 36 274 221
383 36 274 221
384 36 274 222
385 38 274 222
386 35 275 224
387 33 276 225
388 34 276 225
389 40 276 225
390 41 276 226
391 42 276 227
392 42 276 227
393 46 276 227
394 46 277 228
395 46 278 229
396 46 278 229
397 45 280 230
398 45 281 230
399 45 282 231
400 45 282 233
401 47 282 233
402 46 283 233
403 41 284 237
404 41 285 237
405 47 285 237
406 46 286 237
407 48 286 237
408 45 287 240
409 45 287 240
410 46 288 240
411 43 289 242
412 45 289 242
413 46 290 242
414 45 290 244
415 49 290 244
416 46 291 246
417 45 291 247
418 45 292 247
419 44 293 247
420 43 293 248
421 45 293 248
422 42 295 249
423 42 295 249
424 40 296 250
425 38 296 252
426 38 296 253
427 41 297 253
428 41 297 253
429 42 298 253
430 41 299 254
431 38 301 255
432 37 301 256
433 41 301 256
434 42 301 256
435 46 301 256
436 44 303 256
437 43 303 257
438 42 304 258
439 43 304 259
440 43 304 259
441 41 304 261
442 43 304 262
443 42 305 262
444 44 307 262
445 45 307 263
446 44 307 264
447 43 307 265
448 44 307 266
449 46 307 268
450 47 308 268
451 46 309 268
452 46 309 268
453 46 309 268
454 46 309 268
455 40 314 269
456 38 315 271
457 39 316 271
458 39 318 271
459 45 318 271
460 45 318 271
461 45 318 271
462 44 319 271
463 46 319 271
464 48 319 271
465 49 321 272
466 49 322 272
467 46 326 273
468 44 327 275
469 43 328 275
470 43 328 276
471 44 331 278
472 44 333 279
473 43 334 279
474 43 334 279
475 43 334 279
476 43 335 280
477 41 336 281
478 41 336 282
479 42 336 283
480 39 340 283
481 40 340 284
482 41 340 285
483 43 340 285
484 43 340 286
485 44 340 287
486 42 342 287
487 44 344 287
488 42 345 288
489 42 345 288
490 45 345 288
491 44 346 288
492 44 346 289
493 46 346 289
494 50 346 289
495 50 346 289
496 50 346 291
497 52 348 291
498 52 349 291
499 51 351 292
500 51 352 292
501 50 353 292
502 49 354 292
503 53 356 292
504 51 356 294
505 51 356 294
506 53 357 294
507 54 357 297
508 55 357 298
509 55 357 298
510 55 358 300
511 55 361 301
512 51 363 304
513 52 364 306
514 52 364 307
515 51 368 308
516 51 369 308
517 49 369 310
518 48 370 310
519 47 371 312
520 49 371 312
521 47 373 314
522 49 374 314
523 48 375 314
524 49 375 314
525 48 376 314
526 44 378 316
527 44 379 317
528 42 380 318
529 42 380 320
530 42 381 320
531 43 381 323
532 45 381 323
533 45 383 323
534 44 383 325
535 45 385 326
536 49 385 326
537 47 386 327
538 48 386 327
539 45 389 327
540 44 390 329
541 47 390 330
542 44 393 330
543 38 397 332
544 41 397 332
545 42 398 332
546 43 398 332
547 46 399 332
548 45 400 333
549 48 401 333
550 49 401 333
551 50 402 333
552 49 402 335
553 52 402 336
554 50 404 337
555 55 405 337
556 55 406 339
557 56 406 340
558 55 408 340
559 52 410 341
560 53 410 341
561 55 411 344
562 56 411 344
563 55 411 345
564 55 411 345
565 54 411 346
566 55 411 346
567 53 413 346
568 52 414 347
569 51 415 347
570 50 416 348
571 49 419 348
572 54 419 348
573 52 421 348
574 51 421 351
575 52 421 352
576 51 422 352
577 53 422 352
578 53 423 353
579 53 423 353
580 54 423 353
581 52 424 354
582 52 424 356
583 54 424 356
584 53 424 357
585 52 425 357
586 47 429 358
587 50 430 358
588 48 431 359
589 50 432 360
590 50 432 361
591 50 434 361
592 50 434 364
593 48 435 365
594 48 435 365
595 47 436 365
596 48 437 366
597 51 439 367
598 51 439 367
599 50 440 367
600 50 440 368
601 51 441 368
602 49 441 371
603 49 442 372
604 48 443 373
605 50 443 373
606 49 444 373
607 51 444 375
608 50 445 377
609 50 447 377
610 50 448 378
611 52 449 379
612 49 451 380
613 47 453 380
614 48 453 380
615 49 453 381
616 51 454 382
617 50 455 382
618 52 455 382
619 50 456 383
620 50 458 384
621 54 458 384
622 56 458 384
623 57 458 385
624 58 458 385
625 65 458 386
626 67 458 386
627 73 458 386
628 76 458 386
629 82 460 386
630 79 462 387
631 80 463 389
632 82 464 390
633 85 465 390
634 90 465 391
635 102 467 391
636 105 468 391
637 104 468 394
638 105 468 396
639 104 469 398
640 99 472 401
641 100 474 404
642 102 476 407
643 98 479 410
644 97 480 411
645 99 481 412
646 100 481 412
647 98 482 417
648 95 485 418
649 100 486 418
650 100 486 420
651 99 487 422
652 99 491 422
653 108 491 423
654 109 492 423
655 115 492 423
656 117 495 423
657 120 497 424
658 118 502 424
659 119 503 426
660 116 504 429
661 119 505 431
662 119 507 433
663 124 510 433
664 116 516 435
665 119 516 436
666 120 517 439
667 122 519 439
668 122 520 440
669 121 522 441
670 120 525 441
671 122 526 442
672 119 528 444
673 120 530 445
674 118 531 447
675 121 534 447
676 117 538 448
677 119 540 450
678 116 541 452
679 124 543 452
680 123 544 454
681 121 548 454
682 119 552 454
683 127 552 454
684 125 555 455
685 133 559 455
686 134 560 457
687 136 560 457
688 137 561 460
689 146 562 464
690 143 563 467
691 142 567 470
692 141 571 470
693 149 574 471
694 147 577 472
695 155 580 475
696 155 582 475
697 155 584 477
698 146 588 483
699 143 590 486
700 140 595 490
701 144 597 492
702 146 598 493
703 154 601 494
704 151 604 497
705 155 606 501
706 154 609 502
707 155 612 504
708 151 614 507
709 154 615 509
710 148 619 512
711 145 620 516
712 148 620 518
713 151 623 520
714 147 625 524
715 145 627 526
716 144 629 527
717 151 631 530
718 150 632 534
719 149 633 536
720 152 633 539
721 148 639 541
722 145 641 545
723 147 643 545
724 143 648 549
725 151 651 552
726 149 654 553
727 143 660 555
728 138 665 557
729 136 670 558
730 131 673 560
731 129 676 561
732 123 681 565
733 127 681 565
734 121 686 567
735 126 687 569
736 126 688 570
737 132 689 573
738 131 691 574
739 133 693 576
740 132 695 577
741 137 698 577
742 134 701 580
743 134 703 582
744 140 704 582
745 143 710 585
746 143 712 587
747 137 714 591
748 138 717 594
749 139 719 595
750 138 721 597
751 132 723 601
752 129 727 604
753 131 729 604
754 128 732 607
755 132 735 608
756 130 740 608
757 140 743 609
758 141 746 611
759 150 749 613
760 150 751 614
761 157 752 614
762 155 757 616
763 156 758 618
764 150 764 620
765 148 768 622
766 146 770 623
767 144 772 627
768 142 772 630
769 152 773 631
770 148 775 636
771 157 779 639
772 151 784 644
773 148 787 650
774 135 796 656
775 144 797 658
776 142 801 659
777 141 802 661
778 139 803 665
779 141 804 666
780 141 806 667
781 141 807 668
782 140 811 668
783 140 815 670
784 142 816 670
785 146 818 670
786 145 823 670
787 146 826 670
788 147 828 670
789 155 828 670
790 152 831 673
791 155 832 675
792 143 839 681
793 141 843 683
794 140 843 685
795 141 845 686
796 137 845 691
797 135 849 693
798 133 852 695
799 127 855 698
800 123 856 703
801 123 858 705
802 124 860 705
803 127 862 710
804 127 864 712
805 131 868 714
806 129 871 715
807 131 873 719
808 129 874 722
809 141 875 723
810 141 878 725
811 149 881 726
812 149 882 728
813 156 884 729
814 155 888 731
815 158 891 735
816 157 894 739
817 158 895 743
818 155 899 744
819 159 901 746
820 154 906 750
821 155 911 752
822 152 913 754
823 153 914 756
824 154 914 756
825 157 916 759
826 149 922 762
827 156 924 763
828 150 927 767
829 154 927 771
830 147 931 775
831 152 932 777
832 151 934 780
833 154 937 780
834 150 940 784
835 150 942 788
836 147 943 790
837 144 948 792
838 141 949 797
839 132 953 804
840 136 953 804
841 142 955 804
842 140 956 809
843 146 959 810
844 150 961 810
845 152 966 813
846 149 967 817
847 145 974 820
848 148 975 821
849 150 978 822
850 143 981 826
851 143 984 829
852 136 989 832
853 140 990 833
854 138 995 834
855 143 996 836
856 143 997 840
857 145 1003 842
858 142 1007 844
859 140 1011 844
860 134 1014 849
861 135 1016 852
862 135 1017 853
863 135 1017 857
864 137 1019 859
865 137 1024 862
866 140 1025 864
867 145 1026 866
868 142 1027 870
869 139 1030 872
870 141 1030 875
871 149 1030 877
872 151 1030 877
873 153 1030 881
874 151 1032 884
875 159 1032 890
876 155 1036 892
877 155 1037 895
878 154 1039 896
879 153 1043 899
880 150 1048 901
881 149 1050 902
882 145 1053 905
883 148 1054 907
884 150 1056 908
885 161 1057 908
886 161 1061 909
887 166 1064 913
888 164 1065 917
889 171 1067 920
890 168 1068 923
891 171 1071 925
892 171 1077 925
893 179 1083 927
894 176 1089 930
895 175 1090 932
896 175 1092 933
897 181 1093 934
898 182 1094 939
899 182 1096 939
900 177 1100 942
901 187 1101 943
902 183 1105 946
903 197 1106 949
904 198 1106 950
905 197 1109 950
906 198 1110 951
907 200 1114 955
908 194 1122 956
909 194 1126 956
910 190 1131 959
911 196 1132 964
912 197 1132 967
913 202 1134 968
914 195 1138 971
915 201 1143 974
916 204 1144 978
917 205 1146 983
918 200 1149 986
919 197 1151 989
920 195 1153 991
921 195 1155 993
922 195 1157 994
923 191 1164 999
924 191 1165 1003
925 191 1168 1006
926 185 1175 1008
927 191 1177 1010
928 188 1181 1012
929 183 1182 1016
930 186 1182 1017
931 191 1185 1017
932 189 1188 1020
933 174 1198 1025
934 169 1202 1031
935 176 1206 1032
936 178 1209 1032
937 186 1211 1034
938 184 1214 1037
939 179 1216 1042
940 180 1219 1043
941 176 1220 1046
942 169 1226 1050
943 167 1230 1052
944 165 1233 1055
945 165 1241 1057
946 160 1245 1060
947 156 1248 1065
948 153 1252 1067
949 162 1252 1070
950 159 1253 1074
951 161 1256 1075
952 157 1257 1081
953 160 1258 1085
954 159 1260 1087
955 157 1267 1092
956 157 1269 1095
957 162 1269 1096
958 159 1274 1097
959 154 1276 1102
960 153 1279 1103
961 153 1281 1105
962 153 1282 1106
963 152 1288 1107
964 150 1290 1110
965 150 1293 1113
966 140 1296 1123
967 142 1299 1124
968 136 1304 1126
969 135 1305 1130
970 134 1308 1132
971 136 1309 1133
972 133 1312 1134
973 141 1313 1137
974 143 1314 1139
975 139 1316 1143
976 138 1318 1143
977 142 1320 1143
978 143 1323 1146
979 149 1325 1146
980 150 1325 1150
981 150 1328 1151
982 151 1330 1154
983 150 1333 1156
984 147 1338 1156
985 147 1339 1159
986 147 1340 1161
987 147 1340 1165
988 151 1340 1167
989 150 1343 1169
990 147 1346 1171
991 146 1350 1172
992 144 1353 1175
993 147 1354 1177
994 145 1355 1180
995 147 1356 1183
996 141 1363 1187
997 144 1365 1188
998 144 1368 1189
999 141 1372 1192
1000 136 1375 1197
1001 145 1377 1198
1002 139 1380 1201
1003 139 1381 1204
1004 141 1382 1205
1005 137 1386 1207
1006 138 1390 1207
1007 141 1391 1209
1008 142 1393 1212
1009 142 1394 1213
1010 141 1396 1214
1011 141 1398 1216
1012 136 1402 1219
1013 133 1405 1219
1014 130 1408 1222
1015 129 1410 1223
1016 127 1414 1224
1017 130 1415 1226
1018 129 1418 1227
1019 129 1422 1227
1020 127 1425 1228
1021 130 1425 1231
1022 132 1425 1231
1023 133 1426 1233
1024 132 1428 1235
1025 132 1430 1237
1026 132 1432 1240
1027 136 1432 1242
1028 137 1432 1244
1029 144 1433 1244
1030 138 1435 1250
1031 137 1437 1253
1032 135 1440 1255
1033 134 1442 1256
1034 131 1446 1257
1035 135 1448 1259
1036 133 1449 1262
1037 134 1451 1263
1038 135 1455 1264
1039 129 1458 1267
1040 124 1461 1272
1041 127 1463 1273
1042 127 1464 1274
1043 126 1469 1276
1044 125 1471 1276
1045 128 1471 1279
1046 129 1472 1280
1047 126 1475 1280
1048 125 1477 1281
1049 126 1481 1282
1050 127 1481 1284
1051 127 1483 1286
1052 127 1485 1286
1053 131 1489 1288
1054 134 1491 1291
1055 138 1493 1291
1056 135 1493 1295
1057 133 1496 1298
1058 130 1500 1299
1059 123 1503 1303
1060 121 1506 1305
1061 119 1507 1306
1062 118 1508 1307
1063 116 1512 1311
1064 121 1512 1311
1065 119 1515 1312
1066 120 1517 1313
1067 118 1518 1316
1068 113 1523 1316
1069 114 1525 1319
1070 113 1529 1319
1071 117 1530 1320
1072 120 1531 1321
1073 122 1533 1323
1074 121 1537 1324
1075 124 1540 1324
1076 123 1542 1324
1077 126 1543 1324
1078 124 1544 1325
1079 124 1547 1328
1080 122 1550 1329
1081 120 1553 1332
1082 115 1556 1336
1083 113 1557 1339
1084 113 1560 1340
1085 116 1561 1340
1086 120 1562 1341
1087 116 1566 1345
1088 116 1566 1347
1089 115 1568 1348
1090 114 1570 1349
1091 113 1575 1351
1092 111 1577 1352
1093 108 1579 1353
1094 112 1580 1353
1095 113 1581 1355
1096 113 1582 1355
1097 108 1586 1358
1098 105 1589 1359
1099 108 1592 1361
1100 106 1593 1364
1101 102 1594 1367
1102 103 1596 1368
1103 98 1599 1370
1104 98 1601 1371
1105 98 1604 1372
1106 97 1605 1374
1107 95 1607 1374
1108 94 1609 1375
1109 95 1610 1377
1110 96 1612 1378
1111 94 1614 1382
1112 93 1615 1384
1113 96 1616 1386
1114 99 1618 1387
1115 93 1622 1391
1116 93 1624 1392
1117 100 1626 1393
1118 99 1627 1394
1119 99 1627 1394
1120 98 1628 1394
1121 100 1630 1396
1122 98 1631 1397
1123 100 1632 1398
1124 100 1634 1399
1125 100 1635 1400
1126 98 1635 1402
1127 95 1636 1404
1128 95 1636 1404
1129 95 1638 1406
1130 99 1639 1406
1131 100 1639 1409
1132 98 1639 1411
1133 100 1640 1412
1134 102 1642 1413
1135 103 1643 1415
1136 105 1643 1415
1137 104 1646 1417
1138 100 1649 1420
1139 104 1649 1422
1140 102 1652 1423
1141 102 1654 1423
1142 99 1656 1426
1143 104 1657 1426
1144 102 1658 1428
1145 109 1660 1429
1146 106 1664 1432
1147 106 1666 1432
1148 103 1670 1434
1149 100 1675 1434
1150 102 1676 1435
1151 106 1677 1436
1152 105 1680 1437
1153 106 1682 1438
1154 106 1683 1439
1155 106 1686 1440
1156 104 1687 1444
1157 98 1693 1446
1158 99 1694 1448
1159 101 1694 1450
1160 99 1696 1452
1161 103 1697 1453
1162 100 1699 1454
1163 98 1704 1455
1164 99 1704 1455
1165 103 1706 1455
1166 102 1708 1457
1167 102 1709 1460
1168 103 1710 1460
1169 99 1713 1461
1170 100 1713 1463
1171 108 1713 1463
1172 108 1716 1463
1173 110 1718 1465
1174 107 1721 1467
1175 105 1721 1469
1176 107 1721 1469
1177 111 1723 1469
1178 108 1724 1471
1179 114 1725 1472
1180 114 1729 1472
1181 111 1730 1476
1182 108 1733 1477
1183 110 1733 1477
1184 113 1733 1479
1185 110 1735 1482
1186 109 1735 1484
1187 105 1737 1486
1188 104 1741 1486
1189 105 1744 1488
1190 98 1748 1492
1191 104 1750 1494
1192 102 1755 1495
1193 102 1755 1495
1194 97 1758 1497
1195 93 1762 1499
1196 89 1764 1501
1197 89 1765 1502
1198 83 1769 1505
1199 85 1771 1505
1200 85 1772 1506
1201 82 1775 1508
1202 81 1778 1508
1203 88 1778 1509
1204 86 1779 1514
1205 87 1779 1515
1206 86 1783 1515
1207 81 1783 1520
1208 80 1785 1521
1209 88 1785 1521
1210 87 1787 1521
1211 85 1790 1524
1212 84 1793 1524
1213 79 1795 1527
1214 81 1798 1527
1215 85 1800 1527
1216 80 1803 1529
1217 81 1806 1531
1218 77 1810 1532
1219 78 1811 1534
1220 78 1812 1534
1221 80 1813 1535
1222 78 1817 1537
1223 81 1818 1537
1224 81 1818 1537
1225 84 1819 1539
1226 83 1820 1540
1227 80 1821 1542
1228 81 1822 1543
1229 86 1823 1543
1230 83 1827 1543
1231 84 1828 1543
1232 79 1829 1549
1233 80 1833 1550
1234 78 1833 1552
1235 78 1834 1555
1236 77 1835 1557
1237 79 1837 1557
1238 78 1839 1557
1239 81 1839 1558
1240 81 1842 1558
1241 77 1843 1561
1242 75 1844 1563
1243 78 1845 1563
1244 77 1847 1563
1245 79 1849 1563
1246 79 1849 1564
1247 79 1850 1565
1248 77 1853 1566
1249 76 1854 1566
1250 75 1854 1568
1251 73 1857 1569
1252 72 1858 1571
1253 72 1858 1573
1254 72 1858 1573
1255 72 1859 1574
1256 72 1859 1574
1257 76 1861 1574
1258 75 1863 1575
1259 77 1864 1576
1260 74 1866 1579
1261 74 1867 1580
1262 73 1869 1582
1263 74 1870 1582
1264 70 1873 1585
1265 67 1874 1587
1266 65 1876 1589
1267 66 1877 1589
1268 64 1880 1589
1269 62 1882 1591
1270 61 1882 1592
1271 66 1882 1593
1272 66 1883 1594
1273 70 1883 1594
1274 67 1883 1597
1275 66 1885 1598
1276 63 1885 1602
1277 62 1887 1603
1278 62 1887 1603
1279 60 1887 1605
1280 58 1889 1607
1281 56 1890 1608
1282 54 1892 1608
1283 53 1892 1609
1284 53 1893 1609
1285 49 1895 1611
1286 49 1895 1611
1287 50 1896 1611
1288 53 1896 1612
1289 54 1897 1612
1290 55 1897 1612
1291 52 1898 1614
1292 51 1899 1615
1293 50 1900 1615
1294 50 1901 1615
1295 52 1901 1615
1296 52 1902 1615
1297 55 1903 1615
1298 54 1905 1615
1299 53 1906 1615
1300 53 1908 1615
1301 51 1909 1616
1302 51 1909 1616
1303 50 1912 1616
1304 49 1913 1617
1305 52 1914 1617
1306 53 1914 1618
1307 54 1915 1618
1308 54 1915 1619
1309 52 1916 1620
1310 52 1916 1621
1311 52 1916 1623
1312 51 1917 1624
1313 51 1921 1624
1314 50 1921 1625
1315 50 1922 1626
1316 50 1922 1626
1317 50 1924 1626
1318 50 1924 1626
1319 54 1924 1626
1320 51 1925 1628
1321 51 1926 1629
1322 49 1927 1630
1323 47 1929 1630
1324 48 1930 1630
1325 45 1932 1631
1326 45 1933 1631
1327 45 1935 1631
1328 44 1935 1632
1329 45 1935 1633
1330 44 1936 1633
1331 46 1936 1633
1332 45 1938 1633
1333 54 1938 1634
1334 55 1938 1634
1335 56 1939 1634
1336 54 1939 1636
1337 53 1940 1636
1338 52 1941 1637
1339 54 1943 1637
1340 52 1946 1637
1341 50 1948 1637
1342 52 1949 1637
1343 54 1949 1637
1344 53 1952 1638
1345 53 1952 1640
1346 51 1954 1641
1347 57 1956 1641
1348 53 1959 1642
1349 56 1959 1643
1350 56 1960 1643
1351 57 1962 1644
1352 56 1966 1644
1353 58 1966 1644
1354 58 1966 1644
1355 59 1967 1644
1356 58 1969 1646
1357 54 1971 1648
1358 53 1972 1649
1359 56 1972 1650
1360 57 1972 1651
1361 57 1974 1651
1362 57 1976 1651
1363 56 1976 1652
1364 55 1978 1652
1365 55 1978 1652
1366 54 1979 1653
1367 51 1979 1656
1368 51 1979 1656
1369 51 1981 1656
1370 52 1982 1656
1371 55 1983 1656
1372 53 1983 1658
1373 51 1985 1660
1374 53 1985 1660
1375 57 1987 1660
1376 56 1988 1661
1377 62 1990 1661
1378 58 1991 1664
1379 59 1991 1665
1380 57 1993 1666
1381 62 1994 1666
1382 62 1994 1666
1383 64 1994 1666
1384 63 1994 1667
1385 64 1997 1667
1386 62 1999 1668
1387 63 2001 1669
1388 62 2001 1670
1389 62 2003 1670
1390 63 2005 1670
1391 64 2006 1670
1392 63 2007 1670
1393 63 2008 1671
1394 63 2008 1671
1395 61 2009 1672
1396 60 2010 1673
1397 55 2013 1675
1398 52 2016 1675
1399 55 2016 1676
1400 55 2016 1676
1401 57 2016 1676
1402 58 2018 1677
1403 57 2019 1679
1404 54 2022 1679
1405 56 2023 1680
1406 50 2028 1681
1407 50 2030 1681
1408 49 2031 1681
1409 47 2031 1683
1410 46 2031 1684
1411 42 2035 1684
1412 44 2035 1684
1413 45 2035 1685
1414 44 2035 1686
1415 44 2036 1687
1416 43 2036 1689
1417 43 2038 1689
1418 43 2038 1689
1419 47 2038 1689
1420 46 2039 1690
1421 46 2039 1690
1422 47 2039 1690
1423 49 2039 1690
1424 48 2041 1690
1425 50 2042 1691
1426 50 2043 1691
1427 47 2044 1693
1428 45 2046 1693
1429 42 2046 1696
1430 42 2047 1696
1431 40 2048 1697
1432 40 2048 1697
1433 41 2051 1697
1434 41 2051 1698
1435 41 2053 1698
1436 41 2054 1698
1437 43 2054 1698
1438 42 2055 1698
1439 45 2056 1698
1440 44 2057 1698
1441 43 2058 1700
1442 41 2060 1700
1443 42 2060 1701
1444 40 2062 1701
1445 37 2066 1702
1446 37 2066 1702
1447 35 2068 1704
1448 35 2068 1704
1449 43 2068 1704
1450 42 2069 1704
1451 40 2071 1704
1452 39 2073 1704
1453 47 2073 1704
1454 47 2074 1704
1455 48 2075 1704
1456 46 2077 1704
1457 46 2078 1705
1458 46 2078 1705
1459 49 2078 1706
1460 49 2079 1706
1461 47 2080 1707
1462 46 2082 1708
1463 44 2084 1708
1464 43 2085 1708
1465 42 2085 1709
1466 42 2086 1710
1467 43 2087 1710
1468 43 2088 1710
1469 44 2088 1711
1470 45 2088 1711
1471 43 2090 1711
1472 44 2091 1711
1473 43 2092 1711
1474 45 2093 1711
1475 47 2093 1711
1476 44 2094 1713
1477 45 2095 1713
1478 43 2095 1715
1479 44 2096 1715
1480 45 2097 1715
1481 45 2097 1715
1482 47 2097 1715
1483 46 2098 1715
1484 47 2098 1715
1485 44 2100 1716
1486 44 2100 1717
1487 39 2103 1719
1488 39 2103 1721
1489 38 2104 1721
1490 37 2104 1722
1491 38 2105 1722
1492 39 2105 1722
1493 35 2108 1723
1494 36 2108 1723
1495 35 2108 1724
1496 34 2108 1725
1497 35 2109 1725
1498 36 2109 1725
1499 36 2109 1725
1500 35 2109 1726
1501 35 2109 1726
1502 35 2110 1726
1503 37 2110 1726
1504 37 2111 1726
1505 35 2111 1728
1506 35 2111 1728
1507 34 2111 1729
1508 33 2112 1729
1509 32 2113 1729
1510 31 2113 1731
1511 33 2113 1731
1512 32 2114 1731
1513 32 2114 1731
1514 29 2115 1733
1515 29 2115 1733
1516 29 2115 1733
1517 28 2115 1734
1518 29 2115 1734
1519 30 2115 1735
1520 29 2115 1736
1521 29 2115 1736
1522 29 2115 1736
1523 30 2115 1737
1524 30 2115 1738
1525 29 2116 1740
1526 29 2116 1740
1527 29 2116 1740
1528 25 2117 1743
1529 24 2118 1743
1530 22 2119 1744
1531 21 2121 1745
1532 22 2123 1745
1533 20 2124 1746
1534 20 2124 1746
1535 22 2124 1746
1536 23 2124 1746
1537 21 2125 1747
1538 20 2125 1748
1539 22 2125 1748
1540 21 2125 1749
1541 20 2126 1749
1542 20 2126 1750
1543 22 2126 1750
1544 23 2126 1750
1545 27 2126 1750
1546 26 2127 1751
1547 26 2127 1751
1548 26 2127 1752
1549 23 2127 1755
1550 22 2128 1755
1551 19 2129 1757
1552 19 2129 1757
1553 22 2129 1758
1554 23 2129 1758
1555 24 2130 1758
1556 24 2130 1759
1557 23 2130 1760
1558 21 2132 1760
1559 20 2132 1761
1560 19 2132 1762
1561 20 2133 1762
1562 20 2133 1762
1563 19 2134 1762
1564 19 2134 1762
1565 18 2135 1762
1566 18 2135 1762
1567 18 2135 1762
1568 16 2136 1763
1569 16 2136 1763
1570 16 2137 1763
1571 16 2137 1763
1572 16 2137 1763
1573 15 2137 1764
1574 15 2137 1764
1575 14 2137 1765
1576 15 2137 1766
1577 16 2138 1766
1578 14 2139 1767
1579 14 2139 1767
1580 14 2139 1767
1581 13 2139 1768
1582 11 2140 1769
1583 11 2140 1769
1584 10 2141 1769
1585 11 2142 1769
1586 11 2142 1769
1587 12 2142 1770
1588 12 2142 1770
1589 14 2142 1770
1590 14 2142 1770
1591 16 2142 1770
1592 16 2142 1770
1593 18 2142 1770
1594 19 2142 1770
1595 19 2142 1770
1596 19 2142 1770
1597 19 2142 1770
1598 19 2142 1771
1599 19 2142 1771
1600 19 2142 1771
1601 21 2142 1771
1602 20 2143 1771
1603 19 2144 1771
1604 18 2144 1772
1605 20 2144 1772
1606 20 2144 1772
1607 20 2144 1772
1608 20 2144 1772
1609 21 2144 1773
1610 21 2145 1773
1611 20 2145 1774
1612 21 2145 1774
1613 21 2145 1774
1614 20 2146 1774
1615 20 2146 1774
1616 20 2147 1774
1617 20 2147 1774
1618 21 2147 1774
1619 21 2147 1774
1620 19 2147 1776
1621 19 2147 1776
1622 17 2147 1778
1623 19 2147 1778
1624 19 2147 1778
1625 19 2147 1778
1626 19 2148 1778
1627 21 2148 1778
1628 20 2149 1778
1629 22 2149 1778
1630 24 2149 1778
1631 24 2149 1778
1632 24 2149 1778
1633 26 2149 1778
1634 28 2149 1778
1635 29 2150 1778
1636 30 2150 1778
1637 31 2151 1778
1638 31 2151 1779
1639 27 2154 1780
1640 26 2154 1782
1641 26 2154 1782
1642 23 2155 1785
1643 22 2155 1786
1644 21 2155 1787
1645 23 2155 1787
1646 22 2156 1787
1647 21 2156 1788
1648 21 2157 1788
1649 19 2159 1788
1650 18 2160 1788
1651 18 2160 1788
1652 15 2161 1790
1653 17 2161 1790
1654 17 2161 1791
1655 19 2161 1791
1656 20 2161 1791
1657 20 2161 1793
1658 20 2162 1793
1659 17 2164 1794
1660 18 2164 1794
1661 20 2164 1794
1662 19 2165 1795
1663 23 2165 1795
1664 23 2165 1795
1665 23 2165 1795
1666 23 2165 1795
1667 26 2165 1796
1668 25 2165 1797
1669 23 2165 1799
1670 24 2165 1799
1671 24 2165 1799
1672 23 2166 1799
1673 23 2166 1799
1674 24 2166 1799
1675 23 2167 1799
1676 23 2167 1799
1677 23 2167 1799
1678 24 2167 1799
1679 23 2168 1799
1680 23 2168 1800
1681 21 2170 1800
1682 20 2171 1800
1683 20 2171 1800
1684 19 2172 1800
1685 19 2172 1800
1686 19 2172 1800
1687 20 2172 1801
1688 21 2172 1801
1689 21 2172 1801
1690 20 2173 1801
1691 20 2173 1801
1692 18 2176 1801
1693 18 2176 1801
1694 18 2176 1801
1695 17 2176 1802
1696 16 2177 1802
1697 17 2177 1803
1698 18 2177 1803
1699 14 2181 1803
1700 14 2182 1804
1701 14 2182 1804
1702 14 2182 1804
1703 15 2183 1804
1704 15 2183 1804
1705 16 2183 1805
1706 13 2186 1805
1707 13 2186 1805
1708 14 2186 1805
1709 12 2187 1806
1710 11 2188 1806
1711 11 2188 1806
1712 11 2188 1806
1713 11 2188 1806
1714 10 2188 1807
1715 10 2188 1807
1716 10 2188 1807
1717 10 2190 1807
1718 10 2190 1807
1719 10 2190 1807
1720 10 2190 1807
1721 12 2190 1807
1722 11 2191 1807
1723 11 2191 1807
1724 10 2191 1808
1725 10 2191 1808
1726 10 2191 1809
1727 9 2191 1810
1728 9 2191 1810
1729 9 2191 1810
1730 9 2191 1810
1731 9 2191 1810
1732 8 2191 1811
1733 8 2191 1811
1734 7 2192 1811
1735 9 2192 1811
1736 9 2192 1811
1737 8 2193 1811
1738 8 2193 1811
1739 10 2193 1811
1740 11 2193 1811
1741 11 2193 1811
1742 11 2193 1811
1743 12 2194 1811
1744 12 2195 1811
1745 11 2195 1812
1746 11 2195 1812
1747 10 2196 1812
1748 10 2196 1812
1749 10 2196 1812
1750 10 2196 1812
1751 9 2197 1812
1752 8 2198 1812
1753 7 2199 1812
1754 7 2199 1812
1755 6 2199 1813
1756 4 2201 1813
1757 4 2201 1813
1758 4 2201 1813
1759 4 2201 1813
1760 4 2201 1813
1761 4 2201 1813
1762 4 2201 1813
1763 4 2201 1813
1764 4 2201 1813
1765 4 2201 1813
1766 4 2201 1813
1767 4 2201 1813
1768 5 2201 1813
1769 4 2202 1813
1770 4 2202 1813
1771 4 2202 1813
1772 4 2202 1813
1773 4 2202 1813
1774 4 2202 1813
1775 4 2202 1813
1776 4 2202 1813
1777 4 2202 1813
1778 4 2202 1813
1779 4 2202 1813
1780 4 2202 1813
1781 4 2202 1813
1782 4 2202 1813
1783 6 2202 1813
1784 6 2202 1813
1785 6 2202 1813
1786 6 2202 1813
1787 6 2202 1813
1788 5 2203 1813
1789 4 2204 1813
1790 3 2205 1813
1791 3 2205 1813
1792 3 2205 1813
1793 3 2205 1813
1794 5 2205 1813
1795 5 2205 1813
1796 4 2206 1813
1797 4 2206 1813
1798 4 2206 1813
1799 4 2206 1813
1800 3 2207 1813
1801 3 2207 1813
1802 3 2207 1813
1803 5 2207 1813
1804 5 2207 1813
1805 7 2207 1813
1806 5 2209 1813
1807 4 2210 1813
1808 4 2210 1813
1809 4 2210 1813
1810 4 2210 1813
1811 4 2210 1813
1812 3 2211 1813
1813 3 2211 1813
1814 3 2211 1813
1815 3 2211 1813
1816 3 2211 1813
1817 3 2211 1813
1818 3 2211 1813
1819 2 2212 1813
1820 2 2212 1813
1821 2 2212 1813
1822 2 2212 1813
1823 2 2212 1813
1824 2 2212 1813
1825 2 2212 1813
1826 2 2212 1813
1827 2 2212 1813
1828 3 2212 1813
1829 3 2212 1813
1830 3 2212 1813
1831 3 2212 1813
1832 3 2212 1813
1833 3 2212 1813
1834 2 2212 1814
1835 2 2212 1814
1836 2 2212 1814
1837 2 2212 1814
1838 2 2212 1814
1839 2 2212 1814
1840 2 2212 1814
1841 2 2212 1814
1842 2 2212 1814
1843 2 2212 1814
1844 2 2212 1814
1845 2 2212 1814
1846 2 2212 1814
1847 1 2212 1815
1848 1 2212 1815
1849 1 2212 1815
1850 1 2212 1815
1851 1 2212 1815
1852 1 2212 1815
1853 3 2212 1815
1854 3 2212 1815
1855 3 2212 1815
1856 3 2212 1815
1857 5 2212 1815
1858 5 2212 1815
1859 5 2212 1815
1860 5 2212 1815
1861 5 2212 1815
1862 5 2212 1815
1863 5 2212 1815
1864 5 2212 1815
1865 4 2213 1815
1866 4 2213 1815
1867 4 2213 1815
1868 4 2213 1815
1869 4 2213 1815
1870 4 2213 1815
1871 6 2213 1815
1872 6 2213 1815
1873 5 2213 1816
1874 4 2214 1816
1875 4 2214 1816
1876 4 2214 1816
1877 4 2214 1816
1878 4 2214 1816
1879 4 2214 1816
1880 4 2214 1816
1881 4 2214 1816
1882 3 2214 1817
1883 3 2214 1817
1884 2 2215 1817
1885 2 2215 1817
1886 2 2215 1817
1887 2 2215 1817
1888 2 2215 1817
1889 2 2215 1817
1890 2 2215 1817
1891 2 2215 1817
1892 2 2215 1817
1893 2 2215 1817
1894 2 2215 1817
1895 1 2216 1817
1896 1 2216 1817
1897 1 2216 1817
1898 1 2216 1817
1899 1 2216 1817
1900 1 2216 1817
1901 1 2216 1817
1902 1 2216 1817
1903 1 2216 1817
1904 1 2216 1817
1905 1 2216 1817
1906 2 2216 1817
1907 2 2216 1817
1908 2 2216 1817
1909 2 2216 1817
1910 2 2216 1817
1911 2 2216 1817
1912 2 2216 1817
1913 2 2216 1817
1914 1 2217 1817
1915 1 2217 1817
1916 1 2217 1817
1917 0 2217 1818
