0 50 0 0
1 52 0 0
2 49 2 1
3 56 3 3
4 57 4 3
5 57 4 3
6 54 5 5
7 51 7 6
8 47 9 8
9 50 9 9
10 50 9 10
11 52 10 11
12 51 11 13
13 50 14 15
14 51 15 15
15 51 15 15
16 53 15 15
17 55 17 15
18 56 18 16
19 58 21 17
20 59 21 17
21 57 22 18
22 57 23 18
23 60 24 20
24 60 25 20
25 62 27 20
26 59 28 22
27 58 29 22
28 55 31 23
29 54 31 24
30 53 31 25
31 51 32 26
32 49 35 26
33 51 35 26
34 51 35 27
35 51 36 28
36 51 37 28
37 50 37 29
38 49 39 29
39 49 40 30
40 50 40 31
41 51 41 33
42 49 41 35
43 55 41 35
44 55 42 36
45 60 43 36
46 61 43 37
47 58 45 38
48 58 46 38
49 58 47 41
50 59 47 41
51 59 47 41
52 59 47 43
53 54 50 45
54 55 52 45
55 53 54 45
56 52 54 47
57 53 54 48
58 54 55 49
59 57 56 51
60 59 56 51
61 58 56 52
62 59 57 52
63 60 58 52
64 59 59 52
65 58 61 53
66 57 63 54
67 60 64 54
68 58 67 54
69 58 69 54
70 59 69 54
71 62 70 54
72 62 71 54
73 61 73 55
74 57 74 58
75 60 74 59
76 58 74 61
77 62 74 61
78 63 74 62
79 63 74 64
80 60 75 66
81 62 75 66
82 61 77 66
83 66 78 66
84 65 78 68
85 70 78 69
86 66 81 70
87 66 81 70
88 72 82 70
89 68 87 71
90 70 88 71
91 73 89 71
92 76 90 71
93 75 93 71
94 72 95 73
95 75 95 74
96 76 95 74
97 81 95 75
98 79 97 76
99 81 101 76
100 76 104 78
101 75 106 81
102 73 108 83
103 75 109 84
104 75 111 85
105 73 113 87
106 73 114 87
107 70 116 88
108 70 117 89
109 70 119 89
110 67 121 90
111 64 122 94
112 63 122 95
113 63 122 97
114 62 123 98
115 62 125 98
116 62 126 98
117 64 127 99
118 67 127 99
119 62 130 101
120 62 130 103
121 61 135 103
122 61 136 103
123 60 138 104
124 62 138 104
125 66 138 104
126 68 138 105
127 70 138 105
128 69 139 106
129 70 142 110
130 72 142 110
131 71 142 111
132 70 143 112
133 72 145 112
134 71 145 113
135 75 145 113
136 75 148 113
137 76 150 114
138 72 154 115
139 71 155 117
140 71 156 118
141 69 156 120
142 69 156 121
143 68 157 123
144 64 159 125
145 64 160 126
146 63 161 127
147 63 162 128
148 62 164 128
149 64 166 128
150 67 166 128
151 71 166 128
152 70 168 128
153 70 169 129
154 70 169 130
155 75 170 130
156 76 170 130
157 73 170 133
158 71 171 134
159 81 171 134
160 82 172 135
161 80 174 137
162 80 174 139
163 76 178 141
164 72 180 143
165 77 182 146
166 77 184 147
167 82 186 148
168 78 191 150
169 74 195 150
170 72 196 152
171 69 198 153
172 68 199 155
173 70 199 155
174 70 200 155
175 66 202 157
176 69 203 157
177 72 204 159
178 70 206 160
179 78 206 160
180 77 206 161
181 79 207 162
182 76 208 165
183 79 209 165
184 76 210 167
185 74 213 168
186 72 214 170
187 73 215 172
188 72 215 173
189 76 215 173
190 79 215 173
191 75 217 175
192 75 219 177
193 74 220 177
194 74 220 177
195 71 222 178
196 69 226 178
197 77 227 179
198 73 230 180
199 71 231 181
200 69 233 182
201 70 234 186
202 69 235 186
203 72 235 189
204 71 237 190
205 77 238 191
206 81 239 192
207 86 239 193
208 84 243 194
209 89 243 195
210 87 245 198
211 93 248 201
212 88 253 202
213 96 255 202
214 94 257 204
215 91 258 206
216 88 258 209
217 85 261 209
218 84 263 209
219 86 265 209
220 87 265 209
221 89 265 211
222 89 266 213
223 88 266 216
224 86 267 217
225 84 267 219
226 81 269 220
227 85 269 220
228 84 269 222
229 87 272 222
230 84 274 224
231 86 276 224
232 83 277 227
233 81 279 229
234 80 281 230
235 79 283 231
236 79 284 232
237 79 286 232
238 78 288 233
239 78 290 233
240 79 290 234
241 76 291 236
242 77 291 236
243 83 291 236
244 80 292 238
245 80 293 239
246 78 294 240
247 78 296 240
248 81 297 240
249 79 298 241
250 78 300 241
251 79 301 241
252 74 302 245
253 76 304 245
254 78 306 245
255 78 309 246
256 76 312 246
257 79 314 247
258 81 315 249
259 78 318 249
260 78 318 251
261 75 320 254
262 75 321 255
263 73 321 257
264 74 321 258
265 78 322 259
266 78 323 260
267 80 323 262
268 77 324 264
269 73 325 267
270 69 328 269
271 72 329 269
272 71 330 271
273 70 331 273
274 70 331 274
275 66 334 275
276 67 336 276
277 75 336 276
278 73 338 277
279 80 339 279
280 77 340 282
281 78 343 284
282 76 344 287
283 77 346 288
284 77 346 290
285 81 347 291
286 80 348 292
287 80 348 294
288 77 352 294
289 77 353 295
290 73 358 295
291 77 360 295
292 75 362 296
293 75 366 296
294 75 367 296
295 78 368 296
296 75 370 297
297 77 370 299
298 74 372 300
299 73 373 300
300 70 374 302
301 67 376 303
302 61 377 308
303 61 377 310
304 59 378 311
305 64 378 312
306 65 379 314
307 65 379 314
308 64 380 316
309 59 384 317
310 58 385 318
311 56 386 321
312 54 387 322
313 53 387 323
314 51 389 323
315 53 389 323
316 50 390 325
317 52 390 325
318 50 391 326
319 51 392 328
320 47 394 331
321 50 395 331
322 50 395 331
323 52 398 332
324 49 400 334
325 46 402 335
326 45 403 336
327 45 405 336
328 45 405 336
329 48 406 336
330 48 407 336
331 50 409 336
332 48 411 337
333 47 411 338
334 45 414 338
335 46 415 338
336 48 416 338
337 47 417 338
338 46 417 339
339 45 418 339
340 45 420 340
341 45 420 340
342 48 420 340
343 46 421 341
344 49 421 341
345 50 421 342
346 49 422 342
347 49 423 343
348 51 423 343
349 53 423 345
350 53 424 345
351 55 424 347
352 55 426 349
353 61 428 349
354 61 428 349
355 64 431 351
356 63 432 353
357 64 433 353
358 68 433 353
359 71 434 353
360 71 435 353
361 70 437 356
362 67 438 359
363 66 441 361
364 66 441 362
365 67 443 363
366 68 443 363
367 68 444 364
368 68 445 365
369 68 446 366
370 69 447 366
371 71 449 366
372 71 450 369
373 71 450 371
374 73 450 371
375 76 451 373
376 74 453 374
377 77 453 375
378 76 455 377
379 78 455 379
380 74 455 383
381 73 456 383
382 72 458 385
383 74 458 385
384 73 458 387
385 76 459 387
386 76 459 388
387 76 459 390
388 76 460 392
389 77 461 392
390 75 464 393
391 78 465 393
392 70 470 397
393 65 474 398
394 65 474 398
395 70 475 400
396 70 476 401
397 69 478 404
398 68 480 406
399 71 480 407
400 70 481 409
401 68 486 410
402 68 487 411
403 69 489 412
404 66 491 414
405 67 492 414
406 63 494 416
407 62 494 419
408 62 495 419
409 63 496 419
410 63 496 421
411 64 500 422
412 64 503 422
413 67 504 422
414 69 504 422
415 74 505 422
416 74 507 423
417 73 508 423
418 70 510 424
419 68 512 426
420 63 515 428
421 64 515 429
422 62 515 431
423 68 516 432
424 68 517 432
425 69 517 435
426 68 521 435
427 70 523 437
428 67 525 439
429 68 526 439
430 66 527 441
431 65 529 442
432 65 529 443
433 70 529 446
434 67 532 447
435 68 533 447
436 66 536 447
437 66 536 449
438 63 537 452
439 65 537 452
440 64 539 452
441 62 540 453
442 59 541 455
443 58 542 455
444 59 543 456
445 60 544 458
446 60 544 459
447 63 544 460
448 63 545 460
449 65 545 460
450 63 548 460
451 67 548 460
452 70 549 460
453 72 549 462
454 74 550 464
455 75 551 464
456 73 552 466
457 68 555 468
458 67 555 469
459 71 559 469
460 70 562 469
461 72 563 472
462 68 565 474
463 69 567 475
464 65 570 476
465 66 571 478
466 68 571 478
467 67 571 481
468 64 574 484
469 64 574 486
470 62 575 487
471 63 576 487
472 62 577 487
473 64 579 487
474 65 579 489
475 62 581 490
476 63 581 491
477 72 581 492
478 68 583 495
479 71 584 495
480 72 584 495
481 74 585 498
482 73 585 499
483 73 585 501
484 74 585 501
485 77 586 501
486 75 587 502
487 78 589 503
488 79 589 503
489 84 589 504
490 82 591 505
491 80 592 506
492 78 596 507
493 77 601 507
494 78 602 507
495 80 602 507
496 80 602 507
497 76 604 509
498 73 606 510
499 73 607 511
500 74 608 511
501 78 608 513
502 75 611 514
503 75 613 516
504 76 613 517
505 77 614 517
506 76 615 517
507 80 615 517
508 80 616 518
509 78 617 519
510 80 617 519
511 81 618 519
512 79 618 521
513 77 621 522
514 75 623 524
515 77 624 525
516 77 626 526
517 78 630 527
518 77 632 528
519 71 636 530
520 69 638 531
521 65 641 532
522 64 642 534
523 65 643 536
524 69 643 536
525 70 645 537
526 66 647 539
527 66 647 541
528 66 647 542
529 67 648 542
530 70 648 542
531 69 649 544
532 69 649 545
533 69 651 545
534 67 652 547
535 63 655 548
536 63 655 549
537 61 659 549
538 60 660 550
539 58 660 552
540 60 661 552
541 62 661 552
542 61 662 552
543 64 663 552
544 61 665 553
545 62 665 554
546 58 669 555
547 54 669 559
548 53 670 560
549 52 671 562
550 50 672 564
551 49 673 566
552 50 673 566
553 50 673 566
554 47 675 568
555 48 675 569
556 47 675 572
557 52 675 573
558 51 675 574
559 50 676 574
560 48 677 575
561 48 677 575
562 46 678 576
563 50 678 576
564 49 678 578
565 54 678 579
566 51 679 581
567 53 680 582
568 54 680 584
569 56 680 586
570 55 682 586
571 55 683 587
572 48 688 590
573 51 688 591
574 51 689 591
575 52 689 592
576 51 690 593
577 52 690 594
578 51 692 594
579 51 693 595
580 51 693 595
581 51 694 596
582 52 694 597
583 52 695 598
584 53 696 599
585 57 696 599
586 57 698 599
587 55 701 600
588 54 702 601
589 54 702 601
590 51 704 604
591 51 708 604
592 53 709 604
593 55 709 604
594 55 709 605
595 54 710 605
596 53 711 606
597 51 713 606
598 49 715 607
599 54 715 608
600 52 717 609
601 55 717 610
602 55 719 611
603 54 720 611
604 56 720 611
605 55 721 613
606 56 722 613
607 58 723 614
608 57 724 615
609 56 724 616
610 54 725 617
611 49 728 621
612 49 730 621
613 50 730 622
614 50 730 623
615 52 731 624
616 52 731 625
617 54 733 625
618 52 734 626
619 53 734 627
620 56 734 627
621 61 734 628
622 59 737 630
623 64 739 631
624 61 742 632
625 57 748 632
626 57 749 632
627 54 751 633
628 49 753 636
629 53 753 636
630 51 754 637
631 52 755 637
632 52 755 638
633 50 755 640
634 50 757 640
635 54 757 640
636 53 758 640
637 59 758 640
638 59 758 640
639 61 760 640
640 61 762 640
641 59 764 642
642 61 765 642
643 63 765 642
644 62 766 642
645 64 766 642
646 61 769 643
647 64 769 644
648 66 770 644
649 67 771 646
650 68 771 647
651 74 772 650
652 73 774 651
653 71 774 653
654 67 778 653
655 67 779 654
656 65 782 654
657 76 785 656
658 75 785 660
659 75 786 661
660 71 786 665
661 73 786 665
662 75 786 666
663 76 787 668
664 75 789 669
665 79 789 669
666 79 790 669
667 77 790 673
668 76 793 673
669 78 796 674
670 78 798 674
671 75 800 675
672 70 803 677
673 73 804 679
674 72 805 679
675 74 806 680
676 69 810 681
677 68 812 682
678 70 813 682
679 69 815 683
680 66 816 686
681 68 816 688
682 68 820 688
683 64 824 690
684 66 824 690
685 69 824 691
686 68 825 692
687 67 828 692
688 67 828 693
689 70 830 694
690 74 830 694
691 82 830 696
692 80 831 697
693 88 831 699
694 87 833 700
695 89 833 702
696 86 837 703
697 92 837 703
698 91 840 703
699 90 841 703
700 93 841 705
701 93 843 705
702 91 846 706
703 98 848 709
704 95 852 710
705 95 854 712
706 96 855 713
707 92 859 715
708 90 863 716
709 92 865 718
710 90 869 718
711 89 869 721
712 90 871 721
713 86 871 725
714 87 872 725
715 91 873 726
716 92 873 728
717 94 876 729
718 94 877 730
719 99 877 731
720 99 881 731
721 108 882 731
722 106 883 732
723 101 884 736
724 96 885 741
725 96 887 741
726 95 889 741
727 95 891 743
728 89 895 746
729 91 897 746
730 86 902 746
731 84 904 750
732 78 908 752
733 80 909 753
734 82 910 754
735 84 910 754
736 81 912 755
737 83 914 755
738 81 916 757
739 80 918 758
740 79 919 758
741 85 921 758
742 83 924 758
743 82 925 758
744 81 927 758
745 81 929 758
746 79 931 758
747 80 932 760
748 81 933 761
749 83 933 761
750 82 934 761
751 82 934 763
752 82 935 764
753 81 938 764
754 80 938 765
755 78 939 766
756 75 942 766
757 80 943 766
758 74 945 771
759 74 945 771
760 75 945 771
761 74 947 772
762 72 950 772
763 74 950 772
764 75 950 773
765 77 952 773
766 77 953 774
767 76 956 774
768 77 956 774
769 73 960 776
770 72 962 776
771 69 964 779
772 66 966 781
773 67 967 781
774 64 968 784
775 66 968 784
776 69 968 784
777 73 970 784
778 75 971 784
779 74 971 785
780 74 973 787
781 78 973 787
782 73 975 790
783 78 976 790
784 80 976 792
785 81 979 792
786 81 980 793
787 80 981 795
788 80 982 797
789 81 982 798
790 82 982 799
791 87 982 800
792 87 982 801
793 83 986 803
794 83 986 804
795 82 987 804
796 81 989 804
797 81 990 805
798 75 995 809
799 77 997 809
800 75 998 811
801 77 998 811
802 77 999 811
803 77 999 811
804 72 1003 812
805 75 1005 813
806 75 1006 814
807 79 1008 814
808 81 1008 814
809 78 1011 814
810 81 1011 814
811 75 1015 816
812 75 1016 818
813 78 1017 818
814 79 1018 819
815 81 1019 824
816 82 1019 825
817 83 1020 825
818 82 1020 827
819 81 1022 828
820 80 1023 831
821 82 1023 831
822 83 1023 832
823 83 1025 834
824 83 1026 834
825 89 1026 834
826 92 1026 836
827 89 1028 837
828 89 1028 837
829 93 1028 837
830 93 1033 838
831 97 1033 840
832 97 1034 840
833 96 1035 840
834 97 1035 841
835 103 1037 843
836 108 1038 844
837 106 1040 848
838 104 1041 851
839 107 1042 853
840 105 1044 854
841 112 1047 854
842 111 1048 856
843 113 1050 856
844 111 1053 857
845 112 1057 860
846 108 1059 862
847 114 1059 864
848 109 1065 865
849 109 1067 867
850 113 1068 868
851 115 1070 868
852 111 1074 872
853 113 1076 874
854 116 1079 875
855 119 1080 879
856 115 1083 882
857 115 1084 885
858 114 1086 886
859 117 1088 887
860 117 1089 888
861 117 1092 889
862 115 1095 892
863 108 1100 896
864 106 1102 899
865 105 1103 899
866 101 1107 900
867 108 1109 901
868 107 1110 902
869 107 1111 905
870 105 1113 908
871 104 1115 911
872 105 1116 912
873 99 1120 916
874 101 1121 918
875 97 1125 920
876 100 1126 920
877 102 1127 923
878 101 1129 925
879 101 1133 927
880 100 1136 930
881 101 1138 931
882 102 1138 932
883 103 1139 932
884 102 1139 933
885 108 1141 935
886 105 1145 936
887 106 1146 938
888 106 1149 938
889 103 1153 939
890 101 1154 941
891 102 1155 941
892 104 1155 943
893 114 1155 945
894 114 1158 945
895 117 1158 946
896 116 1158 948
897 115 1158 951
898 113 1159 953
899 116 1160 953
900 114 1163 954
901 113 1165 957
902 110 1168 957
903 111 1169 959
904 113 1171 959
905 118 1171 960
906 118 1172 963
907 125 1173 965
908 126 1173 965
909 127 1174 967
910 130 1174 967
911 133 1174 970
912 132 1175 971
913 138 1177 973
914 136 1179 975
915 139 1181 976
916 137 1182 979
917 137 1182 981
918 134 1185 984
919 139 1186 986
920 138 1187 987
921 137 1190 989
922 132 1194 992
923 130 1195 997
924 129 1195 1001
925 126 1197 1002
926 132 1197 1003
927 133 1198 1007
928 128 1200 1011
929 133 1202 1012
930 133 1204 1012
931 144 1204 1013
932 146 1206 1014
933 148 1208 1016
934 146 1210 1018
935 147 1213 1018
936 148 1216 1020
937 150 1216 1022
938 147 1217 1025
939 156 1218 1025
940 155 1220 1027
941 162 1220 1028
942 160 1221 1030
943 162 1223 1032
944 161 1224 1035
945 162 1226 1038
946 158 1227 1042
947 155 1232 1046
948 154 1237 1046
949 159 1240 1050
950 151 1247 1054
951 152 1250 1058
952 151 1253 1059
953 144 1256 1063
954 147 1258 1064
955 145 1258 1066
956 139 1261 1069
957 140 1263 1072
958 133 1267 1076
959 136 1269 1077
960 132 1272 1080
961 135 1275 1080
962 133 1277 1084
963 136 1278 1084
964 134 1281 1085
965 130 1284 1088
966 128 1285 1089
967 124 1289 1091
968 121 1290 1093
969 124 1292 1098
970 126 1293 1099
971 133 1294 1101
972 135 1295 1103
973 130 1302 1105
974 131 1302 1106
975 128 1304 1109
976 124 1307 1112
977 130 1308 1115
978 125 1309 1120
979 122 1311 1125
980 122 1315 1126
981 123 1317 1129
982 122 1318 1129
983 120 1321 1132
984 118 1323 1133
985 116 1325 1133
986 115 1325 1137
987 115 1326 1140
988 114 1328 1141
989 113 1329 1145
990 113 1330 1146
991 113 1333 1147
992 113 1334 1149
993 109 1335 1154
994 110 1336 1155
995 113 1338 1156
996 112 1343 1156
997 117 1346 1156
998 117 1347 1158
999 121 1348 1159
1000 117 1350 1163
1001 116 1352 1166
1002 114 1353 1169
1003 115 1355 1170
1004 114 1356 1171
1005 117 1358 1172
1006 118 1358 1174
1007 116 1363 1175
1008 116 1364 1176
1009 110 1368 1178
1010 103 1373 1181
1011 101 1374 1182
1012 98 1376 1185
1013 96 1378 1185
1014 94 1380 1185
1015 97 1381 1187
1016 99 1382 1189
1017 102 1383 1189
1018 99 1386 1191
1019 104 1387 1191
1020 101 1391 1191
1021 104 1392 1191
1022 100 1394 1193
1023 98 1397 1194
1024 98 1398 1195
1025 97 1399 1197
1026 94 1401 1199
1027 93 1405 1200
1028 93 1405 1202
1029 91 1406 1205
1030 85 1412 1206
1031 80 1413 1210
1032 80 1415 1211
1033 78 1417 1213
1034 78 1417 1214
1035 75 1419 1215
1036 75 1420 1216
1037 75 1420 1218
1038 73 1422 1220
1039 72 1423 1222
1040 66 1427 1224
1041 65 1429 1225
1042 64 1430 1226
1043 65 1431 1226
1044 66 1432 1226
1045 65 1433 1226
1046 63 1435 1227
1047 65 1435 1227
1048 63 1437 1227
1049 59 1441 1229
1050 59 1441 1229
1051 62 1443 1230
1052 63 1443 1230
1053 58 1447 1231
1054 56 1449 1231
1055 58 1449 1231
1056 55 1450 1234
1057 54 1450 1235
1058 51 1452 1236
1059 49 1454 1236
1060 48 1454 1238
1061 46 1457 1239
1062 46 1457 1239
1063 48 1457 1239
1064 48 1458 1240
1065 54 1458 1240
1066 51 1460 1242
1067 53 1460 1242
1068 54 1460 1242
1069 52 1461 1243
1070 53 1462 1243
1071 54 1464 1244
1072 52 1464 1246
1073 55 1465 1246
1074 54 1467 1246
1075 50 1470 1247
1076 50 1470 1248
1077 51 1471 1248
1078 50 1473 1248
1079 46 1477 1248
1080 48 1477 1248
1081 44 1478 1251
1082 43 1479 1251
1083 42 1481 1252
1084 44 1481 1252
1085 46 1481 1252
1086 44 1483 1252
1087 43 1484 1252
1088 43 1484 1252
1089 48 1485 1252
1090 46 1487 1252
1091 48 1487 1252
1092 47 1488 1252
1093 48 1491 1252
1094 47 1491 1253
1095 48 1491 1254
1096 47 1493 1255
1097 45 1494 1256
1098 45 1495 1256
1099 44 1498 1256
1100 42 1499 1257
1101 43 1499 1258
1102 45 1499 1258
1103 45 1503 1258
1104 44 1505 1259
1105 46 1505 1259
1106 48 1505 1259
1107 48 1507 1259
1108 46 1508 1260
1109 48 1508 1260
1110 47 1509 1260
1111 51 1509 1260
1112 51 1509 1260
1113 54 1510 1260
1114 51 1513 1260
1115 53 1514 1261
1116 51 1516 1261
1117 51 1517 1262
1118 51 1517 1262
1119 52 1517 1263
1120 53 1517 1263
1121 56 1518 1263
1122 54 1521 1263
1123 59 1521 1264
1124 64 1521 1264
1125 59 1528 1264
1126 57 1529 1266
1127 52 1532 1268
1128 49 1533 1270
1129 49 1534 1271
1130 48 1534 1272
1131 52 1535 1273
1132 51 1536 1274
1133 54 1537 1276
1134 53 1538 1277
1135 56 1539 1277
1136 56 1539 1278
1137 56 1542 1279
1138 54 1543 1280
1139 56 1545 1280
1140 55 1545 1281
1141 51 1549 1281
1142 51 1549 1281
1143 54 1549 1282
1144 52 1553 1282
1145 55 1554 1282
1146 55 1555 1282
1147 52 1556 1284
1148 54 1556 1284
1149 53 1557 1284
1150 51 1559 1284
1151 51 1559 1284
1152 50 1561 1284
1153 48 1562 1285
1154 46 1565 1285
1155 46 1567 1285
1156 45 1568 1285
1157 44 1569 1285
1158 45 1569 1285
1159 44 1571 1286
1160 40 1575 1286
1161 39 1576 1286
1162 39 1576 1286
1163 39 1577 1287
1164 37 1577 1289
1165 34 1577 1292
1166 33 1579 1292
1167 32 1580 1292
1168 29 1583 1292
1169 28 1584 1292
1170 28 1584 1292
1171 31 1585 1292
1172 31 1585 1292
1173 32 1585 1293
1174 33 1585 1294
1175 31 1586 1297
1176 33 1586 1298
1177 29 1587 1301
1178 28 1587 1303
1179 26 1588 1304
1180 26 1589 1304
1181 26 1589 1304
1182 25 1590 1304
1183 25 1590 1304
1184 25 1590 1305
1185 27 1590 1305
1186 26 1590 1306
1187 26 1590 1306
1188 29 1590 1306
1189 34 1590 1307
1190 32 1593 1307
1191 35 1593 1308
1192 32 1595 1309
1193 29 1597 1310
1194 29 1598 1310
1195 32 1598 1311
1196 29 1601 1311
1197 31 1601 1311
1198 31 1602 1311
1199 31 1602 1311
1200 32 1602 1311
1201 32 1602 1311
1202 33 1602 1311
1203 34 1603 1311
1204 35 1604 1312
1205 35 1604 1314
1206 35 1605 1314
1207 33 1606 1315
1208 34 1606 1315
1209 33 1607 1315
1210 33 1607 1316
1211 32 1608 1316
1212 32 1610 1316
1213 36 1610 1316
1214 36 1610 1316
1215 38 1612 1316
1216 38 1613 1316
1217 42 1613 1316
1218 41 1615 1316
1219 42 1617 1317
1220 43 1618 1317
1221 45 1619 1318
1222 47 1619 1318
1223 47 1621 1318
1224 47 1623 1318
1225 49 1623 1318
1226 49 1623 1319
1227 51 1623 1319
1228 47 1627 1320
1229 48 1627 1321
1230 47 1628 1322
1231 51 1629 1323
1232 53 1629 1323
1233 54 1631 1324
1234 53 1632 1324
1235 54 1633 1324
1236 51 1634 1326
1237 52 1635 1326
1238 52 1635 1327
1239 53 1636 1327
1240 51 1637 1329
1241 54 1638 1329
1242 50 1640 1331
1243 49 1640 1332
1244 47 1641 1334
1245 47 1641 1334
1246 44 1642 1336
1247 45 1643 1336
1248 45 1644 1336
1249 42 1646 1337
1250 41 1649 1337
1251 44 1650 1337
1252 44 1651 1337
1253 41 1651 1340
1254 41 1652 1341
1255 45 1652 1341
1256 45 1652 1341
1257 47 1652 1341
1258 47 1652 1342
1259 48 1652 1343
1260 48 1652 1344
1261 47 1653 1344
1262 47 1654 1344
1263 53 1654 1344
1264 52 1654 1346
1265 56 1654 1346
1266 55 1655 1348
1267 52 1656 1350
1268 56 1656 1351
1269 55 1657 1353
1270 56 1658 1353
1271 53 1659 1355
1272 53 1659 1356
1273 55 1659 1356
1274 55 1660 1357
1275 54 1661 1359
1276 54 1661 1359
1277 54 1662 1360
1278 54 1662 1361
1279 53 1663 1363
1280 54 1663 1364
1281 53 1665 1367
1282 53 1665 1368
1283 54 1665 1369
1284 54 1665 1370
1285 52 1666 1371
1286 49 1670 1371
1287 50 1670 1372
1288 51 1670 1372
1289 51 1671 1373
1290 50 1671 1374
1291 50 1672 1375
1292 51 1673 1375
1293 49 1674 1376
1294 48 1676 1377
1295 50 1676 1377
1296 48 1676 1379
1297 50 1676 1379
1298 52 1676 1381
1299 53 1676 1382
1300 53 1676 1383
1301 54 1677 1383
1302 53 1678 1383
1303 56 1678 1384
1304 57 1678 1385
1305 59 1678 1385
1306 57 1679 1387
1307 62 1679 1388
1308 63 1680 1388
1309 65 1680 1390
1310 67 1682 1390
1311 69 1683 1391
1312 63 1687 1394
1313 62 1688 1394
1314 63 1688 1394
1315 61 1689 1395
1316 64 1689 1396
1317 62 1690 1397
1318 61 1691 1398
1319 66 1692 1398
1320 66 1692 1399
1321 69 1692 1400
1322 66 1695 1400
1323 71 1696 1400
1324 69 1697 1403
1325 69 1698 1404
1326 69 1699 1405
1327 76 1699 1406
1328 75 1700 1408
1329 84 1701 1408
1330 83 1703 1408
1331 83 1704 1409
1332 85 1704 1410
1333 87 1705 1411
1334 88 1707 1413
1335 92 1707 1413
1336 89 1710 1415
1337 86 1712 1418
1338 85 1714 1420
1339 85 1714 1422
1340 88 1714 1422
1341 91 1714 1423
1342 91 1715 1425
1343 93 1718 1426
1344 88 1721 1429
1345 91 1721 1430
1346 88 1722 1432
1347 87 1724 1435
1348 87 1725 1436
1349 90 1726 1436
1350 89 1728 1436
1351 93 1728 1438
1352 94 1728 1439
1353 100 1730 1439
1354 96 1732 1443
1355 95 1732 1446
1356 95 1732 1447
1357 96 1732 1448
1358 99 1732 1449
1359 102 1733 1449
1360 99 1737 1450
1361 100 1739 1451
1362 98 1740 1454
1363 97 1741 1456
1364 101 1741 1456
1365 101 1742 1457
1366 99 1744 1458
1367 106 1745 1460
1368 103 1748 1462
1369 105 1752 1462
1370 104 1754 1463
1371 104 1754 1465
1372 104 1756 1466
1373 101 1758 1467
1374 100 1759 1469
1375 102 1760 1470
1376 101 1761 1473
1377 108 1761 1474
1378 111 1761 1475
1379 110 1765 1476
1380 109 1766 1478
1381 114 1767 1480
1382 114 1768 1481
1383 115 1770 1482
1384 114 1771 1484
1385 117 1772 1484
1386 116 1773 1487
1387 120 1775 1493
1388 120 1776 1496
1389 117 1779 1498
1390 117 1783 1502
1391 119 1784 1505
1392 117 1785 1506
1393 113 1788 1509
1394 111 1790 1513
1395 108 1792 1516
1396 106 1794 1517
1397 111 1795 1517
1398 109 1796 1521
1399 105 1800 1523
1400 106 1801 1524
1401 104 1804 1525
1402 107 1805 1527
1403 111 1806 1528
1404 106 1811 1529
1405 106 1811 1533
1406 106 1813 1535
1407 109 1814 1535
1408 109 1816 1536
1409 108 1819 1538
1410 104 1822 1540
1411 102 1826 1544
1412 106 1827 1545
1413 106 1828 1546
1414 106 1828 1546
1415 106 1829 1547
1416 104 1832 1550
1417 104 1834 1550
1418 103 1835 1551
1419 98 1838 1553
1420 100 1839 1554
1421 100 1841 1554
1422 96 1845 1556
1423 91 1847 1559
1424 92 1847 1559
1425 89 1849 1562
1426 88 1850 1563
1427 87 1853 1563
1428 83 1855 1566
1429 82 1857 1567
1430 80 1860 1567
1431 79 1863 1567
1432 78 1865 1569
1433 77 1867 1572
1434 76 1869 1573
1435 74 1870 1574
1436 76 1871 1574
1437 79 1872 1576
1438 76 1874 1578
1439 73 1875 1580
1440 73 1876 1580
1441 72 1877 1582
1442 71 1878 1583
1443 71 1880 1583
1444 71 1882 1583
1445 79 1882 1583
1446 77 1883 1585
1447 80 1883 1586
1448 76 1888 1586
1449 78 1890 1586
1450 78 1891 1586
1451 78 1891 1588
1452 77 1891 1589
1453 76 1892 1589
1454 76 1892 1591
1455 74 1894 1593
1456 75 1894 1593
1457 79 1894 1593
1458 79 1896 1593
1459 79 1899 1594
1460 78 1901 1594
1461 81 1902 1594
1462 81 1904 1594
1463 87 1907 1595
1464 90 1907 1596
1465 89 1908 1600
1466 88 1910 1600
1467 85 1911 1602
1468 85 1912 1603
1469 82 1916 1604
1470 81 1916 1606
1471 83 1917 1607
1472 86 1917 1607
1473 87 1920 1609
1474 86 1921 1610
1475 87 1923 1611
1476 84 1925 1612
1477 87 1927 1613
1478 85 1929 1614
1479 82 1931 1615
1480 82 1933 1616
1481 81 1936 1618
1482 78 1938 1619
1483 73 1941 1621
1484 72 1943 1622
1485 70 1945 1624
1486 72 1945 1624
1487 74 1945 1624
1488 73 1946 1625
1489 73 1947 1626
1490 75 1948 1626
1491 84 1948 1627
1492 84 1949 1628
1493 83 1950 1630
1494 83 1950 1632
1495 86 1950 1633
1496 89 1950 1634
1497 99 1950 1634
1498 99 1951 1634
1499 91 1955 1638
1500 90 1957 1639
1501 90 1958 1640
1502 89 1959 1641
1503 88 1962 1641
1504 87 1963 1643
1505 84 1966 1643
1506 92 1966 1643
1507 94 1968 1647
1508 90 1969 1651
1509 91 1970 1651
1510 90 1972 1652
1511 93 1972 1653
1512 97 1972 1654
1513 101 1972 1654
1514 100 1974 1655
1515 104 1975 1658
1516 107 1976 1659
1517 103 1978 1661
1518 98 1980 1665
1519 97 1981 1665
1520 93 1983 1668
1521 94 1985 1669
1522 93 1987 1669
1523 86 1991 1672
1524 85 1993 1672
1525 86 1995 1673
1526 84 1996 1674
1527 82 1997 1675
1528 81 2000 1676
1529 79 2001 1679
1530 77 2003 1680
1531 77 2004 1681
1532 76 2006 1683
1533 76 2007 1684
1534 76 2009 1684
1535 74 2009 1686
1536 73 2011 1687
1537 74 2012 1689
1538 72 2013 1690
1539 73 2014 1690
1540 74 2016 1690
1541 76 2016 1692
1542 75 2017 1693
1543 77 2018 1694
1544 76 2020 1694
1545 82 2020 1694
1546 83 2021 1696
1547 81 2021 1698
1548 79 2023 1701
1549 78 2026 1701
1550 80 2026 1703
1551 79 2028 1704
1552 79 2029 1705
1553 83 2031 1705
1554 76 2034 1709
1555 75 2036 1710
1556 73 2037 1713
1557 73 2039 1713
1558 69 2042 1715
1559 69 2043 1718
1560 70 2043 1719
1561 67 2044 1721
1562 68 2044 1724
1563 67 2045 1726
1564 67 2046 1727
1565 70 2048 1728
1566 69 2049 1729
1567 72 2049 1730
1568 71 2051 1732
1569 73 2052 1735
1570 73 2052 1736
1571 69 2054 1738
1572 70 2054 1738
1573 72 2055 1739
1574 75 2056 1740
1575 75 2058 1742
1576 78 2058 1743
1577 78 2058 1743
1578 73 2060 1746
1579 74 2062 1747
1580 73 2062 1748
1581 78 2063 1748
1582 75 2066 1749
1583 77 2067 1752
1584 74 2068 1755
1585 71 2068 1758
1586 67 2070 1760
1587 69 2070 1760
1588 69 2070 1761
1589 65 2073 1764
1590 64 2074 1765
1591 64 2075 1766
1592 58 2077 1770
1593 55 2078 1772
1594 55 2079 1772
1595 56 2080 1772
1596 56 2081 1772
1597 59 2082 1772
1598 57 2084 1773
1599 56 2085 1773
1600 57 2085 1773
1601 53 2087 1775
1602 53 2088 1776
1603 53 2088 1778
1604 51 2091 1779
1605 51 2092 1780
1606 53 2092 1781
1607 54 2093 1781
1608 53 2093 1783
1609 54 2093 1784
1610 57 2094 1784
1611 56 2095 1786
1612 55 2095 1788
1613 51 2097 1790
1614 52 2097 1791
1615 50 2098 1792
1616 48 2098 1794
1617 48 2098 1796
1618 49 2099 1796
1619 57 2099 1796
1620 56 2099 1798
1621 57 2100 1798
1622 54 2101 1801
1623 53 2103 1802
1624 51 2107 1803
1625 50 2108 1803
1626 50 2109 1803
1627 49 2110 1803
1628 50 2110 1804
1629 50 2110 1804
1630 48 2112 1805
1631 48 2112 1807
1632 49 2112 1807
1633 55 2112 1807
1634 55 2113 1807
1635 54 2114 1807
1636 51 2116 1809
1637 48 2117 1811
1638 48 2117 1811
1639 54 2118 1812
1640 55 2119 1812
1641 58 2119 1813
1642 54 2122 1816
1643 53 2123 1816
1644 51 2125 1816
1645 51 2126 1817
1646 47 2132 1817
1647 46 2133 1817
1648 42 2136 1819
1649 48 2136 1819
1650 46 2137 1820
1651 51 2139 1821
1652 48 2140 1823
1653 46 2141 1824
1654 46 2141 1825
1655 46 2143 1825
1656 44 2145 1826
1657 47 2145 1827
1658 46 2148 1827
1659 45 2149 1827
1660 41 2149 1831
1661 39 2150 1832
1662 42 2150 1832
1663 49 2150 1833
1664 52 2150 1833
1665 52 2152 1833
1666 50 2154 1834
1667 50 2155 1837
1668 49 2156 1838
1669 44 2157 1842
1670 42 2158 1843
1671 42 2160 1843
1672 42 2160 1843
1673 40 2160 1845
1674 42 2160 1845
1675 44 2160 1845
1676 41 2163 1845
1677 45 2165 1845
1678 46 2166 1845
1679 46 2167 1846
1680 46 2169 1846
1681 46 2170 1847
1682 46 2171 1848
1683 46 2173 1848
1684 45 2173 1849
1685 45 2173 1849
1686 44 2175 1849
1687 48 2175 1849
1688 48 2175 1849
1689 46 2175 1851
1690 46 2175 1851
1691 45 2176 1851
1692 46 2177 1851
1693 48 2177 1851
1694 47 2178 1851
1695 47 2180 1851
1696 48 2182 1851
1697 48 2182 1853
1698 46 2184 1853
1699 44 2187 1854
1700 44 2187 1854
1701 42 2187 1856
1702 43 2187 1856
1703 45 2188 1857
1704 47 2188 1857
1705 46 2189 1857
1706 44 2190 1858
1707 43 2191 1858
1708 43 2191 1858
1709 47 2191 1858
1710 48 2191 1858
1711 49 2192 1858
1712 46 2193 1860
1713 47 2194 1860
1714 44 2196 1861
1715 49 2196 1862
1716 49 2196 1864
1717 55 2196 1864
1718 55 2197 1866
1719 53 2198 1867
1720 51 2200 1869
1721 53 2202 1869
1722 51 2203 1870
1723 51 2204 1871
1724 52 2204 1871
1725 50 2206 1871
1726 50 2206 1871
1727 47 2207 1873
1728 47 2207 1873
1729 47 2211 1873
1730 44 2212 1875
1731 44 2213 1876
1732 43 2213 1877
1733 42 2216 1877
1734 41 2217 1878
1735 40 2221 1879
1736 39 2222 1879
1737 41 2222 1879
1738 40 2222 1880
1739 40 2222 1880
1740 38 2222 1882
1741 38 2224 1882
1742 36 2226 1882
1743 32 2228 1884
1744 31 2230 1884
1745 33 2230 1884
1746 33 2230 1884
1747 31 2232 1884
1748 31 2232 1884
1749 31 2234 1884
1750 32 2234 1884
1751 34 2234 1884
1752 35 2234 1884
1753 34 2234 1885
1754 36 2234 1886
1755 42 2234 1886
1756 42 2234 1886
1757 41 2237 1886
1758 41 2237 1887
1759 43 2237 1887
1760 43 2237 1888
1761 40 2240 1888
1762 41 2240 1888
1763 45 2240 1888
1764 45 2240 1888
1765 48 2240 1889
1766 46 2241 1890
1767 45 2243 1891
1768 44 2246 1892
1769 45 2247 1892
1770 47 2248 1892
1771 46 2249 1894
1772 44 2251 1895
1773 49 2252 1895
1774 44 2254 1898
1775 55 2254 1899
1776 55 2255 1899
1777 54 2256 1901
1778 55 2256 1902
1779 55 2257 1903
1780 55 2258 1903
1781 52 2260 1904
1782 52 2262 1904
1783 51 2262 1907
1784 49 2263 1908
1785 51 2263 1908
1786 52 2263 1909
1787 50 2264 1910
1788 48 2267 1910
1789 48 2267 1910
1790 46 2269 1910
1791 43 2271 1911
1792 40 2275 1911
1793 42 2276 1912
1794 42 2276 1912
1795 40 2277 1913
1796 39 2278 1914
1797 40 2279 1914
1798 40 2280 1914
1799 41 2280 1915
1800 40 2281 1916
1801 39 2281 1917
1802 39 2281 1917
1803 44 2282 1917
1804 45 2282 1917
1805 47 2282 1917
1806 48 2282 1917
1807 56 2282 1917
1808 55 2282 1918
1809 53 2283 1919
1810 53 2283 1921
1811 57 2283 1921
1812 56 2285 1921
1813 56 2285 1923
1814 54 2286 1924
1815 55 2287 1924
1816 54 2287 1926
1817 53 2289 1927
1818 52 2290 1928
1819 53 2291 1928
1820 50 2293 1930
1821 52 2293 1930
1822 53 2293 1930
1823 54 2296 1930
1824 54 2296 1931
1825 57 2297 1931
1826 55 2299 1931
1827 54 2299 1932
1828 54 2300 1932
1829 60 2300 1932
1830 57 2302 1934
1831 54 2304 1935
1832 57 2304 1935
1833 56 2304 1938
1834 56 2305 1939
1835 54 2306 1940
1836 55 2306 1940
1837 56 2309 1942
1838 56 2309 1943
1839 57 2309 1946
1840 57 2309 1947
1841 59 2309 1949
1842 58 2310 1950
1843 58 2313 1951
1844 54 2317 1952
1845 53 2318 1954
1846 52 2318 1955
1847 51 2320 1956
1848 50 2321 1956
1849 49 2321 1957
1850 49 2323 1958
1851 48 2324 1958
1852 46 2327 1958
1853 45 2327 1959
1854 44 2328 1959
1855 43 2329 1959
1856 42 2330 1960
1857 46 2330 1960
1858 44 2332 1960
1859 42 2333 1961
1860 42 2333 1961
1861 43 2333 1962
1862 40 2335 1963
1863 42 2335 1963
1864 43 2335 1964
1865 46 2335 1965
1866 47 2335 1966
1867 49 2335 1966
1868 49 2335 1966
1869 46 2337 1967
1870 45 2338 1967
1871 47 2338 1967
1872 46 2338 1969
1873 50 2338 1969
1874 47 2342 1969
1875 49 2342 1971
1876 50 2342 1971
1877 48 2344 1971
1878 46 2346 1972
1879 47 2346 1973
1880 47 2346 1973
1881 49 2346 1973
1882 48 2346 1974
1883 45 2347 1976
1884 45 2347 1976
1885 45 2349 1976
1886 46 2349 1976
1887 47 2349 1977
1888 47 2349 1979
1889 48 2349 1980
1890 47 2351 1980
1891 45 2352 1981
1892 46 2353 1981
1893 46 2354 1982
1894 45 2355 1983
1895 49 2356 1984
1896 49 2357 1984
1897 47 2358 1985
1898 47 2359 1986
1899 46 2360 1986
1900 46 2360 1987
1901 47 2361 1987
1902 47 2361 1987
1903 45 2363 1987
1904 45 2363 1988
1905 47 2363 1988
1906 45 2365 1988
1907 49 2367 1988
1908 46 2369 1989
1909 44 2370 1990
1910 45 2370 1990
1911 54 2371 1990
1912 54 2372 1990
1913 58 2373 1991
1914 59 2374 1991
1915 55 2376 1993
1916 56 2376 1993
1917 57 2377 1993
1918 56 2381 1994
1919 60 2381 1994
1920 58 2382 1997
1921 62 2382 1997
1922 60 2383 1998
1923 62 2383 1998
1924 64 2384 1998
1925 66 2384 2000
1926 65 2386 2000
1927 73 2387 2001
1928 74 2388 2002
1929 73 2389 2002
1930 72 2390 2003
1931 72 2392 2003
1932 73 2393 2004
1933 71 2396 2005
1934 68 2397 2007
1935 69 2398 2009
1936 69 2398 2011
1937 75 2399 2012
1938 74 2400 2012
1939 73 2400 2013
1940 69 2401 2016
1941 70 2401 2017
1942 71 2401 2019
1943 72 2403 2020
1944 72 2404 2020
1945 72 2404 2022
1946 71 2406 2022
1947 70 2407 2024
1948 69 2408 2025
1949 66 2412 2026
1950 66 2412 2027
1951 65 2413 2029
1952 68 2413 2029
1953 72 2413 2029
1954 72 2415 2029
1955 70 2416 2030
1956 72 2417 2031
1957 71 2419 2032
1958 71 2422 2033
1959 69 2423 2034
1960 67 2423 2036
1961 75 2425 2036
1962 73 2427 2036
1963 71 2428 2037
1964 70 2429 2037
1965 70 2430 2038
1966 70 2430 2039
1967 70 2431 2042
1968 66 2433 2044
1969 67 2434 2044
1970 67 2436 2045
1971 72 2437 2045
1972 72 2438 2047
1973 77 2439 2047
1974 78 2440 2048
1975 79 2442 2049
1976 76 2444 2051
1977 79 2445 2051
1978 76 2447 2052
1979 77 2449 2053
1980 75 2450 2054
1981 78 2450 2055
1982 77 2451 2056
1983 73 2453 2058
1984 73 2453 2058
1985 74 2454 2060
1986 76 2455 2061
1987 73 2458 2063
1988 71 2460 2064
1989 70 2463 2064
1990 72 2463 2065
1991 71 2464 2067
1992 72 2465 2068
1993 76 2466 2069
1994 75 2467 2071
1995 80 2468 2071
1996 78 2470 2072
1997 77 2470 2075
1998 76 2473 2075
1999 85 2473 2076
2000 81 2475 2080
2001 79 2477 2080
2002 80 2478 2080
2003 82 2479 2081
2004 82 2480 2081
2005 84 2480 2081
2006 82 2480 2084
2007 81 2482 2085
2008 82 2482 2085
2009 75 2485 2089
2010 72 2486 2091
2011 74 2487 2092
2012 74 2487 2093
2013 77 2490 2093
2014 76 2492 2094
2015 74 2495 2095
2016 73 2496 2097
2017 77 2497 2098
2018 76 2499 2100
2019 87 2500 2100
2020 83 2503 2102
2021 80 2505 2103
2022 76 2506 2106
2023 72 2507 2109
2024 75 2508 2109
2025 78 2509 2109
2026 78 2510 2110
2027 75 2512 2111
2028 76 2513 2112
2029 78 2513 2112
2030 77 2515 2112
2031 77 2519 2112
2032 76 2519 2113
2033 79 2520 2113
2034 77 2520 2117
2035 76 2521 2119
2036 77 2522 2120
2037 78 2522 2121
2038 79 2523 2122
2039 77 2524 2123
2040 78 2524 2124
2041 82 2524 2126
2042 82 2524 2126
2043 80 2526 2128
2044 79 2527 2128
2045 83 2528 2131
2046 82 2529 2132
2047 80 2532 2133
2048 78 2533 2134
2049 80 2533 2134
2050 77 2536 2135
2051 80 2537 2137
2052 80 2538 2137
2053 82 2540 2139
2054 83 2540 2139
2055 85 2543 2140
2056 87 2543 2140
2057 88 2543 2141
2058 87 2545 2142
2059 96 2546 2142
2060 94 2550 2142
2061 93 2552 2145
2062 89 2555 2147
2063 86 2557 2150
2064 86 2557 2150
2065 90 2559 2150
2066 89 2559 2152
2067 96 2560 2152
2068 94 2564 2152
2069 94 2565 2153
2070 87 2571 2155
2071 88 2572 2155
2072 85 2575 2157
2073 87 2577 2157
2074 88 2579 2157
2075 88 2579 2159
2076 91 2579 2159
2077 95 2579 2161
2078 91 2582 2162
2079 94 2582 2165
2080 96 2584 2165
2081 94 2586 2167
2082 94 2588 2167
2083 95 2591 2167
2084 94 2592 2167
2085 101 2595 2169
2086 102 2597 2169
2087 105 2597 2172
2088 103 2598 2174
2089 101 2603 2175
2090 101 2605 2175
2091 108 2605 2176
2092 107 2609 2176
2093 111 2612 2177
2094 113 2612 2178
2095 113 2615 2179
2096 112 2618 2180
2097 112 2618 2182
2098 111 2621 2184
2099 116 2623 2187
2100 109 2628 2192
2101 109 2631 2193
2102 112 2633 2193
2103 114 2634 2196
2104 112 2637 2197
2105 117 2637 2198
2106 113 2639 2201
2107 115 2642 2204
2108 113 2644 2206
2109 107 2646 2210
2110 106 2646 2211
2111 111 2646 2212
2112 115 2647 2213
2113 114 2648 2213
2114 114 2649 2216
2115 114 2650 2219
2116 113 2651 2221
2117 116 2651 2222
2118 114 2653 2223
2119 114 2653 2227
2120 114 2655 2228
2121 117 2657 2231
2122 118 2659 2231
2123 122 2660 2232
2124 120 2661 2237
2125 124 2662 2238
2126 119 2666 2240
2127 119 2669 2241
2128 117 2670 2242
2129 112 2673 2244
2130 110 2674 2246
2131 110 2675 2249
2132 109 2677 2250
2133 112 2680 2252
2134 105 2683 2257
2135 102 2685 2258
2136 103 2686 2262
2137 102 2686 2265
2138 99 2687 2268
2139 102 2687 2269
2140 104 2687 2271
2141 106 2691 2273
2142 110 2693 2273
2143 110 2695 2275
2144 107 2699 2275
2145 105 2701 2277
2146 105 2701 2278
2147 106 2703 2279
2148 101 2708 2281
2149 98 2711 2281
2150 94 2715 2282
2151 96 2718 2283
2152 96 2718 2286
2153 97 2718 2289
2154 93 2719 2292
2155 94 2721 2295
2156 94 2722 2296
2157 92 2723 2297
2158 96 2724 2297
2159 97 2726 2298
2160 96 2727 2300
2161 96 2729 2302
2162 95 2732 2304
2163 100 2732 2305
2164 99 2732 2309
2165 101 2736 2309
2166 105 2737 2310
2167 102 2738 2312
2168 105 2739 2313
2169 103 2740 2314
2170 103 2741 2316
2171 100 2744 2318
2172 99 2746 2319
2173 103 2747 2320
2174 101 2750 2322
2175 107 2751 2323
2176 105 2751 2326
2177 106 2753 2327
2178 105 2755 2330
2179 109 2756 2331
2180 109 2757 2332
2181 108 2760 2334
2182 112 2762 2335
2183 109 2764 2338
2184 110 2765 2340
2185 113 2766 2340
2186 113 2770 2341
2187 114 2771 2343
2188 110 2776 2346
2189 107 2777 2350
2190 102 2779 2354
2191 99 2781 2355
2192 99 2781 2356
2193 100 2782 2356
2194 96 2785 2359
2195 100 2786 2360
2196 101 2787 2361
2197 98 2791 2364
2198 93 2794 2366
2199 95 2795 2367
2200 94 2795 2371
2201 92 2796 2372
2202 90 2798 2375
2203 93 2798 2376
2204 91 2802 2377
2205 88 2805 2379
2206 89 2806 2380
2207 92 2807 2380
2208 91 2807 2381
2209 96 2809 2384
2210 98 2810 2384
2211 100 2811 2385
2212 100 2814 2385
2213 99 2816 2388
2214 97 2818 2391
2215 96 2822 2394
2216 96 2824 2394
2217 100 2827 2395
2218 96 2829 2398
2219 97 2830 2400
2220 98 2830 2401
2221 97 2833 2401
2222 97 2834 2401
2223 92 2835 2405
2224 93 2835 2406
2225 87 2840 2407
2226 85 2843 2408
2227 90 2844 2408
2228 88 2845 2409
2229 86 2847 2409
2230 85 2850 2410
2231 91 2851 2411
2232 91 2852 2411
2233 92 2853 2411
2234 90 2855 2413
2235 88 2856 2414
2236 88 2856 2416
2237 88 2859 2419
2238 88 2860 2420
2239 88 2862 2422
2240 86 2862 2425
2241 91 2863 2425
2242 90 2864 2425
2243 87 2866 2428
2244 87 2867 2430
2245 87 2868 2433
2246 88 2868 2434
2247 91 2871 2436
2248 95 2872 2436
2249 96 2875 2438
2250 92 2879 2442
2251 95 2882 2444
2252 92 2885 2444
2253 89 2887 2445
2254 85 2891 2446
2255 83 2894 2447
2256 83 2895 2449
2257 80 2898 2449
2258 75 2899 2453
2259 81 2899 2455
2260 80 2901 2455
2261 81 2904 2455
2262 77 2907 2457
2263 77 2907 2457
2264 73 2909 2459
2265 76 2910 2461
2266 76 2911 2463
2267 76 2913 2465
2268 76 2914 2467
2269 75 2914 2470
2270 72 2916 2471
2271 77 2916 2472
2272 76 2917 2474
2273 71 2918 2478
2274 71 2920 2478
2275 74 2921 2478
2276 73 2922 2478
2277 70 2924 2481
2278 68 2926 2483
2279 65 2928 2484
2280 67 2930 2484
2281 67 2930 2486
2282 64 2931 2488
2283 63 2934 2490
2284 62 2935 2490
2285 59 2935 2493
2286 55 2936 2496
2287 53 2938 2498
2288 53 2938 2499
2289 52 2939 2501
2290 52 2939 2503
2291 52 2941 2503
2292 52 2942 2504
2293 50 2944 2504
2294 49 2944 2506
2295 52 2944 2507
2296 50 2945 2508
2297 50 2946 2509
2298 49 2946 2510
2299 53 2948 2510
2300 50 2949 2512
2301 50 2950 2513
2302 48 2951 2515
2303 50 2951 2515
2304 50 2951 2516
2305 49 2952 2516
2306 48 2952 2519
2307 50 2952 2519
2308 50 2953 2519
2309 55 2955 2520
2310 56 2955 2520
2311 52 2958 2521
2312 49 2959 2524
2313 51 2959 2526
2314 51 2960 2528
2315 48 2962 2529
2316 44 2966 2529
2317 46 2966 2531
2318 43 2969 2532
2319 39 2972 2533
2320 38 2972 2534
2321 35 2975 2534
2322 35 2975 2535
2323 36 2976 2535
2324 36 2976 2536
2325 38 2976 2536
2326 39 2976 2536
2327 39 2978 2536
2328 35 2981 2538
2329 34 2982 2538
2330 33 2983 2538
2331 31 2985 2538
2332 29 2986 2539
2333 28 2986 2540
2334 28 2987 2540
2335 28 2987 2540
2336 27 2988 2540
2337 28 2988 2541
2338 30 2988 2541
2339 28 2989 2542
2340 27 2990 2542
2341 28 2990 2543
2342 30 2991 2543
2343 33 2991 2544
2344 32 2991 2545
2345 33 2991 2546
2346 33 2991 2546
2347 32 2992 2546
2348 32 2992 2546
2349 32 2992 2546
2350 34 2992 2546
2351 32 2993 2547
2352 30 2994 2548
2353 29 2996 2551
2354 30 2996 2552
2355 33 2996 2553
2356 31 2997 2554
2357 33 2997 2554
2358 33 2997 2556
2359 32 2998 2556
2360 31 3001 2556
2361 29 3003 2556
2362 27 3004 2557
2363 25 3005 2558
2364 25 3007 2558
2365 24 3008 2558
2366 24 3008 2558
2367 24 3008 2558
2368 23 3009 2558
2369 22 3010 2558
2370 22 3010 2558
2371 22 3010 2558
2372 22 3010 2559
2373 22 3010 2559
2374 20 3012 2559
2375 22 3012 2559
2376 19 3014 2560
2377 19 3014 2560
2378 20 3014 2560
2379 20 3014 2560
2380 20 3014 2560
2381 20 3014 2560
2382 20 3014 2560
2383 21 3014 2561
2384 20 3014 2562
2385 18 3014 2564
2386 18 3014 2565
2387 18 3014 2565
2388 19 3014 2565
2389 18 3015 2565
2390 18 3016 2565
2391 18 3016 2565
2392 19 3017 2565
2393 21 3017 2565
2394 22 3017 2566
2395 19 3020 2566
2396 18 3020 2567
2397 18 3020 2567
2398 18 3020 2567
2399 18 3020 2567
2400 18 3020 2567
2401 19 3021 2567
2402 18 3022 2568
2403 18 3023 2569
2404 17 3024 2569
2405 16 3024 2570
2406 15 3024 2571
2407 15 3024 2571
2408 16 3024 2571
2409 18 3024 2571
2410 17 3024 2572
2411 16 3025 2572
2412 16 3025 2572
2413 15 3025 2573
2414 15 3026 2573
2415 15 3026 2573
2416 14 3027 2573
2417 13 3028 2573
2418 12 3029 2573
2419 12 3029 2573
2420 13 3029 2573
2421 12 3030 2573
2422 11 3031 2573
2423 11 3031 2573
2424 10 3032 2573
2425 12 3032 2573
2426 12 3032 2573
2427 12 3032 2573
2428 11 3032 2574
2429 13 3032 2574
2430 14 3032 2574
2431 14 3032 2574
2432 14 3032 2574
2433 14 3032 2574
2434 13 3032 2575
2435 13 3032 2575
2436 14 3032 2575
2437 14 3032 2575
2438 14 3032 2575
2439 13 3033 2575
2440 13 3033 2575
2441 13 3033 2575
2442 13 3033 2575
2443 15 3033 2575
2444 14 3033 2576
2445 13 3034 2576
2446 12 3035 2576
2447 12 3035 2576
2448 12 3035 2576
2449 14 3035 2576
2450 14 3035 2576
2451 14 3035 2576
2452 14 3035 2576
2453 16 3035 2576
2454 16 3035 2576
2455 18 3035 2576
2456 18 3035 2577
2457 18 3035 2577
2458 17 3036 2577
2459 17 3036 2577
2460 18 3036 2577
2461 16 3037 2578
2462 16 3037 2578
2463 14 3038 2579
2464 14 3039 2579
2465 14 3039 2579
2466 14 3039 2579
2467 14 3039 2579
2468 14 3039 2579
2469 18 3039 2579
2470 18 3039 2579
2471 18 3039 2579
2472 19 3039 2579
2473 18 3040 2579
2474 18 3040 2579
2475 16 3041 2580
2476 16 3041 2580
2477 15 3041 2581
2478 14 3042 2581
2479 14 3042 2581
2480 14 3042 2581
2481 13 3042 2582
2482 12 3043 2582
2483 11 3044 2582
2484 10 3044 2583
2485 10 3044 2583
2486 10 3044 2583
2487 10 3044 2583
2488 11 3044 2583
2489 13 3044 2583
2490 12 3045 2583
2491 10 3045 2585
2492 9 3046 2585
2493 11 3046 2585
2494 11 3046 2585
2495 11 3046 2585
2496 9 3048 2585
2497 9 3048 2585
2498 9 3048 2585
2499 9 3048 2585
2500 10 3048 2585
2501 10 3048 2585
2502 9 3049 2585
2503 9 3049 2585
2504 8 3049 2586
2505 7 3049 2587
2506 7 3049 2587
2507 7 3049 2587
2508 7 3049 2587
2509 6 3049 2588
2510 6 3049 2588
2511 6 3049 2588
2512 6 3049 2588
2513 6 3049 2588
2514 6 3049 2588
2515 6 3049 2588
2516 6 3049 2588
2517 6 3049 2588
2518 6 3049 2588
2519 6 3049 2588
2520 6 3049 2588
2521 5 3049 2589
2522 5 3049 2589
2523 5 3049 2589
2524 4 3049 2590
2525 6 3049 2590
2526 6 3049 2590
2527 6 3049 2590
2528 6 3049 2590
2529 5 3050 2590
2530 6 3050 2590
2531 5 3050 2591
2532 5 3050 2591
2533 5 3050 2591
2534 5 3050 2591
2535 5 3050 2591
2536 6 3050 2591
2537 6 3050 2591
2538 5 3050 2592
2539 5 3050 2592
2540 5 3050 2592
2541 5 3050 2592
2542 5 3050 2592
2543 5 3050 2592
2544 5 3050 2592
2545 5 3050 2592
2546 5 3050 2592
2547 5 3050 2592
2548 5 3050 2592
2549 5 3050 2592
2550 5 3050 2592
2551 5 3050 2592
2552 4 3051 2592
2553 4 3051 2592
2554 4 3051 2592
2555 4 3051 2592
2556 4 3051 2592
2557 4 3051 2592
2558 3 3052 2592
2559 3 3052 2592
2560 3 3052 2592
2561 3 3052 2592
2562 3 3052 2592
2563 3 3052 2592
2564 3 3052 2592
2565 2 3053 2592
2566 2 3053 2592
2567 2 3053 2592
2568 2 3053 2592
2569 2 3053 2592
2570 2 3053 2592
2571 2 3053 2592
2572 2 3053 2592
2573 2 3053 2592
2574 2 3053 2592
2575 2 3053 2592
2576 1 3053 2593
2577 1 3053 2593
2578 1 3053 2593
2579 1 3053 2593
2580 1 3053 2593
2581 1 3053 2593
2582 1 3053 2593
2583 1 3053 2593
2584 1 3053 2593
2585 1 3053 2593
2586 1 3053 2593
2587 1 3053 2593
2588 1 3053 2593
2589 1 3053 2593
2590 1 3053 2593
2591 0 3053 2594
