0 50 0 0
1 51 1 0
2 51 2 0
3 56 3 0
4 52 6 2
5 53 7 2
6 53 7 3
7 55 9 3
8 54 9 4
9 55 10 4
10 56 10 5
11 53 11 7
12 52 11 10
13 52 11 12
14 51 13 12
15 55 13 12
16 52 14 14
17 50 18 14
18 48 20 15
19 45 21 17
20 45 22 17
21 43 23 18
22 43 23 18
23 41 24 19
24 40 25 19
25 39 25 20
26 40 25 20
27 43 25 21
28 45 25 21
29 44 25 22
30 45 25 22
31 43 25 24
32 43 25 24
33 45 27 24
34 44 27 25
35 43 29 26
36 43 29 26
37 41 30 27
38 42 30 28
39 42 30 28
40 41 31 28
41 42 31 29
42 41 32 29
43 42 33 29
44 43 33 29
45 43 33 29
46 44 33 29
47 42 33 33
48 42 33 33
49 42 33 33
50 42 33 34
51 45 33 35
52 44 34 37
53 40 37 38
54 40 38 38
55 40 38 38
56 40 38 38
57 40 39 39
58 38 41 39
59 38 43 39
60 40 43 39
61 41 44 39
62 41 45 39
63 42 45 40
64 40 46 43
65 38 47 44
66 38 47 44
67 37 49 45
68 35 50 47
69 37 51 48
70 38 51 49
71 37 51 50
72 37 53 50
73 40 54 50
74 38 56 50
75 39 56 51
76 40 56 51
77 39 56 52
78 39 56 53
79 39 56 53
80 38 57 54
81 36 58 55
82 35 59 56
83 35 59 56
84 36 60 56
85 35 61 56
86 36 61 56
87 32 64 57
88 30 65 58
89 29 65 59
90 29 65 59
91 27 66 60
92 29 66 60
93 33 66 60
94 31 66 62
95 35 66 62
96 35 68 63
97 33 70 63
98 33 70 64
99 33 70 64
100 31 71 65
101 30 71 66
102 29 72 66
103 32 72 67
104 33 72 67
105 35 72 67
106 34 73 69
107 34 73 69
108 33 73 70
109 30 73 73
110 29 73 74
111 31 73 74
112 30 73 75
113 28 73 79
114 29 73 79
115 27 75 79
116 28 75 79
117 28 75 79
118 27 75 81
119 32 75 82
120 29 77 83
121 27 79 83
122 26 79 84
123 27 79 85
124 26 80 85
125 28 80 85
126 29 82 85
127 29 82 85
128 27 84 86
129 31 84 86
130 28 86 87
131 28 86 87
132 28 86 88
133 28 86 90
134 27 86 91
135 28 86 92
136 29 86 92
137 32 86 93
138 31 87 93
139 32 87 94
140 31 89 95
141 31 91 95
142 32 91 95
143 32 93 95
144 32 93 95
145 35 94 95
146 34 95 95
147 34 95 95
148 34 95 95
149 36 95 95
150 35 95 96
151 35 95 96
152 33 96 97
153 36 97 97
154 36 97 97
155 38 97 97
156 40 97 97
157 40 97 97
158 39 98 98
159 40 98 99
160 40 99 100
161 41 100 100
162 39 100 102
163 38 100 103
164 40 100 103
165 42 100 103
166 41 100 106
167 43 100 106
168 42 101 107
169 48 101 107
170 50 101 107
171 50 102 108
172 47 104 109
173 46 105 111
174 47 106 111
175 47 106 111
176 46 107 112
177 45 109 113
178 43 109 115
179 40 110 117
180 40 110 118
181 41 111 120
182 38 113 121
183 38 113 123
184 38 114 124
185 38 114 124
186 39 116 124
187 37 117 125
188 36 118 126
189 35 119 126
190 33 121 126
191 37 121 126
192 37 122 126
193 35 124 126
194 34 126 126
195 34 126 126
196 35 126 126
197 34 127 126
198 34 128 126
199 34 129 127
200 34 129 127
201 37 130 127
202 37 130 127
203 36 131 127
204 35 131 128
205 36 131 129
206 36 132 129
207 40 134 129
208 37 137 130
209 39 137 130
210 37 137 132
211 37 137 132
212 35 139 132
213 34 139 133
214 33 140 133
215 32 142 134
216 32 142 134
217 30 142 136
218 30 143 136
219 32 143 136
220 28 144 139
221 28 144 139
222 28 144 139
223 32 144 139
224 31 144 140
225 32 145 140
226 32 145 140
227 36 145 140
228 35 145 141
229 37 145 141
230 34 147 142
231 33 148 142
232 32 149 142
233 35 149 143
234 33 149 145
235 37 149 145
236 36 149 146
237 40 149 146
238 38 150 147
239 37 151 147
240 37 151 148
241 38 151 149
242 39 151 149
243 41 151 149
244 40 151 150
245 39 152 150
246 37 152 153
247 35 155 154
248 35 155 154
249 34 156 154
250 35 156 154
251 34 157 154
252 34 157 155
253 32 158 156
254 32 158 156
255 31 159 156
256 32 159 156
257 33 159 157
258 33 159 157
259 32 160 157
260 33 160 157
261 33 160 157
262 34 160 157
263 36 160 157
264 36 160 158
265 40 160 158
266 40 160 158
267 37 162 159
268 37 162 159
269 38 162 160
270 39 162 161
271 38 164 162
272 38 164 162
273 37 165 162
274 37 165 163
275 37 165 165
276 36 165 167
277 40 165 167
278 39 166 167
279 38 167 167
280 38 167 168
281 37 168 168
282 37 168 168
283 36 169 168
284 37 170 168
285 42 170 169
286 40 171 170
287 43 171 171
288 44 172 171
289 45 172 172
290 43 173 173
291 47 173 173
292 48 174 173
293 53 174 174
294 54 175 174
295 53 176 174
296 51 177 176
297 50 178 178
298 51 178 178
299 50 179 178
300 48 182 178
301 48 183 179
302 43 186 181
303 44 188 182
304 43 188 184
305 45 188 184
306 44 188 185
307 44 188 187
308 41 190 188
309 40 191 188
310 40 191 188
311 38 192 189
312 38 192 189
313 37 194 190
314 35 196 190
315 35 196 190
316 35 196 190
317 38 196 191
318 37 197 191
319 43 198 192
320 42 198 193
321 43 198 194
322 44 198 195
323 42 199 196
324 42 199 197
325 43 199 198
326 43 199 198
327 44 199 199
328 45 199 199
329 44 200 199
330 42 200 201
331 41 201 201
332 41 201 202
333 40 201 203
334 37 203 204
335 36 203 205
336 35 203 206
337 32 204 208
338 32 205 208
339 35 205 209
340 35 205 209
341 35 207 209
342 34 207 210
343 32 207 212
344 32 207 213
345 32 207 213
346 32 207 213
347 32 207 213
348 31 208 213
349 35 210 213
350 35 211 213
351 37 211 213
352 36 212 213
353 36 212 213
354 34 213 215
355 40 213 215
356 41 214 215
357 41 214 215
358 41 214 215
359 39 218 215
360 39 218 217
361 36 220 218
362 35 221 219
363 32 223 220
364 34 223 220
365 30 225 222
366 31 225 223
367 30 225 224
368 30 225 224
369 34 225 226
370 36 225 226
371 37 225 227
372 35 225 229
373 37 225 229
374 37 225 229
375 36 225 230
376 37 225 231
377 38 226 231
378 37 229 232
379 39 229 232
380 41 229 233
381 43 231 233
382 40 233 234
383 42 234 235
384 41 235 236
385 44 236 236
386 43 238 237
387 43 239 238
388 41 242 238
389 42 243 238
390 41 246 239
391 40 247 239
392 41 247 239
393 45 247 239
394 43 249 239
395 44 250 239
396 45 250 239
397 46 251 239
398 46 252 239
399 46 253 240
400 48 253 240
401 48 253 240
402 49 254 240
403 50 255 240
404 52 255 240
405 53 257 241
406 53 258 241
407 53 258 241
408 53 260 241
409 50 263 241
410 48 265 242
411 54 265 244
412 54 266 246
413 55 267 246
414 51 270 247
415 54 271 247
416 54 272 247
417 56 272 247
418 59 272 247
419 61 272 247
420 60 273 247
421 59 273 250
422 58 273 252
423 60 273 254
424 58 274 255
425 62 274 255
426 62 274 255
427 65 275 255
428 64 276 257
429 64 277 258
430 66 277 258
431 64 278 259
432 60 280 261
433 63 281 261
434 59 284 262
435 55 285 265
436 56 286 267
437 56 287 268
438 56 288 268
439 51 291 270
440 51 291 270
441 54 291 271
442 52 291 273
443 52 293 273
444 50 295 273
445 58 295 273
446 58 295 273
447 57 295 276
448 57 296 277
449 57 296 279
450 58 296 279
451 57 296 282
452 58 298 282
453 60 298 282
454 59 299 282
455 67 300 283
456 67 300 284
457 65 302 284
458 62 304 285
459 61 307 287
460 63 307 288
461 65 309 290
462 62 311 291
463 63 312 291
464 60 314 293
465 61 315 295
466 62 315 296
467 60 315 300
468 55 320 300
469 55 321 301
470 56 322 303
471 57 322 304
472 57 323 305
473 58 324 305
474 57 324 306
475 55 326 306
476 51 329 307
477 49 331 307
478 48 332 308
479 50 332 308
480 50 334 308
481 48 336 310
482 49 336 310
483 55 336 312
484 55 337 312
485 57 337 316
486 56 337 317
487 61 338 317
488 63 338 317
489 62 341 317
490 62 342 318
491 64 344 318
492 64 345 319
493 68 345 319
494 69 346 319
495 67 348 319
496 68 349 319
497 68 351 319
498 65 353 321
499 67 353 321
500 71 353 321
501 70 355 322
502 68 357 325
503 72 360 326
504 72 360 328
505 74 362 328
506 73 362 330
507 75 363 331
508 76 365 332
509 80 365 334
510 79 365 336
511 81 366 339
512 78 367 341
513 77 369 342
514 72 373 343
515 75 373 344
516 74 375 344
517 74 377 344
518 75 378 345
519 78 378 346
520 79 378 346
521 75 380 350
522 73 383 351
523 74 384 351
524 74 385 352
525 72 386 353
526 70 388 355
527 73 390 356
528 72 391 357
529 75 392 357
530 73 394 358
531 81 394 358
532 74 399 360
533 77 403 361
534 78 403 361
535 79 403 362
536 77 406 363
537 84 407 363
538 83 408 364
539 84 409 366
540 83 411 368
541 81 412 369
542 81 412 369
543 77 415 370
544 76 416 371
545 79 417 371
546 76 419 372
547 78 419 374
548 75 421 377
549 77 422 378
550 75 423 379
551 80 425 380
552 82 426 380
553 82 427 381
554 83 429 381
555 91 429 381
556 90 430 382
557 93 430 383
558 95 431 385
559 95 434 386
560 90 437 389
561 93 438 389
562 92 438 390
563 96 438 392
564 94 439 396
565 94 439 398
566 93 441 400
567 99 444 403
568 93 448 407
569 89 451 408
570 92 453 408
571 91 457 409
572 90 458 410
573 91 459 410
574 86 462 412
575 92 464 414
576 90 467 415
577 93 468 417
578 95 468 419
579 94 470 422
580 95 471 422
581 96 474 422
582 96 475 422
583 97 477 425
584 95 477 427
585 98 481 428
586 94 482 431
587 94 483 434
588 93 485 434
589 93 487 436
590 93 488 436
591 90 492 437
592 85 495 441
593 91 496 442
594 88 500 442
595 88 502 442
596 87 502 443
597 90 503 447
598 86 507 448
599 85 508 450
600 86 508 451
601 91 508 454
602 91 509 455
603 92 509 456
604 91 510 458
605 90 512 459
606 91 514 460
607 96 516 461
608 99 516 462
609 101 517 463
610 99 517 465
611 97 517 467
612 94 518 471
613 96 518 471
614 97 520 472
615 100 520 473
616 104 520 474
617 113 521 474
618 111 522 477
619 108 522 480
620 102 527 481
621 98 531 483
622 97 531 485
623 98 532 485
624 100 534 486
625 100 539 487
626 97 542 488
627 97 545 489
628 94 547 491
629 89 551 492
630 91 551 493
631 96 551 494
632 94 554 494
633 92 555 497
634 88 557 500
635 95 558 500
636 93 560 502
637 96 563 502
638 93 565 506
639 91 572 507
640 90 573 508
641 95 573 509
642 94 577 510
643 95 578 510
644 96 578 510
645 97 579 512
646 99 580 512
647 94 584 513
648 94 584 515
649 92 586 517
650 87 588 520
651 90 589 520
652 87 591 521
653 86 592 521
654 83 594 523
655 83 597 524
656 80 600 527
657 77 603 527
658 77 605 527
659 79 606 528
660 78 608 528
661 74 611 529
662 73 613 530
663 77 614 531
664 76 616 532
665 80 616 534
666 79 618 534
667 82 619 534
668 83 621 535
669 85 622 536
670 82 625 538
671 82 625 538
672 82 625 539
673 85 627 540
674 85 627 541
675 82 632 543
676 83 633 545
677 81 635 547
678 82 635 548
679 81 635 551
680 83 635 551
681 88 637 552
682 88 639 553
683 94 640 554
684 92 642 555
685 94 647 556
686 93 648 557
687 86 652 560
688 83 653 563
689 88 653 564
690 84 657 566
691 85 658 568
692 88 659 569
693 94 659 569
694 92 660 571
695 95 661 571
696 94 665 571
697 94 665 573
698 94 666 573
699 97 666 574
700 98 667 574
701 101 667 575
702 103 667 575
703 106 668 577
704 104 669 579
705 106 672 580
706 104 676 581
707 104 678 583
708 101 681 585
709 103 683 585
710 101 684 587
711 105 684 589
712 104 684 590
713 106 684 592
714 103 687 593
715 103 690 594
716 102 691 595
717 105 694 595
718 107 695 595
719 109 695 597
720 106 697 600
721 113 700 602
722 112 701 607
723 111 703 608
724 109 706 609
725 109 709 610
726 109 709 611
727 109 709 613
728 112 713 613
729 107 718 617
730 109 718 619
731 113 719 620
732 114 721 621
733 119 723 622
734 113 726 626
735 118 726 627
736 115 728 630
737 117 729 631
738 117 731 632
739 119 733 634
740 119 735 636
741 112 741 637
742 111 743 640
743 107 746 641
744 107 749 642
745 113 750 643
746 112 751 645
747 112 754 646
748 112 756 646
749 116 760 646
750 116 761 647
751 124 762 648
752 123 763 649
753 132 763 650
754 131 765 653
755 138 766 653
756 136 767 655
757 135 773 656
758 136 773 658
759 134 775 660
760 134 778 662
761 137 781 664
762 140 781 664
763 140 785 668
764 141 786 669
765 138 789 673
766 138 790 675
767 139 792 676
768 138 794 677
769 140 796 679
770 139 799 680
771 147 801 682
772 148 803 682
773 147 809 683
774 150 810 684
775 153 815 686
776 150 817 689
777 154 821 693
778 149 824 697
779 147 827 700
780 149 828 701
781 154 828 702
782 150 832 704
783 158 833 707
784 158 835 709
785 163 838 711
786 160 841 714
787 163 842 716
788 160 846 718
789 161 850 719
790 156 854 720
791 155 857 722
792 153 859 726
793 151 863 728
794 148 864 731
795 152 867 732
796 150 872 733
797 153 875 737
798 152 879 737
799 151 881 740
800 149 883 741
801 147 888 744
802 145 892 745
803 152 893 745
804 143 902 747
805 141 904 749
806 140 908 749
807 137 910 754
808 137 912 755
809 137 915 758
810 138 916 759
811 138 919 762
812 135 922 764
813 137 923 767
814 138 924 768
815 141 927 772
816 137 929 775
817 139 930 778
818 137 931 781
819 136 932 785
820 139 934 786
821 144 935 788
822 143 937 789
823 149 938 790
824 150 938 792
825 155 940 793
826 152 943 793
827 150 945 793
828 145 946 799
829 139 949 804
830 138 951 807
831 142 951 809
832 139 953 812
833 136 961 813
834 137 962 815
835 148 965 815
836 145 967 816
837 145 971 816
838 146 971 820
839 150 974 821
840 148 979 822
841 147 981 825
842 145 984 828
843 141 986 830
844 140 987 831
845 145 987 832
846 144 991 835
847 141 998 837
848 145 999 839
849 144 1001 842
850 144 1002 844
851 145 1003 846
852 145 1004 848
853 151 1005 849
854 147 1010 852
855 150 1011 854
856 149 1012 857
857 145 1013 864
858 146 1013 867
859 148 1015 867
860 147 1016 871
861 155 1018 873
862 158 1022 873
863 156 1023 874
864 156 1026 874
865 160 1028 878
866 158 1031 879
867 170 1034 880
868 168 1036 882
869 173 1039 884
870 169 1046 885
871 170 1050 888
872 163 1055 892
873 167 1058 895
874 167 1059 899
875 174 1064 901
876 174 1067 902
877 176 1070 903
878 175 1072 905
879 167 1075 912
880 163 1078 914
881 158 1081 918
882 156 1085 920
883 157 1087 923
884 162 1088 924
885 176 1088 926
886 178 1089 928
887 183 1093 931
888 181 1095 935
889 185 1097 935
890 182 1103 936
891 187 1105 939
892 181 1114 940
893 179 1118 944
894 177 1120 948
895 182 1123 950
896 175 1127 956
897 173 1132 959
898 169 1132 963
899 174 1136 966
900 169 1137 973
901 163 1144 978
902 161 1148 978
903 165 1148 980
904 163 1152 980
905 156 1155 984
906 153 1155 989
907 158 1159 990
908 153 1166 991
909 165 1167 992
910 165 1169 994
911 176 1172 994
912 171 1174 997
913 173 1177 998
914 170 1178 1002
915 180 1179 1003
916 173 1182 1009
917 176 1184 1014
918 173 1188 1015
919 172 1192 1016
920 171 1194 1019
921 175 1194 1023
922 178 1195 1026
923 181 1199 1029
924 181 1200 1033
925 182 1203 1035
926 181 1205 1037
927 188 1209 1040
928 185 1211 1043
929 186 1213 1046
930 181 1217 1051
931 183 1222 1054
932 179 1226 1057
933 181 1231 1058
934 179 1233 1062
935 179 1236 1065
936 179 1240 1067
937 181 1241 1070
938 174 1246 1076
939 170 1248 1080
940 173 1249 1081
941 180 1250 1083
942 185 1251 1083
943 185 1253 1087
944 180 1259 1091
945 185 1262 1093
946 179 1267 1096
947 186 1273 1097
948 192 1274 1098
949 193 1276 1101
950 192 1279 1106
951 196 1282 1109
952 194 1287 1110
953 194 1291 1114
954 193 1295 1117
955 202 1297 1118
956 202 1302 1121
957 214 1305 1122
958 209 1308 1129
959 209 1310 1133
960 205 1316 1135
961 208 1321 1137
962 207 1324 1139
963 209 1329 1142
964 213 1331 1144
965 211 1336 1147
966 209 1342 1147
967 210 1345 1151
968 207 1351 1155
969 208 1357 1156
970 199 1365 1159
971 198 1372 1165
972 194 1377 1167
973 192 1381 1169
974 194 1382 1170
975 196 1385 1173
976 192 1392 1178
977 188 1398 1182
978 190 1401 1185
979 192 1405 1189
980 186 1409 1192
981 185 1413 1195
982 181 1417 1197
983 191 1419 1201
984 194 1421 1205
985 190 1424 1212
986 181 1432 1214
987 177 1438 1218
988 176 1442 1220
989 172 1447 1223
990 172 1449 1225
991 168 1455 1229
992 167 1457 1234
993 169 1459 1236
994 167 1463 1238
995 170 1467 1239
996 174 1468 1242
997 173 1472 1243
998 170 1474 1244
999 175 1478 1245
1000 176 1481 1247
1001 186 1485 1249
1002 176 1496 1250
1003 172 1498 1254
1004 170 1505 1255
1005 167 1507 1260
1006 161 1511 1265
1007 156 1515 1270
1008 155 1516 1273
1009 164 1519 1275
1010 160 1521 1278
1011 171 1522 1278
1012 173 1524 1278
1013 170 1527 1284
1014 166 1532 1286
1015 163 1536 1289
1016 157 1541 1293
1017 164 1545 1294
1018 163 1547 1296
1019 168 1548 1296
1020 169 1552 1296
1021 176 1555 1298
1022 177 1558 1298
1023 173 1561 1303
1024 175 1563 1304
1025 177 1564 1305
1026 172 1568 1308
1027 178 1570 1312
1028 181 1571 1313
1029 182 1575 1316
1030 180 1579 1317
1031 187 1580 1317
1032 189 1581 1317
1033 187 1587 1321
1034 189 1590 1321
1035 194 1597 1323
1036 189 1599 1329
1037 193 1602 1330
1038 192 1605 1334
1039 188 1608 1339
1040 188 1609 1340
1041 189 1613 1343
1042 189 1617 1343
1043 194 1619 1348
1044 192 1621 1352
1045 196 1623 1354
1046 194 1625 1358
1047 198 1628 1359
1048 193 1633 1364
1049 196 1635 1369
1050 197 1640 1370
1051 203 1642 1370
1052 201 1645 1374
1053 203 1650 1375
1054 200 1655 1378
1055 211 1655 1381
1056 210 1657 1383
1057 218 1662 1384
1058 218 1666 1388
1059 221 1669 1390
1060 222 1671 1393
1061 224 1677 1395
1062 223 1679 1396
1063 218 1683 1403
1064 213 1689 1406
1065 213 1695 1410
1066 213 1696 1415
1067 211 1702 1419
1068 209 1704 1421
1069 212 1705 1423
1070 209 1710 1427
1071 212 1712 1430
1072 203 1721 1434
1073 206 1725 1437
1074 197 1727 1444
1075 194 1729 1451
1076 192 1731 1454
1077 194 1735 1458
1078 196 1738 1459
1079 201 1741 1461
1080 202 1742 1465
1081 194 1752 1467
1082 188 1758 1472
1083 190 1760 1476
1084 194 1760 1477
1085 193 1763 1481
1086 188 1768 1484
1087 194 1769 1485
1088 198 1773 1486
1089 198 1778 1487
1090 198 1781 1489
1091 198 1785 1491
1092 200 1788 1493
1093 205 1793 1495
1094 201 1798 1502
1095 207 1800 1504
1096 207 1803 1507
1097 215 1806 1512
1098 211 1814 1514
1099 206 1821 1516
1100 201 1827 1518
1101 209 1831 1520
1102 204 1837 1521
1103 205 1841 1524
1104 201 1846 1527
1105 206 1847 1529
1106 204 1851 1530
1107 206 1854 1533
1108 200 1859 1537
1109 198 1864 1538
1110 189 1871 1541
1111 192 1874 1543
1112 190 1877 1546
1113 194 1879 1550
1114 186 1883 1556
1115 197 1885 1557
1116 191 1892 1558
1117 192 1897 1564
1118 193 1900 1567
1119 203 1905 1570
1120 206 1905 1571
1121 206 1909 1573
1122 205 1911 1576
1123 203 1918 1581
1124 205 1922 1582
1125 208 1928 1585
1126 206 1930 1587
1127 205 1935 1591
1128 201 1940 1594
1129 200 1946 1595
1130 197 1949 1599
1131 200 1955 1600
1132 199 1959 1604
1133 206 1960 1606
1134 208 1961 1608
1135 205 1967 1609
1136 205 1970 1611
1137 199 1977 1614
1138 198 1979 1617
1139 194 1982 1622
1140 197 1983 1626
1141 203 1989 1630
1142 197 1998 1633
1143 196 1999 1633
1144 196 2004 1636
1145 193 2007 1642
1146 191 2010 1644
1147 200 2011 1646
1148 191 2018 1650
1149 191 2022 1652
1150 190 2022 1655
1151 183 2026 1662
1152 180 2032 1663
1153 181 2033 1665
1154 173 2041 1668
1155 171 2046 1673
1156 168 2049 1677
1157 172 2049 1681
1158 171 2050 1683
1159 173 2052 1685
1160 170 2054 1689
1161 174 2056 1689
1162 172 2059 1690
1163 179 2060 1692
1164 177 2062 1695
1165 184 2063 1697
1166 177 2068 1701
1167 182 2071 1701
1168 178 2076 1704
1169 181 2079 1708
1170 183 2080 1711
1171 182 2085 1713
1172 181 2088 1716
1173 175 2098 1722
1174 172 2104 1723
1175 177 2106 1726
1176 178 2108 1727
1177 181 2110 1728
1178 179 2114 1729
1179 169 2120 1733
1180 166 2122 1734
1181 170 2128 1734
1182 164 2132 1738
1183 162 2134 1740
1184 160 2136 1742
1185 162 2138 1744
1186 159 2139 1748
1187 165 2142 1749
1188 165 2143 1751
1189 164 2146 1755
1190 160 2148 1760
1191 167 2149 1760
1192 156 2155 1769
1193 160 2158 1772
1194 157 2161 1774
1195 165 2164 1777
1196 161 2166 1781
1197 161 2173 1782
1198 156 2179 1784
1199 157 2182 1786
1200 157 2186 1788
1201 160 2189 1788
1202 159 2191 1790
1203 157 2195 1794
1204 151 2198 1798
1205 148 2199 1802
1206 145 2204 1804
1207 145 2206 1806
1208 145 2211 1808
1209 142 2213 1811
1210 135 2217 1814
1211 138 2219 1815
1212 135 2223 1819
1213 135 2223 1821
1214 136 2224 1821
1215 135 2227 1823
1216 129 2231 1826
1217 131 2233 1826
1218 128 2235 1828
1219 129 2236 1832
1220 131 2237 1832
1221 126 2240 1834
1222 125 2242 1836
1223 130 2245 1838
1224 127 2245 1843
1225 130 2246 1847
1226 129 2247 1849
1227 135 2248 1850
1228 137 2249 1851
1229 141 2251 1853
1230 138 2252 1856
1231 135 2254 1859
1232 134 2255 1860
1233 138 2258 1863
1234 138 2260 1866
1235 134 2265 1867
1236 131 2268 1870
1237 135 2270 1874
1238 132 2273 1877
1239 126 2279 1879
1240 127 2280 1879
1241 124 2285 1883
1242 123 2285 1884
1243 133 2289 1886
1244 133 2290 1889
1245 134 2294 1890
1246 133 2295 1893
1247 140 2297 1896
1248 140 2299 1897
1249 137 2302 1901
1250 138 2304 1902
1251 134 2305 1905
1252 136 2307 1906
1253 141 2308 1908
1254 139 2310 1911
1255 143 2311 1912
1256 141 2315 1914
1257 146 2318 1916
1258 150 2318 1916
1259 148 2319 1919
1260 147 2324 1921
1261 154 2325 1923
1262 150 2328 1925
1263 149 2332 1928
1264 149 2332 1929
1265 152 2335 1931
1266 151 2336 1933
1267 152 2340 1936
1268 148 2344 1938
1269 152 2344 1940
1270 148 2344 1945
1271 148 2346 1947
1272 147 2349 1950
1273 144 2353 1953
1274 139 2356 1957
1275 143 2363 1958
1276 137 2367 1960
1277 144 2368 1962
1278 143 2370 1966
1279 149 2371 1967
1280 146 2372 1971
1281 154 2372 1971
1282 151 2375 1973
1283 147 2379 1975
1284 144 2380 1980
1285 157 2382 1981
1286 152 2384 1986
1287 160 2387 1989
1288 157 2391 1990
1289 151 2395 1994
1290 149 2398 1996
1291 153 2399 1997
1292 147 2401 2002
1293 144 2405 2003
1294 136 2412 2007
1295 137 2416 2008
1296 133 2419 2012
1297 135 2419 2016
1298 129 2423 2018
1299 132 2424 2022
1300 131 2426 2023
1301 130 2430 2024
1302 128 2433 2025
1303 134 2435 2027
1304 130 2437 2030
1305 131 2440 2032
1306 130 2441 2035
1307 133 2444 2039
1308 134 2447 2041
1309 146 2451 2041
1310 146 2452 2043
1311 148 2453 2046
1312 147 2455 2048
1313 146 2456 2050
1314 146 2457 2051
1315 143 2461 2054
1316 141 2464 2057
1317 145 2467 2058
1318 143 2476 2059
1319 144 2477 2061
1320 147 2478 2062
1321 151 2482 2064
1322 148 2485 2066
1323 144 2490 2069
1324 142 2496 2070
1325 144 2497 2075
1326 142 2500 2079
1327 150 2504 2079
1328 148 2507 2082
1329 142 2510 2087
1330 140 2514 2088
1331 144 2517 2091
1332 142 2518 2094
1333 145 2520 2095
1334 145 2521 2098
1335 148 2522 2100
1336 146 2524 2102
1337 149 2525 2104
1338 148 2528 2105
1339 152 2530 2105
1340 148 2533 2108
1341 158 2533 2108
1342 161 2533 2109
1343 160 2535 2112
1344 159 2537 2116
1345 163 2540 2117
1346 160 2545 2119
1347 164 2546 2122
1348 163 2547 2127
1349 161 2549 2131
1350 165 2552 2131
1351 166 2555 2133
1352 162 2557 2137
1353 158 2562 2142
1354 156 2565 2145
1355 158 2568 2146
1356 158 2571 2150
1357 165 2572 2154
1358 164 2574 2156
1359 163 2578 2159
1360 162 2581 2160
1361 166 2582 2163
1362 170 2583 2166
1363 171 2588 2170
1364 169 2590 2172
1365 169 2593 2173
1366 169 2595 2176
1367 174 2596 2176
1368 174 2598 2178
1369 170 2600 2184
1370 173 2601 2186
1371 169 2602 2193
1372 171 2603 2193
1373 172 2605 2194
1374 167 2610 2195
1375 167 2616 2197
1376 168 2617 2201
1377 164 2622 2204
1378 163 2624 2206
1379 163 2627 2209
1380 161 2630 2211
1381 165 2632 2213
1382 159 2634 2219
1383 163 2636 2219
1384 159 2638 2222
1385 162 2639 2224
1386 160 2643 2227
1387 160 2645 2231
1388 152 2652 2232
1389 153 2653 2236
1390 147 2655 2241
1391 157 2655 2243
1392 156 2658 2245
1393 155 2663 2247
1394 158 2666 2247
1395 154 2672 2249
1396 153 2673 2251
1397 158 2677 2252
1398 155 2682 2253
1399 156 2683 2255
1400 158 2684 2256
1401 150 2690 2262
1402 147 2693 2263
1403 143 2698 2264
1404 144 2699 2264
1405 144 2702 2267
1406 141 2704 2270
1407 139 2707 2271
1408 135 2708 2274
1409 131 2713 2275
1410 133 2714 2279
1411 138 2718 2282
1412 133 2722 2286
1413 124 2726 2293
1414 118 2728 2299
1415 123 2730 2300
1416 120 2733 2302
1417 125 2733 2303
1418 125 2734 2303
1419 124 2734 2306
1420 122 2736 2308
1421 125 2737 2308
1422 124 2737 2313
1423 129 2738 2317
1424 127 2739 2320
1425 124 2743 2321
1426 123 2745 2322
1427 123 2748 2325
1428 118 2751 2329
1429 119 2756 2329
1430 116 2759 2332
1431 120 2760 2333
1432 122 2763 2333
1433 127 2765 2334
1434 124 2768 2337
1435 125 2771 2337
1436 119 2775 2340
1437 122 2776 2342
1438 118 2780 2345
1439 116 2783 2348
1440 113 2785 2352
1441 118 2787 2353
1442 118 2790 2353
1443 117 2791 2355
1444 116 2792 2359
1445 112 2795 2362
1446 112 2796 2364
1447 114 2798 2366
1448 114 2800 2368
1449 112 2801 2371
1450 113 2804 2374
1451 113 2806 2376
1452 110 2809 2378
1453 113 2811 2381
1454 116 2813 2381
1455 117 2814 2383
1456 117 2815 2386
1457 120 2817 2387
1458 118 2819 2389
1459 120 2825 2389
1460 118 2828 2391
1461 116 2828 2395
1462 116 2829 2397
1463 117 2832 2399
1464 115 2832 2402
1465 116 2833 2404
1466 116 2836 2404
1467 119 2838 2405
1468 115 2843 2406
1469 124 2844 2406
1470 123 2845 2408
1471 126 2848 2410
1472 122 2852 2414
1473 127 2853 2414
1474 123 2856 2416
1475 133 2858 2416
1476 134 2861 2416
1477 131 2865 2419
1478 133 2867 2419
1479 134 2870 2423
1480 128 2873 2427
1481 133 2874 2427
1482 133 2877 2428
1483 128 2880 2430
1484 123 2887 2431
1485 128 2888 2433
1486 125 2893 2435
1487 127 2895 2437
1488 127 2897 2438
1489 127 2899 2440
1490 130 2899 2442
1491 134 2900 2443
1492 132 2906 2444
1493 132 2910 2444
1494 129 2914 2445
1495 127 2916 2449
1496 127 2917 2450
1497 122 2922 2452
1498 123 2923 2453
1499 116 2928 2459
1500 112 2932 2461
1501 113 2934 2462
1502 109 2937 2465
1503 113 2938 2466
1504 112 2938 2467
1505 114 2939 2468
1506 111 2940 2470
1507 117 2941 2471
1508 115 2943 2473
1509 111 2946 2474
1510 110 2948 2475
1511 113 2948 2476
1512 114 2948 2477
1513 120 2950 2477
1514 115 2951 2481
1515 117 2951 2481
1516 123 2951 2481
1517 123 2954 2484
1518 122 2955 2486
1519 124 2957 2488
1520 123 2960 2488
1521 122 2962 2489
1522 121 2965 2491
1523 126 2967 2492
1524 124 2969 2494
1525 121 2971 2497
1526 120 2973 2499
1527 118 2975 2501
1528 117 2976 2501
1529 119 2979 2502
1530 118 2981 2503
1531 120 2986 2504
1532 116 2989 2506
1533 121 2991 2507
1534 116 2995 2509
1535 121 2998 2511
1536 118 3001 2516
1537 117 3004 2520
1538 117 3005 2522
1539 125 3007 2522
1540 123 3009 2523
1541 124 3009 2526
1542 123 3012 2528
1543 127 3013 2529
1544 125 3016 2531
1545 123 3019 2532
1546 114 3026 2537
1547 106 3033 2544
1548 104 3035 2545
1549 106 3036 2546
1550 99 3040 2550
1551 102 3043 2552
1552 102 3045 2552
1553 99 3050 2554
1554 101 3051 2556
1555 101 3053 2556
1556 101 3054 2559
1557 100 3056 2560
1558 98 3057 2561
1559 96 3061 2561
1560 91 3064 2565
1561 91 3066 2565
1562 90 3066 2567
1563 94 3067 2568
1564 93 3070 2568
1565 90 3073 2570
1566 91 3073 2570
1567 90 3073 2571
1568 90 3073 2573
1569 91 3076 2575
1570 90 3078 2577
1571 89 3079 2581
1572 91 3079 2582
1573 88 3083 2583
1574 85 3085 2584
1575 83 3086 2585
1576 85 3088 2586
1577 83 3090 2586
1578 85 3090 2587
1579 85 3091 2588
1580 88 3092 2589
1581 89 3093 2591
1582 92 3093 2591
1583 92 3094 2594
1584 96 3096 2595
1585 93 3097 2597
1586 88 3101 2599
1587 85 3103 2600
1588 83 3105 2602
1589 80 3108 2604
1590 81 3108 2604
1591 85 3109 2605
1592 82 3112 2606
1593 84 3113 2607
1594 85 3113 2608
1595 82 3114 2612
1596 84 3114 2614
1597 87 3115 2616
1598 87 3116 2617
1599 95 3116 2617
1600 96 3117 2617
1601 97 3118 2617
1602 94 3120 2618
1603 99 3121 2618
1604 95 3123 2621
1605 98 3123 2622
1606 96 3125 2622
1607 96 3127 2622
1608 93 3128 2625
1609 100 3128 2626
1610 100 3129 2626
1611 100 3133 2628
1612 98 3135 2630
1613 99 3136 2630
1614 98 3137 2630
1615 97 3139 2631
1616 99 3140 2631
1617 100 3145 2631
1618 100 3148 2632
1619 103 3149 2634
1620 101 3149 2636
1621 105 3152 2637
1622 102 3154 2639
1623 98 3158 2641
1624 101 3159 2641
1625 103 3159 2643
1626 100 3161 2645
1627 101 3163 2648
1628 96 3167 2649
1629 93 3170 2651
1630 93 3172 2651
1631 92 3172 2654
1632 90 3172 2657
1633 91 3172 2660
1634 90 3173 2661
1635 90 3174 2662
1636 89 3176 2663
1637 84 3179 2665
1638 83 3182 2666
1639 84 3182 2667
1640 83 3183 2669
1641 86 3183 2670
1642 87 3184 2671
1643 88 3185 2673
1644 89 3187 2674
1645 89 3187 2674
1646 88 3188 2674
1647 95 3188 2675
1648 96 3190 2675
1649 108 3191 2676
1650 110 3191 2677
1651 113 3193 2678
1652 107 3197 2681
1653 111 3202 2682
1654 112 3202 2685
1655 114 3205 2686
1656 112 3206 2688
1657 114 3207 2689
1658 119 3208 2689
1659 115 3209 2692
1660 115 3210 2694
1661 113 3215 2695
1662 113 3215 2699
1663 116 3219 2702
1664 113 3223 2708
1665 112 3225 2709
1666 109 3230 2709
1667 115 3231 2710
1668 113 3232 2712
1669 118 3232 2713
1670 115 3233 2715
1671 117 3236 2716
1672 112 3240 2717
1673 109 3242 2718
1674 109 3243 2718
1675 109 3245 2722
1676 104 3248 2724
1677 101 3250 2725
1678 98 3253 2727
1679 106 3255 2729
1680 107 3256 2731
1681 110 3257 2731
1682 109 3258 2735
1683 110 3259 2737
1684 110 3260 2738
1685 109 3261 2740
1686 111 3262 2741
1687 114 3265 2741
1688 115 3265 2741
1689 123 3266 2742
1690 121 3268 2743
1691 119 3270 2745
1692 117 3274 2746
1693 127 3276 2746
1694 126 3277 2747
1695 125 3278 2749
1696 122 3279 2753
1697 118 3282 2758
1698 120 3283 2758
1699 122 3287 2760
1700 125 3289 2761
1701 123 3292 2762
1702 125 3292 2763
1703 127 3296 2767
1704 120 3303 2770
1705 117 3306 2772
1706 118 3308 2773
1707 119 3311 2773
1708 119 3312 2773
1709 118 3315 2773
1710 119 3316 2774
1711 116 3322 2777
1712 119 3324 2777
1713 119 3326 2777
1714 119 3329 2777
1715 114 3330 2781
1716 113 3332 2783
1717 117 3335 2784
1718 118 3337 2787
1719 117 3339 2788
1720 116 3339 2790
1721 118 3340 2791
1722 112 3342 2795
1723 109 3346 2796
1724 112 3346 2797
1725 110 3348 2797
1726 105 3352 2800
1727 104 3355 2800
1728 106 3356 2801
1729 108 3357 2802
1730 109 3357 2802
1731 111 3359 2802
1732 110 3359 2804
1733 111 3359 2811
1734 107 3361 2814
1735 102 3368 2816
1736 101 3370 2817
1737 100 3373 2817
1738 98 3374 2818
1739 94 3378 2820
1740 93 3379 2823
1741 96 3380 2823
1742 94 3382 2824
1743 94 3385 2825
1744 94 3387 2826
1745 95 3388 2828
1746 96 3389 2829
1747 95 3391 2830
1748 96 3392 2831
1749 98 3394 2831
1750 98 3395 2832
1751 96 3398 2833
1752 95 3399 2835
1753 102 3401 2836
1754 98 3403 2838
1755 103 3406 2838
1756 103 3409 2838
1757 99 3413 2840
1758 97 3414 2841
1759 98 3415 2843
1760 99 3415 2844
1761 100 3417 2847
1762 98 3420 2847
1763 98 3424 2847
1764 96 3425 2850
1765 92 3428 2853
1766 92 3428 2857
1767 90 3429 2862
1768 87 3431 2865
1769 88 3436 2865
1770 88 3436 2866
1771 85 3437 2870
1772 82 3437 2873
1773 86 3438 2874
1774 87 3439 2876
1775 95 3439 2878
1776 97 3440 2879
1777 97 3441 2880
1778 95 3442 2882
1779 100 3442 2885
1780 97 3445 2888
1781 96 3448 2890
1782 94 3449 2892
1783 93 3451 2895
1784 92 3453 2896
1785 97 3454 2898
1786 98 3455 2899
1787 97 3458 2899
1788 96 3460 2902
1789 97 3461 2902
1790 97 3463 2903
1791 96 3467 2904
1792 93 3469 2906
1793 93 3471 2906
1794 93 3472 2908
1795 90 3476 2911
1796 89 3478 2913
1797 89 3480 2915
1798 85 3484 2917
1799 85 3489 2918
1800 84 3491 2919
1801 88 3492 2920
1802 86 3494 2921
1803 79 3498 2924
1804 78 3501 2925
1805 76 3505 2927
1806 76 3506 2928
1807 75 3509 2928
1808 75 3510 2929
1809 73 3515 2930
1810 70 3517 2932
1811 71 3518 2932
1812 70 3518 2933
1813 70 3518 2933
1814 69 3520 2934
1815 67 3521 2935
1816 64 3522 2937
1817 71 3522 2938
1818 69 3522 2941
1819 69 3524 2943
1820 75 3524 2943
1821 81 3524 2943
1822 83 3524 2943
1823 85 3528 2943
1824 81 3531 2944
1825 78 3533 2945
1826 78 3535 2945
1827 84 3535 2947
1828 87 3536 2947
1829 89 3539 2948
1830 91 3540 2948
1831 90 3541 2948
1832 95 3542 2949
1833 95 3545 2950
1834 95 3547 2950
1835 92 3549 2951
1836 92 3550 2953
1837 93 3552 2954
1838 94 3554 2955
1839 94 3559 2956
1840 91 3561 2959
1841 89 3562 2960
1842 89 3563 2961
1843 90 3564 2963
1844 94 3564 2963
1845 104 3564 2965
1846 102 3567 2967
1847 105 3569 2970
1848 102 3573 2971
1849 104 3574 2974
1850 104 3575 2976
1851 101 3579 2977
1852 97 3585 2980
1853 95 3588 2981
1854 93 3591 2982
1855 96 3592 2984
1856 99 3592 2984
1857 99 3593 2987
1858 97 3596 2987
1859 99 3596 2987
1860 100 3598 2988
1861 103 3600 2991
1862 101 3603 2992
1863 100 3605 2993
1864 102 3605 2994
1865 106 3607 2994
1866 103 3609 2995
1867 105 3611 3001
1868 106 3615 3001
1869 107 3616 3003
1870 104 3620 3004
1871 110 3624 3004
1872 107 3626 3007
1873 103 3628 3009
1874 103 3629 3010
1875 110 3631 3011
1876 109 3633 3012
1877 108 3635 3013
1878 104 3636 3016
1879 103 3639 3018
1880 103 3640 3019
1881 99 3643 3022
1882 101 3643 3023
1883 99 3644 3024
1884 96 3646 3026
1885 91 3647 3030
1886 89 3649 3031
1887 98 3649 3032
1888 91 3653 3036
1889 91 3653 3040
1890 90 3654 3040
1891 86 3657 3043
1892 82 3660 3045
1893 83 3660 3046
1894 85 3660 3047
1895 85 3660 3047
1896 84 3661 3047
1897 87 3662 3047
1898 88 3663 3048
1899 95 3665 3049
1900 91 3666 3054
1901 95 3668 3054
1902 98 3668 3055
1903 102 3669 3056
1904 99 3671 3058
1905 95 3673 3062
1906 100 3673 3062
1907 99 3674 3066
1908 98 3674 3067
1909 98 3675 3068
1910 100 3676 3068
1911 101 3676 3073
1912 102 3676 3074
1913 99 3679 3076
1914 98 3682 3076
1915 97 3684 3079
1916 95 3686 3080
1917 98 3686 3083
1918 94 3690 3085
1919 97 3691 3087
1920 100 3692 3087
1921 99 3694 3088
1922 93 3695 3093
1923 95 3699 3093
1924 93 3702 3094
1925 98 3702 3097
1926 93 3705 3099
1927 93 3705 3101
1928 92 3708 3102
1929 97 3710 3103
1930 97 3711 3104
1931 96 3713 3105
1932 95 3716 3105
1933 102 3717 3107
1934 101 3718 3107
1935 100 3720 3108
1936 99 3720 3110
1937 98 3721 3114
1938 98 3722 3116
1939 95 3724 3121
1940 99 3724 3122
1941 105 3724 3122
1942 102 3727 3124
1943 105 3728 3124
1944 107 3728 3124
1945 104 3732 3125
1946 104 3735 3126
1947 118 3736 3127
1948 115 3739 3128
1949 115 3740 3133
1950 115 3741 3133
1951 118 3745 3134
1952 117 3747 3134
1953 119 3748 3137
1954 118 3749 3139
1955 112 3749 3145
1956 107 3752 3148
1957 110 3752 3149
1958 106 3756 3149
1959 107 3759 3151
1960 103 3763 3151
1961 105 3763 3151
1962 104 3765 3154
1963 103 3769 3157
1964 101 3771 3158
1965 102 3772 3160
1966 100 3775 3161
1967 104 3779 3161
1968 107 3779 3162
1969 113 3780 3163
1970 110 3782 3167
1971 107 3783 3171
1972 100 3788 3174
1973 101 3792 3175
1974 100 3794 3179
1975 98 3795 3182
1976 100 3796 3182
1977 101 3797 3184
1978 101 3797 3184
1979 104 3798 3184
1980 103 3800 3185
1981 104 3802 3186
1982 104 3804 3187
1983 114 3804 3187
1984 115 3805 3188
1985 112 3808 3192
1986 109 3810 3195
1987 108 3815 3195
1988 103 3820 3197
1989 97 3824 3199
1990 98 3824 3202
1991 103 3825 3202
1992 100 3828 3203
1993 101 3829 3207
1994 96 3834 3208
1995 101 3836 3211
1996 98 3837 3214
1997 95 3841 3215
1998 88 3846 3218
1999 90 3848 3218
2000 87 3851 3220
2001 89 3855 3222
2002 89 3855 3223
2003 89 3857 3223
2004 88 3858 3226
2005 95 3859 3226
2006 99 3859 3226
2007 95 3861 3228
2008 94 3864 3228
2009 96 3865 3229
2010 96 3866 3230
2011 96 3867 3231
2012 97 3867 3232
2013 97 3869 3234
2014 98 3869 3235
2015 103 3870 3237
2016 101 3873 3239
2017 99 3875 3241
2018 95 3876 3244
2019 93 3877 3247
2020 92 3878 3249
2021 93 3879 3251
2022 90 3882 3253
2023 89 3882 3254
2024 86 3884 3256
2025 85 3887 3256
2026 84 3889 3258
2027 93 3890 3258
2028 91 3890 3261
2029 93 3894 3263
2030 90 3896 3267
2031 95 3896 3268
2032 95 3898 3269
2033 90 3900 3272
2034 91 3900 3272
2035 88 3903 3272
2036 85 3906 3273
2037 82 3907 3275
2038 82 3909 3276
2039 83 3909 3277
2040 80 3913 3277
2041 83 3915 3278
2042 87 3916 3279
2043 85 3917 3280
2044 83 3919 3282
2045 83 3920 3283
2046 81 3921 3284
2047 81 3924 3285
2048 76 3925 3289
2049 81 3926 3289
2050 79 3928 3290
2051 79 3930 3290
2052 80 3931 3292
2053 76 3934 3293
2054 71 3939 3294
2055 69 3939 3296
2056 68 3940 3296
2057 71 3940 3297
2058 69 3943 3297
2059 69 3944 3300
2060 70 3944 3300
2061 73 3945 3300
2062 73 3945 3301
2063 71 3947 3301
2064 71 3948 3302
2065 75 3948 3302
2066 75 3949 3303
2067 81 3949 3303
2068 79 3953 3303
2069 74 3957 3304
2070 74 3958 3306
2071 75 3958 3309
2072 72 3958 3313
2073 69 3961 3313
2074 69 3961 3314
2075 69 3963 3316
2076 72 3963 3317
2077 74 3963 3317
2078 70 3965 3320
2079 69 3968 3322
2080 70 3968 3323
2081 69 3970 3326
2082 68 3972 3328
2083 73 3973 3328
2084 69 3977 3329
2085 68 3978 3331
2086 67 3981 3332
2087 64 3983 3335
2088 68 3983 3335
2089 69 3984 3335
2090 67 3985 3337
2091 67 3986 3338
2092 66 3988 3339
2093 66 3991 3340
2094 64 3994 3341
2095 61 3995 3343
2096 57 3998 3344
2097 60 3999 3344
2098 59 3999 3345
2099 60 3999 3348
2100 60 4000 3349
2101 63 4001 3349
2102 61 4002 3350
2103 60 4005 3350
2104 60 4006 3352
2105 60 4007 3353
2106 61 4008 3354
2107 64 4008 3355
2108 64 4008 3356
2109 66 4008 3356
2110 64 4010 3358
2111 60 4013 3359
2112 61 4014 3360
2113 61 4014 3360
2114 59 4014 3363
2115 61 4016 3363
2116 59 4017 3364
2117 63 4017 3364
2118 61 4018 3365
2119 58 4020 3366
2120 59 4020 3366
2121 60 4021 3366
2122 61 4021 3366
2123 67 4021 3368
2124 66 4021 3370
2125 67 4023 3371
2126 68 4024 3371
2127 67 4025 3371
2128 64 4028 3373
2129 66 4029 3374
2130 63 4030 3376
2131 65 4031 3377
2132 64 4033 3377
2133 66 4033 3379
2134 66 4033 3380
2135 63 4035 3381
2136 61 4037 3381
2137 61 4037 3383
2138 59 4039 3384
2139 59 4040 3385
2140 61 4040 3385
2141 60 4043 3385
2142 58 4044 3387
2143 60 4045 3388
2144 60 4045 3389
2145 62 4047 3389
2146 63 4047 3389
2147 68 4047 3390
2148 67 4047 3392
2149 70 4048 3392
2150 68 4052 3392
2151 68 4053 3393
2152 68 4055 3393
2153 67 4059 3394
2154 68 4059 3394
2155 72 4059 3394
2156 71 4060 3394
2157 71 4061 3395
2158 69 4063 3397
2159 66 4066 3399
2160 66 4066 3401
2161 73 4067 3401
2162 75 4067 3402
2163 72 4069 3403
2164 74 4070 3405
2165 78 4070 3405
2166 80 4071 3405
2167 76 4073 3409
2168 76 4073 3410
2169 73 4075 3411
2170 74 4077 3411
2171 73 4079 3412
2172 71 4081 3413
2173 73 4081 3413
2174 73 4082 3414
2175 72 4083 3414
2176 70 4085 3414
2177 66 4087 3416
2178 64 4088 3417
2179 69 4089 3419
2180 68 4091 3420
2181 64 4094 3421
2182 62 4096 3422
2183 60 4096 3424
2184 61 4096 3425
2185 63 4098 3425
2186 62 4100 3425
2187 66 4101 3426
2188 65 4103 3427
2189 62 4104 3429
2190 60 4106 3430
2191 61 4107 3430
2192 58 4109 3432
2193 57 4112 3432
2194 56 4112 3433
2195 57 4112 3434
2196 60 4112 3434
2197 60 4114 3434
2198 59 4117 3434
2199 58 4118 3434
2200 57 4119 3434
2201 57 4120 3437
2202 60 4120 3438
2203 58 4120 3440
2204 58 4121 3440
2205 54 4124 3441
2206 55 4125 3441
2207 59 4129 3441
2208 54 4132 3443
2209 52 4134 3443
2210 52 4135 3444
2211 63 4135 3445
2212 62 4137 3445
2213 62 4139 3447
2214 63 4139 3447
2215 62 4140 3447
2216 62 4141 3447
2217 60 4143 3447
2218 58 4145 3450
2219 55 4146 3452
2220 57 4146 3452
2221 59 4147 3455
2222 58 4147 3456
2223 65 4148 3456
2224 64 4149 3458
2225 67 4151 3459
2226 66 4152 3459
2227 65 4153 3459
2228 65 4154 3459
2229 66 4155 3461
2230 65 4156 3461
2231 69 4156 3461
2232 66 4157 3463
2233 66 4161 3465
2234 65 4162 3466
2235 66 4163 3466
2236 68 4165 3466
2237 70 4167 3466
2238 73 4167 3466
2239 71 4168 3469
2240 72 4169 3470
2241 76 4169 3470
2242 75 4170 3471
2243 75 4171 3472
2244 74 4172 3475
2245 82 4172 3475
2246 83 4175 3475
2247 86 4176 3477
2248 84 4178 3478
2249 76 4182 3482
2250 75 4184 3483
2251 76 4184 3484
2252 75 4185 3485
2253 78 4187 3486
2254 72 4191 3489
2255 72 4191 3489
2256 70 4192 3492
2257 68 4192 3494
2258 63 4195 3496
2259 57 4199 3498
2260 56 4200 3498
2261 57 4202 3499
2262 56 4203 3499
2263 55 4204 3499
2264 57 4204 3499
2265 59 4205 3500
2266 59 4207 3501
2267 58 4207 3502
2268 59 4207 3502
2269 58 4208 3502
2270 57 4209 3502
2271 57 4210 3503
2272 58 4210 3503
2273 57 4210 3504
2274 58 4210 3504
2275 57 4211 3504
2276 56 4212 3504
2277 54 4212 3506
2278 53 4215 3507
2279 58 4215 3508
2280 60 4215 3508
2281 59 4215 3509
2282 60 4215 3509
2283 60 4217 3509
2284 63 4217 3509
2285 63 4217 3509
2286 62 4220 3510
2287 63 4220 3511
2288 64 4220 3512
2289 62 4221 3513
2290 60 4223 3515
2291 57 4223 3518
2292 58 4223 3518
2293 61 4223 3519
2294 61 4224 3519
2295 62 4226 3520
2296 64 4226 3520
2297 68 4227 3521
2298 64 4230 3522
2299 63 4231 3524
2300 65 4232 3526
2301 62 4235 3528
2302 62 4236 3528
2303 62 4237 3529
2304 58 4239 3531
2305 60 4240 3532
2306 61 4240 3532
2307 66 4241 3532
2308 64 4243 3532
2309 64 4243 3532
2310 58 4245 3536
2311 58 4245 3536
2312 58 4246 3537
2313 62 4246 3537
2314 59 4249 3539
2315 59 4250 3542
2316 59 4251 3543
2317 59 4251 3543
2318 59 4251 3544
2319 61 4252 3545
2320 60 4252 3546
2321 62 4253 3547
2322 61 4253 3548
2323 60 4253 3549
2324 58 4253 3552
2325 59 4254 3554
2326 59 4255 3554
2327 59 4256 3555
2328 54 4258 3558
2329 54 4258 3560
2330 54 4259 3560
2331 53 4261 3561
2332 56 4261 3561
2333 60 4261 3563
2334 57 4265 3563
2335 59 4265 3563
2336 61 4266 3564
2337 64 4266 3565
2338 65 4267 3565
2339 64 4268 3567
2340 62 4270 3568
2341 61 4271 3570
2342 60 4272 3570
2343 60 4273 3573
2344 63 4273 3573
2345 62 4275 3574
2346 60 4276 3577
2347 55 4278 3580
2348 56 4279 3580
2349 54 4279 3582
2350 56 4279 3582
2351 57 4280 3584
2352 57 4280 3584
2353 56 4281 3586
2354 56 4283 3586
2355 56 4283 3586
2356 60 4284 3586
2357 58 4286 3588
2358 61 4286 3588
2359 62 4288 3589
2360 62 4288 3589
2361 61 4289 3591
2362 62 4289 3591
2363 62 4289 3591
2364 62 4289 3592
2365 58 4293 3592
2366 56 4295 3593
2367 56 4296 3594
2368 56 4296 3595
2369 59 4296 3596
2370 60 4296 3597
2371 64 4296 3597
2372 61 4298 3599
2373 60 4299 3601
2374 55 4302 3603
2375 65 4302 3603
2376 63 4302 3606
2377 63 4302 3608
2378 63 4303 3608
2379 60 4306 3608
2380 59 4306 3609
2381 61 4306 3609
2382 60 4307 3611
2383 62 4309 3611
2384 62 4310 3611
2385 60 4314 3611
2386 58 4315 3612
2387 54 4316 3615
2388 52 4316 3617
2389 53 4318 3618
2390 51 4319 3619
2391 47 4320 3622
2392 45 4320 3624
2393 46 4321 3624
2394 48 4321 3624
2395 48 4321 3624
2396 46 4322 3628
2397 48 4322 3628
2398 47 4324 3629
2399 43 4325 3632
2400 44 4326 3632
2401 42 4328 3632
2402 40 4330 3632
2403 46 4330 3632
2404 45 4332 3632
2405 42 4334 3633
2406 41 4334 3635
2407 39 4335 3636
2408 39 4336 3636
2409 39 4336 3636
2410 41 4336 3636
2411 41 4336 3638
2412 39 4339 3638
2413 39 4339 3638
2414 40 4339 3638
2415 38 4340 3639
2416 40 4340 3639
2417 40 4340 3639
2418 39 4340 3640
2419 38 4341 3640
2420 37 4342 3641
2421 35 4344 3641
2422 34 4344 3642
2423 34 4344 3642
2424 32 4346 3643
2425 32 4346 3645
2426 31 4346 3646
2427 33 4346 3646
2428 32 4347 3646
2429 31 4347 3647
2430 31 4347 3647
2431 30 4347 3648
2432 33 4347 3648
2433 33 4347 3648
2434 33 4347 3649
2435 32 4348 3649
2436 33 4348 3649
2437 31 4349 3650
2438 29 4351 3650
2439 27 4352 3651
2440 27 4352 3651
2441 26 4353 3651
2442 25 4354 3651
2443 27 4354 3651
2444 27 4354 3651
2445 27 4354 3651
2446 27 4355 3651
2447 28 4356 3651
2448 27 4356 3654
2449 30 4357 3654
2450 32 4357 3654
2451 31 4357 3655
2452 28 4359 3656
2453 31 4359 3657
2454 30 4360 3658
2455 31 4361 3658
2456 31 4361 3658
2457 31 4361 3658
2458 31 4361 3659
2459 32 4362 3659
2460 31 4363 3660
2461 33 4363 3660
2462 33 4363 3660
2463 30 4364 3662
2464 29 4364 3663
2465 31 4364 3663
2466 31 4364 3664
2467 34 4365 3664
2468 34 4365 3664
2469 32 4366 3665
2470 31 4366 3666
2471 34 4367 3666
2472 34 4367 3667
2473 32 4368 3668
2474 31 4369 3668
2475 32 4369 3669
2476 32 4369 3670
2477 32 4369 3670
2478 33 4370 3670
2479 35 4370 3670
2480 36 4370 3671
2481 34 4371 3672
2482 34 4371 3672
2483 36 4371 3672
2484 38 4371 3674
2485 37 4371 3677
2486 37 4371 3678
2487 37 4371 3678
2488 36 4372 3678
2489 35 4373 3678
2490 33 4375 3678
2491 31 4376 3679
2492 32 4376 3679
2493 32 4376 3679
2494 31 4377 3679
2495 30 4378 3679
2496 27 4381 3680
2497 29 4381 3680
2498 28 4382 3680
2499 27 4383 3680
2500 25 4385 3680
2501 27 4385 3680
2502 27 4385 3680
2503 27 4385 3680
2504 26 4386 3680
2505 26 4386 3680
2506 25 4390 3680
2507 24 4391 3680
2508 24 4391 3680
2509 23 4392 3680
2510 23 4393 3680
2511 22 4393 3681
2512 21 4394 3681
2513 24 4394 3682
2514 22 4395 3683
2515 21 4396 3683
2516 20 4397 3684
2517 24 4397 3684
2518 25 4397 3684
2519 23 4398 3685
2520 22 4400 3685
2521 22 4400 3685
2522 22 4400 3685
2523 24 4400 3685
2524 21 4402 3686
2525 23 4402 3686
2526 23 4402 3686
2527 24 4402 3687
2528 24 4402 3687
2529 22 4403 3688
2530 22 4403 3688
2531 24 4403 3688
2532 25 4403 3688
2533 26 4403 3689
2534 27 4403 3689
2535 27 4403 3689
2536 27 4403 3689
2537 27 4403 3689
2538 28 4403 3689
2539 30 4403 3689
2540 30 4403 3689
2541 29 4403 3690
2542 29 4403 3690
2543 37 4403 3690
2544 37 4403 3690
2545 38 4403 3691
2546 35 4404 3693
2547 38 4404 3694
2548 37 4404 3696
2549 37 4404 3696
2550 37 4404 3696
2551 38 4405 3696
2552 37 4407 3696
2553 39 4407 3696
2554 38 4408 3696
2555 40 4408 3696
2556 41 4408 3696
2557 40 4409 3696
2558 41 4409 3696
2559 39 4411 3696
2560 38 4411 3697
2561 36 4412 3698
2562 35 4413 3699
2563 34 4413 3700
2564 34 4413 3700
2565 35 4413 3701
2566 34 4413 3702
2567 36 4413 3702
2568 32 4416 3703
2569 32 4416 3703
2570 31 4416 3704
2571 31 4416 3704
2572 32 4416 3704
2573 32 4416 3704
2574 31 4416 3705
2575 30 4417 3705
2576 28 4418 3706
2577 30 4418 3706
2578 31 4418 3706
2579 31 4418 3706
2580 31 4419 3706
2581 34 4419 3707
2582 33 4420 3708
2583 35 4420 3708
2584 34 4421 3708
2585 35 4422 3708
2586 35 4422 3709
2587 37 4422 3709
2588 37 4423 3709
2589 37 4423 3709
2590 39 4423 3709
2591 38 4423 3710
2592 38 4423 3711
2593 39 4424 3711
2594 38 4424 3713
2595 35 4425 3715
2596 35 4425 3716
2597 33 4426 3717
2598 34 4427 3717
2599 34 4427 3717
2600 32 4428 3718
2601 34 4428 3718
2602 31 4430 3719
2603 30 4430 3720
2604 31 4430 3720
2605 30 4431 3720
2606 29 4431 3721
2607 28 4432 3721
2608 25 4435 3721
2609 31 4435 3721
2610 30 4436 3721
2611 32 4437 3722
2612 33 4437 3722
2613 34 4437 3723
2614 34 4438 3723
2615 34 4438 3723
2616 33 4438 3724
2617 34 4439 3724
2618 34 4440 3725
2619 36 4440 3725
2620 36 4442 3725
2621 34 4443 3726
2622 34 4443 3726
2623 30 4447 3728
2624 29 4450 3729
2625 31 4450 3729
2626 28 4451 3731
2627 27 4451 3734
2628 25 4452 3735
2629 26 4452 3736
2630 26 4452 3736
2631 29 4452 3737
2632 35 4452 3737
2633 34 4452 3738
2634 31 4455 3738
2635 31 4455 3738
2636 30 4456 3739
2637 32 4456 3739
2638 32 4457 3739
2639 30 4458 3740
2640 27 4458 3743
2641 27 4458 3743
2642 27 4458 3743
2643 25 4460 3743
2644 25 4460 3743
2645 26 4460 3744
2646 26 4460 3744
2647 25 4460 3745
2648 23 4461 3746
2649 23 4461 3746
2650 23 4461 3747
2651 24 4461 3748
2652 23 4461 3750
2653 23 4461 3750
2654 22 4462 3750
2655 21 4463 3750
2656 21 4463 3751
2657 21 4463 3751
2658 19 4464 3752
2659 20 4465 3752
2660 21 4465 3752
2661 20 4465 3753
2662 23 4465 3753
2663 22 4465 3754
2664 20 4466 3755
2665 21 4467 3755
2666 21 4467 3755
2667 23 4467 3755
2668 23 4467 3755
2669 23 4467 3755
2670 23 4467 3755
2671 26 4467 3756
2672 24 4469 3756
2673 22 4470 3757
2674 25 4471 3757
2675 24 4472 3757
2676 24 4472 3757
2677 23 4473 3757
2678 20 4475 3758
2679 21 4476 3758
2680 21 4477 3758
2681 20 4478 3758
2682 19 4479 3758
2683 19 4479 3758
2684 18 4480 3758
2685 18 4480 3758
2686 18 4480 3758
2687 20 4480 3758
2688 19 4482 3758
2689 19 4482 3758
2690 19 4482 3758
2691 18 4483 3758
2692 19 4483 3758
2693 19 4483 3758
2694 19 4483 3759
2695 19 4483 3759
2696 19 4483 3759
2697 18 4485 3760
2698 17 4485 3761
2699 16 4486 3761
2700 15 4487 3761
2701 13 4489 3761
2702 12 4490 3761
2703 12 4490 3761
2704 12 4490 3762
2705 11 4490 3763
2706 10 4491 3763
2707 9 4492 3763
2708 9 4492 3763
2709 11 4492 3763
2710 11 4492 3763
2711 11 4492 3763
2712 11 4492 3763
2713 11 4492 3763
2714 10 4493 3763
2715 10 4493 3763
2716 10 4493 3763
2717 7 4495 3764
2718 7 4495 3764
2719 7 4495 3764
2720 6 4496 3764
2721 6 4496 3764
2722 6 4496 3764
2723 6 4496 3764
2724 6 4496 3764
2725 6 4496 3764
2726 6 4496 3764
2727 6 4496 3764
2728 7 4496 3764
2729 7 4496 3764
2730 7 4496 3764
2731 7 4496 3764
2732 7 4496 3764
2733 9 4496 3764
2734 9 4496 3764
2735 9 4496 3764
2736 10 4496 3764
2737 10 4496 3764
2738 10 4496 3764
2739 10 4496 3764
2740 11 4496 3764
2741 15 4496 3764
2742 15 4496 3764
2743 15 4496 3764
2744 15 4496 3764
2745 15 4496 3764
2746 15 4496 3764
2747 16 4496 3765
2748 14 4497 3766
2749 16 4497 3766
2750 16 4497 3767
2751 16 4497 3767
2752 14 4497 3769
2753 14 4497 3769
2754 14 4497 3769
2755 15 4497 3770
2756 14 4497 3771
2757 16 4497 3771
2758 16 4497 3771
2759 18 4497 3771
2760 18 4498 3771
2761 17 4499 3771
2762 16 4499 3772
2763 24 4499 3772
2764 25 4499 3772
2765 27 4499 3772
2766 27 4499 3773
2767 29 4499 3773
2768 29 4499 3773
2769 28 4500 3773
2770 28 4501 3773
2771 27 4501 3774
2772 27 4501 3774
2773 29 4501 3774
2774 28 4502 3775
2775 31 4503 3775
2776 32 4504 3775
2777 35 4504 3776
2778 33 4505 3777
2779 32 4507 3778
2780 32 4507 3779
2781 32 4507 3779
2782 32 4508 3779
2783 36 4508 3779
2784 36 4508 3780
2785 34 4510 3780
2786 34 4511 3780
2787 33 4512 3780
2788 31 4513 3781
2789 32 4515 3782
2790 31 4516 3782
2791 31 4518 3782
2792 30 4518 3783
2793 30 4518 3783
2794 32 4518 3783
2795 34 4518 3783
2796 36 4518 3783
2797 36 4520 3783
2798 34 4522 3783
2799 32 4523 3784
2800 30 4525 3784
2801 32 4525 3786
2802 32 4525 3786
2803 33 4525 3787
2804 33 4525 3787
2805 33 4525 3787
2806 33 4526 3788
2807 31 4528 3788
2808 33 4528 3788
2809 33 4528 3788
2810 32 4530 3788
2811 31 4531 3788
2812 32 4531 3788
2813 34 4531 3788
2814 36 4531 3788
2815 38 4532 3789
2816 38 4532 3790
2817 38 4532 3790
2818 37 4533 3790
2819 35 4534 3791
2820 36 4534 3792
2821 35 4534 3793
2822 33 4535 3794
2823 35 4535 3794
2824 35 4535 3794
2825 43 4535 3794
2826 42 4536 3795
2827 40 4537 3796
2828 37 4539 3797
2829 41 4539 3797
2830 41 4539 3797
2831 41 4541 3797
2832 41 4541 3797
2833 40 4541 3798
2834 39 4542 3798
2835 39 4543 3799
2836 39 4543 3800
2837 41 4543 3800
2838 38 4545 3801
2839 38 4545 3801
2840 40 4545 3801
2841 44 4545 3801
2842 46 4545 3801
2843 51 4546 3801
2844 53 4547 3801
2845 57 4548 3802
2846 57 4548 3804
2847 54 4548 3807
2848 54 4549 3807
2849 52 4549 3809
2850 52 4551 3809
2851 51 4553 3810
2852 49 4554 3811
2853 54 4554 3812
2854 54 4555 3812
2855 56 4558 3813
2856 56 4558 3813
2857 53 4560 3814
2858 53 4560 3815
2859 54 4560 3816
2860 56 4560 3817
2861 60 4561 3818
2862 59 4561 3819
2863 57 4563 3819
2864 54 4565 3822
2865 55 4565 3825
2866 55 4565 3825
2867 59 4565 3827
2868 55 4567 3829
2869 56 4569 3830
2870 56 4570 3830
2871 59 4571 3830
2872 60 4572 3830
2873 61 4573 3830
2874 61 4573 3830
2875 61 4574 3831
2876 63 4574 3832
2877 59 4575 3835
2878 58 4575 3836
2879 62 4577 3836
2880 60 4578 3837
2881 60 4580 3837
2882 58 4582 3837
2883 56 4582 3839
2884 53 4582 3842
2885 54 4583 3842
2886 56 4584 3842
2887 58 4584 3842
2888 56 4587 3843
2889 53 4590 3843
2890 52 4590 3844
2891 54 4590 3844
2892 54 4591 3844
2893 54 4593 3844
2894 50 4594 3847
2895 53 4595 3847
2896 53 4595 3847
2897 53 4597 3847
2898 52 4599 3847
2899 52 4600 3848
2900 54 4601 3848
2901 55 4602 3848
2902 52 4604 3850
2903 55 4604 3851
2904 54 4606 3851
2905 58 4606 3851
2906 55 4606 3854
2907 54 4609 3856
2908 54 4609 3857
2909 54 4610 3858
2910 54 4612 3858
2911 54 4614 3858
2912 52 4617 3858
2913 50 4619 3858
2914 51 4619 3858
2915 51 4619 3858
2916 50 4620 3859
2917 50 4621 3860
2918 48 4624 3861
2919 45 4628 3862
2920 43 4630 3863
2921 45 4631 3864
2922 43 4632 3865
2923 46 4632 3866
2924 44 4632 3869
2925 45 4633 3869
2926 43 4635 3870
2927 42 4635 3871
2928 42 4635 3872
2929 41 4636 3872
2930 41 4637 3873
2931 42 4638 3873
2932 41 4640 3873
2933 43 4640 3873
2934 44 4640 3873
2935 43 4640 3874
2936 42 4641 3874
2937 41 4641 3875
2938 39 4642 3876
2939 42 4642 3877
2940 42 4642 3877
2941 45 4643 3877
2942 43 4646 3877
2943 45 4646 3877
2944 44 4646 3878
2945 46 4646 3878
2946 45 4646 3879
2947 48 4646 3880
2948 47 4646 3881
2949 47 4648 3881
2950 46 4649 3881
2951 52 4649 3881
2952 53 4649 3882
2953 53 4649 3882
2954 51 4649 3884
2955 53 4649 3884
2956 53 4650 3884
2957 52 4651 3884
2958 50 4653 3885
2959 55 4654 3885
2960 55 4655 3885
2961 59 4656 3886
2962 59 4656 3887
2963 58 4656 3888
2964 59 4658 3888
2965 58 4658 3891
2966 58 4659 3891
2967 60 4659 3891
2968 64 4659 3891
2969 63 4660 3891
2970 60 4662 3892
2971 63 4663 3892
2972 63 4663 3892
2973 63 4665 3892
2974 64 4666 3892
2975 71 4666 3893
2976 69 4667 3895
2977 74 4667 3896
2978 74 4667 3898
2979 76 4668 3899
2980 77 4668 3900
2981 82 4670 3901
2982 84 4670 3902
2983 82 4673 3903
2984 82 4675 3904
2985 81 4678 3906
2986 80 4679 3909
2987 82 4681 3909
2988 83 4681 3910
2989 83 4683 3912
2990 84 4684 3912
2991 87 4685 3912
2992 84 4685 3915
2993 90 4687 3915
2994 85 4690 3917
2995 84 4690 3918
2996 83 4690 3920
2997 83 4693 3921
2998 81 4694 3923
2999 79 4696 3923
3000 77 4699 3923
3001 77 4701 3923
3002 74 4702 3925
3003 77 4702 3928
3004 74 4706 3929
3005 69 4708 3932
3006 67 4709 3933
3007 74 4710 3933
3008 75 4711 3935
3009 77 4712 3936
3010 76 4713 3938
3011 78 4715 3940
3012 79 4715 3940
3013 80 4717 3941
3014 80 4717 3942
3015 76 4719 3946
3016 76 4719 3947
3017 77 4719 3948
3018 77 4720 3950
3019 81 4720 3952
3020 78 4722 3955
3021 81 4722 3956
3022 81 4724 3957
3023 84 4726 3958
3024 84 4727 3959
3025 82 4729 3961
3026 81 4730 3962
3027 80 4731 3964
3028 83 4732 3964
3029 84 4732 3965
3030 79 4735 3967
3031 82 4736 3969
3032 77 4739 3972
3033 77 4739 3974
3034 80 4740 3975
3035 77 4742 3978
3036 77 4743 3979
3037 83 4745 3979
3038 80 4747 3980
3039 83 4749 3981
3040 82 4751 3981
3041 81 4755 3984
3042 80 4757 3984
3043 86 4757 3986
3044 86 4759 3987
3045 85 4760 3989
3046 87 4760 3989
3047 94 4761 3989
3048 90 4763 3994
3049 90 4764 3995
3050 88 4765 3996
3051 89 4765 3999
3052 88 4765 4002
3053 96 4766 4003
3054 94 4768 4005
3055 95 4768 4008
3056 96 4770 4008
3057 96 4772 4008
3058 95 4772 4011
3059 96 4773 4013
3060 97 4773 4013
3061 95 4776 4016
3062 94 4777 4019
3063 91 4781 4020
3064 89 4782 4022
3065 86 4785 4024
3066 85 4786 4025
3067 86 4788 4026
3068 83 4788 4030
3069 82 4792 4031
3070 83 4794 4033
3071 83 4795 4034
3072 81 4796 4035
3073 87 4798 4035
3074 86 4800 4035
3075 83 4802 4036
3076 82 4804 4037
3077 83 4806 4038
3078 83 4807 4039
3079 85 4808 4040
3080 86 4810 4040
3081 94 4810 4040
3082 96 4810 4040
3083 94 4812 4040
3084 96 4814 4040
3085 92 4817 4041
3086 91 4819 4043
3087 96 4819 4044
3088 98 4819 4045
3089 106 4820 4046
3090 108 4822 4046
3091 113 4824 4047
3092 110 4826 4048
3093 122 4828 4048
3094 121 4829 4049
3095 125 4829 4051
3096 126 4832 4053
3097 119 4836 4056
3098 116 4838 4058
3099 119 4840 4059
3100 119 4841 4060
3101 122 4841 4061
3102 120 4842 4062
3103 124 4843 4063
3104 121 4845 4066
3105 119 4846 4069
3106 119 4849 4069
3107 120 4852 4071
3108 121 4854 4071
3109 122 4855 4073
3110 124 4856 4074
3111 130 4857 4075
3112 131 4858 4076
3113 134 4858 4077
3114 135 4859 4079
3115 137 4862 4082
3116 136 4864 4083
3117 140 4866 4085
3118 141 4866 4085
3119 147 4867 4086
3120 148 4868 4088
3121 145 4870 4091
3122 137 4874 4096
3123 149 4874 4096
3124 143 4879 4100
3125 146 4880 4104
3126 141 4882 4109
3127 150 4882 4110
3128 150 4882 4113
3129 149 4886 4116
3130 153 4887 4116
3131 160 4887 4119
3132 159 4889 4121
3133 158 4892 4123
3134 154 4894 4125
3135 161 4896 4126
3136 158 4897 4130
3137 161 4902 4134
3138 160 4904 4135
3139 167 4905 4137
3140 167 4906 4140
3141 173 4909 4143
3142 170 4912 4146
3143 173 4916 4147
3144 174 4918 4149
3145 174 4920 4151
3146 177 4922 4153
3147 178 4927 4155
3148 182 4928 4155
3149 188 4930 4157
3150 190 4932 4159
3151 194 4937 4160
3152 192 4941 4161
3153 196 4942 4162
3154 188 4949 4164
3155 194 4951 4166
3156 192 4952 4172
3157 195 4955 4172
3158 198 4958 4174
3159 203 4961 4176
3160 201 4966 4177
3161 192 4973 4181
3162 189 4976 4183
3163 194 4978 4184
3164 196 4981 4185
3165 205 4983 4188
3166 199 4986 4193
3167 203 4991 4196
3168 201 4994 4199
3169 208 4996 4202
3170 209 4998 4203
3171 213 5001 4204
3172 209 5004 4207
3173 215 5004 4211
3174 210 5011 4212
3175 215 5015 4213
3176 214 5020 4217
3177 217 5025 4221
3178 211 5032 4226
3179 218 5033 4228
3180 213 5037 4232
3181 211 5042 4237
3182 209 5046 4241
3183 213 5049 4244
3184 211 5054 4245
3185 203 5057 4250
3186 196 5061 4255
3187 195 5064 4257
3188 195 5067 4259
3189 195 5070 4264
3190 189 5075 4270
3191 185 5079 4272
3192 180 5084 4275
3193 185 5089 4277
3194 188 5090 4278
3195 192 5095 4281
3196 186 5102 4285
3197 187 5104 4290
3198 183 5108 4291
3199 186 5114 4294
3200 181 5116 4299
3201 182 5119 4303
3202 181 5120 4307
3203 183 5123 4308
3204 181 5126 4313
3205 177 5133 4316
3206 177 5135 4320
3207 176 5137 4325
3208 180 5140 4328
3209 187 5145 4330
3210 187 5149 4330
3211 186 5152 4334
3212 188 5154 4335
3213 191 5156 4336
3214 191 5159 4336
3215 198 5161 4337
3216 197 5164 4340
3217 199 5165 4345
3218 191 5170 4349
3219 196 5172 4352
3220 195 5175 4355
3221 200 5178 4357
3222 199 5181 4361
3223 200 5187 4362
3224 201 5192 4363
3225 211 5195 4366
3226 209 5199 4369
3227 217 5202 4372
3228 210 5207 4378
3229 211 5209 4383
3230 207 5215 4387
3231 206 5221 4390
3232 204 5227 4394
3233 202 5230 4397
3234 202 5235 4399
3235 203 5239 4400
3236 203 5244 4401
3237 197 5249 4404
3238 192 5253 4406
3239 188 5261 4408
3240 191 5262 4410
3241 190 5263 4412
3242 190 5265 4414
3243 184 5270 4417
3244 182 5275 4419
3245 187 5279 4420
3246 181 5285 4423
3247 184 5290 4427
3248 186 5291 4432
3249 193 5292 4434
3250 192 5295 4437
3251 192 5297 4441
3252 193 5299 4445
3253 187 5302 4452
3254 187 5304 4456
3255 192 5307 4458
3256 187 5313 4460
3257 197 5316 4465
3258 198 5318 4466
3259 210 5321 4467
3260 212 5324 4467
3261 211 5326 4474
3262 209 5328 4480
3263 209 5329 4483
3264 205 5334 4485
3265 202 5341 4487
3266 201 5343 4492
3267 206 5346 4494
3268 200 5351 4497
3269 204 5358 4500
3270 202 5364 4501
3271 203 5366 4504
3272 195 5372 4512
3273 207 5375 4513
3274 206 5379 4514
3275 213 5381 4515
3276 218 5385 4517
3277 218 5390 4522
3278 217 5394 4523
3279 216 5394 4524
3280 212 5399 4529
3281 214 5400 4530
3282 213 5402 4532
3283 213 5405 4539
3284 211 5409 4541
3285 215 5412 4546
3286 207 5420 4550
3287 206 5424 4553
3288 200 5428 4556
3289 205 5431 4560
3290 202 5434 4561
3291 200 5442 4565
3292 194 5450 4565
3293 195 5454 4568
3294 196 5457 4570
3295 202 5457 4574
3296 196 5464 4576
3297 193 5466 4579
3298 191 5470 4583
3299 192 5476 4584
3300 191 5479 4585
3301 191 5482 4590
3302 190 5486 4591
3303 190 5489 4596
3304 182 5491 4603
3305 185 5492 4605
3306 183 5497 4607
3307 189 5500 4608
3308 181 5503 4615
3309 181 5504 4618
3310 183 5508 4618
3311 180 5509 4622
3312 181 5512 4623
3313 176 5516 4624
3314 182 5517 4626
3315 180 5518 4629
3316 176 5522 4632
3317 177 5525 4634
3318 172 5529 4637
3319 170 5532 4640
3320 169 5534 4643
3321 164 5538 4648
3322 169 5539 4648
3323 185 5541 4650
3324 183 5543 4655
3325 192 5544 4657
3326 195 5545 4658
3327 189 5548 4663
3328 186 5551 4666
3329 187 5552 4670
3330 187 5555 4673
3331 189 5557 4677
3332 189 5558 4679
3333 187 5563 4682
3334 186 5567 4684
3335 186 5571 4686
3336 184 5575 4687
3337 185 5579 4688
3338 184 5582 4690
3339 181 5588 4691
3340 179 5591 4693
3341 182 5592 4695
3342 185 5594 4697
3343 186 5597 4699
3344 178 5603 4704
3345 180 5605 4706
3346 175 5611 4709
3347 176 5616 4709
3348 168 5623 4713
3349 164 5631 4715
3350 165 5632 4718
3351 165 5634 4720
3352 170 5635 4720
3353 174 5638 4723
3354 163 5643 4730
3355 170 5644 4732
3356 169 5645 4735
3357 173 5649 4737
3358 170 5653 4741
3359 166 5655 4745
3360 163 5656 4750
3361 175 5657 4753
3362 177 5657 4755
3363 180 5659 4758
3364 177 5661 4764
3365 176 5664 4766
3366 174 5665 4770
3367 182 5666 4771
3368 170 5672 4779
3369 171 5675 4779
3370 165 5680 4782
3371 169 5685 4783
3372 166 5687 4786
3373 173 5688 4788
3374 170 5691 4790
3375 174 5695 4794
3376 172 5698 4795
3377 173 5700 4800
3378 175 5701 4800
3379 177 5706 4803
3380 172 5708 4807
3381 172 5714 4809
3382 166 5719 4812
3383 168 5723 4814
3384 166 5727 4815
3385 170 5730 4818
3386 164 5734 4823
3387 163 5734 4826
3388 162 5738 4828
3389 173 5739 4830
3390 173 5742 4832
3391 171 5745 4833
3392 165 5748 4837
3393 168 5749 4841
3394 163 5753 4844
3395 163 5753 4846
3396 163 5757 4846
3397 163 5759 4848
3398 162 5759 4852
3399 166 5761 4854
3400 165 5763 4855
3401 159 5768 4860
3402 157 5773 4861
3403 161 5775 4861
3404 156 5777 4867
3405 156 5781 4869
3406 152 5785 4869
3407 145 5792 4873
3408 142 5795 4876
3409 144 5799 4878
3410 144 5799 4882
3411 143 5800 4884
3412 137 5803 4889
3413 132 5807 4892
3414 131 5808 4893
3415 132 5810 4894
3416 133 5810 4895
3417 132 5813 4897
3418 129 5815 4900
3419 131 5816 4901
3420 124 5820 4904
3421 122 5822 4908
3422 122 5823 4909
3423 115 5828 4913
3424 108 5833 4915
3425 117 5834 4917
3426 112 5836 4922
3427 112 5836 4922
3428 112 5837 4924
3429 112 5837 4926
3430 115 5837 4928
3431 118 5839 4931
3432 116 5841 4933
3433 124 5842 4934
3434 127 5843 4934
3435 123 5846 4937
3436 118 5848 4942
3437 125 5848 4945
3438 126 5849 4946
3439 129 5850 4948
3440 129 5852 4949
3441 131 5853 4950
3442 134 5854 4954
3443 136 5858 4954
3444 134 5861 4955
3445 139 5864 4955
3446 138 5867 4955
3447 139 5870 4957
3448 132 5872 4963
3449 133 5873 4965
3450 133 5875 4966
3451 140 5878 4968
3452 139 5879 4972
3453 133 5883 4974
3454 131 5885 4975
3455 134 5890 4977
3456 128 5892 4981
3457 125 5897 4983
3458 122 5899 4987
3459 122 5901 4991
3460 119 5905 4992
3461 118 5910 4992
3462 117 5912 4993
3463 121 5914 4995
3464 117 5916 5000
3465 117 5916 5004
3466 115 5918 5005
3467 120 5919 5005
3468 119 5920 5006
3469 121 5922 5008
3470 119 5922 5010
3471 119 5925 5011
3472 121 5926 5011
3473 128 5927 5011
3474 125 5930 5014
3475 126 5935 5014
3476 127 5937 5014
3477 132 5940 5016
3478 126 5944 5019
3479 126 5944 5021
3480 132 5944 5021
3481 124 5949 5026
3482 123 5951 5028
3483 125 5952 5029
3484 124 5953 5033
3485 122 5955 5033
3486 118 5958 5036
3487 122 5961 5037
3488 119 5964 5039
3489 128 5965 5041
3490 126 5969 5043
3491 133 5972 5043
3492 130 5974 5046
3493 125 5978 5047
3494 126 5981 5049
3495 133 5983 5050
3496 135 5983 5052
3497 136 5985 5053
3498 134 5988 5056
3499 133 5989 5064
3500 130 5992 5064
3501 133 5994 5065
3502 132 5994 5067
3503 136 5996 5069
3504 139 5996 5070
3505 141 6000 5070
3506 140 6003 5072
3507 144 6005 5072
3508 144 6006 5074
3509 139 6010 5081
3510 138 6014 5082
3511 136 6015 5087
3512 134 6018 5091
3513 135 6020 5094
3514 132 6021 5097
3515 128 6026 5100
3516 128 6027 5102
3517 129 6028 5106
3518 128 6030 5107
3519 130 6032 5109
3520 133 6033 5109
3521 139 6036 5112
3522 140 6037 5113
3523 141 6039 5116
3524 132 6043 5123
3525 132 6045 5125
3526 130 6046 5130
3527 137 6049 5132
3528 133 6053 5135
3529 134 6055 5138
3530 134 6055 5141
3531 139 6056 5143
3532 138 6058 5147
3533 139 6060 5150
3534 142 6060 5152
3535 143 6062 5155
3536 142 6064 5157
3537 152 6065 5160
3538 152 6068 5163
3539 157 6073 5165
3540 155 6074 5167
3541 150 6077 5171
3542 144 6079 5175
3543 148 6081 5175
3544 149 6084 5176
3545 148 6087 5178
3546 145 6089 5181
3547 143 6091 5181
3548 142 6094 5182
3549 146 6094 5182
3550 142 6097 5185
3551 141 6098 5187
3552 144 6099 5187
3553 146 6101 5189
3554 141 6103 5194
3555 140 6109 5197
3556 145 6110 5197
3557 140 6113 5199
3558 135 6117 5202
3559 142 6119 5203
3560 141 6124 5204
3561 142 6125 5206
3562 139 6128 5209
3563 141 6129 5210
3564 138 6135 5211
3565 141 6138 5211
3566 140 6140 5214
3567 148 6141 5215
3568 146 6146 5220
3569 160 6149 5221
3570 162 6151 5221
3571 172 6153 5221
3572 177 6155 5221
3573 180 6158 5221
3574 177 6161 5223
3575 176 6164 5225
3576 179 6164 5226
3577 181 6173 5229
3578 182 6175 5229
3579 184 6181 5231
3580 182 6186 5232
3581 183 6189 5234
3582 187 6190 5235
3583 193 6192 5239
3584 187 6198 5240
3585 188 6200 5243
3586 188 6202 5247
3587 198 6202 5251
3588 189 6206 5258
3589 191 6209 5259
3590 191 6212 5260
3591 191 6215 5265
3592 189 6221 5267
3593 193 6223 5271
3594 194 6225 5271
3595 190 6231 5277
3596 185 6236 5282
3597 190 6236 5283
3598 189 6238 5287
3599 191 6239 5290
3600 192 6240 5292
3601 197 6242 5295
3602 193 6246 5299
3603 194 6248 5302
3604 192 6250 5305
3605 186 6254 5311
3606 188 6256 5312
3607 188 6259 5315
3608 198 6260 5315
3609 192 6266 5319
3610 195 6269 5320
3611 193 6273 5324
3612 198 6273 5324
3613 202 6276 5327
3614 199 6281 5330
3615 200 6285 5335
3616 199 6287 5338
3617 198 6294 5342
3618 202 6296 5343
3619 201 6302 5344
3620 197 6303 5349
3621 201 6309 5353
3622 200 6315 5355
3623 204 6323 5359
3624 202 6326 5362
3625 205 6327 5364
3626 201 6331 5369
3627 193 6337 5373
3628 191 6338 5376
3629 190 6342 5379
3630 190 6346 5382
3631 195 6349 5384
3632 196 6351 5387
3633 193 6352 5391
3634 192 6354 5392
3635 195 6358 5399
3636 189 6360 5405
3637 190 6365 5405
3638 194 6368 5406
3639 198 6372 5410
3640 193 6376 5413
3641 200 6382 5414
3642 196 6387 5416
3643 186 6396 5421
3644 189 6398 5422
3645 185 6403 5425
3646 182 6409 5426
3647 184 6413 5428
3648 176 6416 5434
3649 170 6423 5437
3650 165 6428 5441
3651 159 6434 5445
3652 159 6438 5445
3653 157 6440 5447
3654 155 6441 5449
3655 157 6442 5450
3656 156 6445 5451
3657 158 6447 5453
3658 154 6450 5456
3659 154 6451 5459
3660 154 6453 5460
3661 160 6454 5461
3662 161 6457 5464
3663 165 6459 5464
3664 159 6460 5471
3665 164 6465 5473
3666 160 6467 5477
3667 159 6470 5479
3668 158 6472 5482
3669 160 6473 5487
3670 162 6474 5489
3671 168 6475 5492
3672 166 6479 5495
3673 164 6483 5499
3674 163 6487 5501
3675 163 6489 5503
3676 163 6493 5505
3677 160 6497 5506
3678 158 6500 5508
3679 157 6502 5509
3680 156 6504 5510
3681 158 6505 5511
3682 156 6510 5511
3683 158 6510 5513
3684 154 6516 5516
3685 153 6517 5518
3686 148 6521 5524
3687 154 6523 5524
3688 148 6528 5527
3689 149 6530 5528
3690 144 6534 5531
3691 151 6535 5533
3692 147 6540 5535
3693 144 6546 5538
3694 143 6547 5540
3695 145 6547 5542
3696 146 6548 5544
3697 138 6553 5547
3698 135 6553 5550
3699 137 6558 5553
3700 138 6559 5556
3701 135 6563 5561
3702 136 6564 5562
3703 137 6565 5562
3704 132 6569 5565
3705 132 6573 5567
3706 130 6574 5568
3707 133 6578 5571
3708 133 6580 5572
3709 131 6585 5577
3710 133 6586 5577
3711 137 6588 5579
3712 135 6591 5582
3713 133 6595 5586
3714 130 6596 5589
3715 132 6599 5590
3716 130 6600 5593
3717 129 6604 5594
3718 130 6608 5596
3719 129 6610 5599
3720 135 6611 5599
3721 137 6613 5599
3722 131 6618 5600
3723 137 6618 5602
3724 136 6620 5606
3725 136 6621 5609
3726 134 6622 5612
3727 135 6626 5613
3728 133 6628 5617
3729 137 6628 5617
3730 136 6629 5618
3731 136 6629 5620
3732 134 6631 5621
3733 133 6632 5623
3734 130 6634 5627
3735 141 6635 5627
3736 137 6638 5630
3737 136 6639 5634
3738 135 6641 5635
3739 131 6642 5638
3740 130 6644 5639
3741 134 6647 5640
3742 132 6648 5642
3743 133 6651 5644
3744 130 6653 5648
3745 132 6654 5649
3746 131 6654 5652
3747 128 6659 5652
3748 122 6662 5656
3749 130 6663 5659
3750 128 6664 5661
3751 132 6667 5662
3752 134 6669 5662
3753 136 6669 5664
3754 138 6670 5666
3755 143 6673 5668
3756 141 6676 5669
3757 138 6679 5671
3758 133 6685 5674
3759 134 6687 5675
3760 130 6692 5677
3761 130 6693 5678
3762 131 6694 5680
3763 134 6698 5681
3764 134 6703 5683
3765 137 6704 5685
3766 136 6705 5686
3767 132 6707 5688
3768 126 6711 5692
3769 126 6711 5694
3770 124 6713 5695
3771 131 6715 5696
3772 128 6717 5697
3773 132 6717 5697
3774 133 6719 5697
3775 135 6723 5699
3776 132 6726 5700
3777 128 6729 5701
3778 129 6730 5703
3779 132 6732 5704
3780 136 6733 5705
3781 136 6735 5707
3782 140 6735 5707
3783 145 6737 5708
3784 140 6745 5709
3785 135 6750 5709
3786 136 6751 5709
3787 139 6751 5710
3788 138 6753 5710
3789 140 6756 5711
3790 141 6757 5714
3791 138 6761 5719
3792 135 6763 5721
3793 138 6766 5723
3794 138 6767 5725
3795 138 6771 5725
3796 136 6774 5728
3797 131 6775 5734
3798 135 6775 5734
3799 136 6779 5737
3800 131 6784 5740
3801 128 6788 5743
3802 127 6790 5745
3803 126 6790 5748
3804 126 6790 5751
3805 127 6792 5752
3806 125 6796 5754
3807 127 6797 5755
3808 129 6798 5757
3809 124 6801 5761
3810 125 6802 5761
3811 118 6808 5764
3812 119 6810 5766
3813 114 6813 5768
3814 111 6814 5770
3815 110 6819 5770
3816 111 6820 5772
3817 113 6822 5774
3818 114 6822 5775
3819 114 6825 5776
3820 115 6825 5776
3821 111 6827 5778
3822 108 6829 5779
3823 102 6831 5785
3824 104 6831 5785
3825 109 6832 5787
3826 106 6834 5789
3827 112 6834 5789
3828 113 6835 5790
3829 115 6835 5792
3830 118 6837 5792
3831 124 6837 5792
3832 122 6840 5793
3833 127 6844 5794
3834 125 6845 5795
3835 136 6848 5795
3836 140 6849 5798
3837 150 6850 5801
3838 148 6852 5804
3839 147 6854 5805
3840 143 6859 5807
3841 134 6866 5809
3842 134 6868 5809
3843 140 6870 5811
3844 141 6870 5812
3845 147 6870 5812
3846 144 6875 5813
3847 142 6876 5816
3848 138 6879 5818
3849 142 6884 5819
3850 141 6888 5821
3851 140 6891 5821
3852 132 6896 5827
3853 135 6896 5830
3854 129 6899 5834
3855 137 6899 5836
3856 138 6901 5838
3857 135 6902 5840
3858 136 6903 5843
3859 140 6906 5844
3860 141 6907 5845
3861 138 6908 5853
3862 140 6910 5854
3863 142 6914 5854
3864 143 6914 5855
3865 145 6916 5857
3866 144 6919 5859
3867 141 6923 5862
3868 137 6927 5862
3869 143 6930 5865
3870 144 6933 5866
3871 150 6935 5866
3872 148 6937 5868
3873 153 6940 5868
3874 152 6945 5869
3875 158 6946 5870
3876 161 6948 5871
3877 159 6951 5874
3878 156 6954 5875
3879 157 6954 5876
3880 157 6958 5876
3881 165 6960 5878
3882 156 6966 5884
3883 160 6968 5884
3884 155 6971 5887
3885 156 6972 5891
3886 156 6976 5891
3887 160 6978 5899
3888 160 6980 5903
3889 155 6985 5907
3890 158 6988 5908
3891 153 6995 5910
3892 152 6999 5912
3893 156 7000 5913
3894 154 7003 5916
3895 155 7003 5923
3896 156 7005 5926
3897 160 7006 5927
3898 158 7012 5927
3899 161 7014 5928
3900 159 7019 5929
3901 151 7026 5934
3902 145 7032 5936
3903 150 7035 5940
3904 146 7037 5944
3905 153 7040 5946
3906 146 7043 5950
3907 146 7047 5950
3908 145 7050 5951
3909 145 7053 5954
3910 140 7058 5957
3911 140 7059 5960
3912 136 7062 5962
3913 140 7063 5965
3914 140 7067 5967
3915 144 7068 5968
3916 142 7070 5972
3917 144 7071 5977
3918 137 7077 5981
3919 133 7082 5984
3920 131 7083 5987
3921 131 7085 5989
3922 133 7086 5990
3923 133 7089 5991
3924 128 7094 5994
3925 130 7097 5997
3926 131 7099 5999
3927 130 7100 6001
3928 128 7101 6003
3929 134 7103 6005
3930 130 7109 6006
3931 128 7112 6007
3932 129 7114 6008
3933 134 7115 6010
3934 136 7118 6011
3935 135 7121 6013
3936 134 7123 6014
3937 129 7129 6017
3938 128 7131 6018
3939 125 7136 6020
3940 124 7137 6021
3941 118 7140 6024
3942 119 7141 6026
3943 119 7147 6028
3944 118 7148 6030
3945 118 7148 6032
3946 117 7149 6034
3947 117 7150 6037
3948 117 7151 6039
3949 118 7152 6039
3950 115 7154 6041
3951 122 7156 6042
3952 122 7157 6044
3953 128 7158 6047
3954 125 7158 6051
3955 130 7159 6051
3956 126 7162 6052
3957 130 7164 6054
3958 134 7164 6055
3959 135 7166 6056
3960 134 7168 6056
3961 137 7171 6060
3962 136 7171 6063
3963 136 7172 6066
3964 130 7176 6069
3965 135 7180 6070
3966 134 7183 6071
3967 132 7185 6073
3968 133 7185 6076
3969 135 7188 6079
3970 135 7193 6081
3971 141 7197 6083
3972 142 7199 6083
3973 144 7201 6087
3974 143 7204 6089
3975 138 7208 6092
3976 135 7211 6094
3977 135 7215 6096
3978 136 7217 6096
3979 132 7222 6097
3980 128 7226 6100
3981 126 7230 6102
3982 126 7232 6104
3983 132 7233 6105
3984 131 7235 6105
3985 133 7237 6105
3986 132 7238 6106
3987 133 7243 6106
3988 133 7244 6107
3989 135 7245 6108
3990 136 7249 6109
3991 137 7251 6114
3992 138 7253 6115
3993 144 7253 6115
3994 139 7257 6118
3995 139 7257 6120
3996 134 7259 6125
3997 140 7261 6127
3998 136 7265 6130
3999 134 7268 6133
4000 139 7268 6135
4001 147 7271 6138
4002 143 7273 6141
4003 141 7275 6141
4004 140 7277 6144
4005 139 7279 6149
4006 137 7280 6151
4007 139 7284 6151
4008 139 7286 6151
4009 137 7288 6155
4010 138 7289 6158
4011 139 7290 6158
4012 137 7294 6159
4013 136 7297 6161
4014 139 7298 6162
4015 141 7303 6163
4016 144 7304 6164
4017 151 7308 6167
4018 151 7308 6171
4019 156 7309 6171
4020 153 7312 6173
4021 156 7313 6175
4022 156 7314 6177
4023 160 7316 6177
4024 157 7321 6180
4025 154 7327 6183
4026 151 7330 6184
4027 157 7331 6185
4028 156 7334 6187
4029 153 7339 6189
4030 154 7339 6193
4031 145 7345 6198
4032 141 7347 6204
4033 140 7349 6207
4034 138 7352 6211
4035 137 7355 6213
4036 134 7357 6215
4037 145 7360 6217
4038 144 7361 6220
4039 148 7364 6221
4040 145 7368 6224
4041 154 7371 6226
4042 160 7372 6228
4043 162 7375 6231
4044 153 7384 6232
4045 151 7387 6233
4046 149 7392 6237
4047 160 7393 6237
4048 159 7394 6240
4049 159 7398 6240
4050 158 7401 6241
4051 155 7403 6244
4052 154 7404 6244
4053 159 7406 6245
4054 155 7409 6247
4055 160 7411 6248
4056 158 7413 6251
4057 162 7413 6253
4058 162 7414 6255
4059 168 7416 6257
4060 159 7422 6260
4061 163 7424 6262
4062 161 7428 6265
4063 161 7429 6270
4064 156 7433 6273
4065 163 7437 6274
4066 162 7438 6276
4067 173 7439 6278
4068 173 7442 6279
4069 174 7445 6281
4070 178 7449 6284
4071 186 7452 6287
4072 178 7460 6290
4073 173 7464 6293
4074 167 7467 6296
4075 175 7468 6297
4076 175 7471 6297
4077 172 7474 6301
4078 168 7477 6307
4079 167 7479 6310
4080 165 7480 6313
4081 172 7483 6317
4082 173 7485 6319
4083 168 7490 6321
4084 166 7492 6325
4085 161 7497 6331
4086 159 7499 6335
4087 163 7502 6336
4088 162 7504 6339
4089 167 7505 6341
4090 168 7507 6344
4091 174 7507 6346
4092 167 7514 6347
4093 173 7517 6348
4094 168 7522 6349
4095 172 7524 6353
4096 170 7527 6355
4097 174 7530 6358
4098 166 7535 6363
4099 171 7538 6365
4100 167 7538 6369
4101 163 7542 6371
4102 159 7544 6376
4103 165 7546 6376
4104 166 7548 6377
4105 165 7551 6379
4106 171 7552 6381
4107 179 7553 6384
4108 176 7555 6385
4109 184 7556 6386
4110 184 7558 6388
4111 185 7562 6391
4112 183 7564 6395
4113 187 7566 6397
4114 186 7569 6400
4115 189 7570 6402
4116 182 7577 6404
4117 189 7582 6406
4118 185 7586 6410
4119 190 7590 6413
4120 188 7592 6418
4121 193 7593 6422
4122 189 7598 6424
4123 189 7600 6428
4124 186 7603 6430
4125 191 7605 6431
4126 193 7606 6433
4127 199 7610 6433
4128 197 7614 6436
4129 198 7618 6439
4130 197 7621 6440
4131 199 7624 6441
4132 197 7627 6444
4133 195 7633 6446
4134 193 7634 6454
4135 192 7637 6456
4136 192 7638 6457
4137 201 7639 6459
4138 201 7640 6460
4139 208 7643 6464
4140 209 7644 6465
4141 211 7647 6468
4142 212 7650 6471
4143 217 7650 6476
4144 214 7653 6480
4145 217 7658 6482
4146 214 7659 6489
4147 221 7666 6489
4148 213 7672 6493
4149 214 7677 6495
4150 209 7681 6497
4151 210 7683 6500
4152 202 7688 6505
4153 203 7692 6510
4154 201 7694 6514
4155 202 7696 6517
4156 205 7697 6519
4157 202 7701 6524
4158 202 7702 6529
4159 203 7703 6531
4160 201 7707 6534
4161 200 7709 6539
4162 201 7711 6539
4163 200 7716 6541
4164 197 7719 6545
4165 189 7728 6548
4166 189 7731 6550
4167 197 7734 6553
4168 199 7736 6555
4169 197 7739 6558
4170 198 7743 6560
4171 198 7747 6564
4172 196 7750 6567
4173 206 7752 6569
4174 203 7753 6572
4175 205 7757 6574
4176 202 7761 6580
4177 203 7765 6583
4178 199 7766 6588
4179 199 7769 6591
4180 194 7775 6593
4181 197 7778 6597
4182 191 7786 6599
4183 188 7788 6606
4184 187 7794 6607
4185 196 7798 6610
4186 199 7801 6612
4187 202 7804 6614
4188 198 7807 6619
4189 205 7807 6622
4190 201 7810 6624
4191 197 7815 6625
4192 192 7818 6629
4193 206 7821 6630
4194 206 7823 6633
4195 200 7825 6637
4196 201 7828 6638
4197 200 7830 6645
4198 204 7831 6648
4199 196 7840 6649
4200 194 7842 6651
4201 198 7848 6655
4202 195 7852 6659
4203 201 7854 6665
4204 198 7859 6669
4205 194 7864 6672
4206 195 7867 6674
4207 187 7874 6675
4208 186 7877 6677
4209 187 7883 6680
4210 191 7885 6680
4211 196 7891 6683
4212 192 7896 6686
4213 199 7901 6686
4214 194 7904 6690
4215 202 7907 6693
4216 197 7912 6699
4217 204 7916 6702
4218 202 7921 6705
4219 210 7922 6708
4220 210 7927 6710
4221 211 7930 6716
4222 205 7935 6721
4223 205 7948 6724
4224 206 7951 6726
4225 207 7953 6729
4226 203 7956 6733
4227 201 7961 6738
4228 196 7966 6742
4229 199 7967 6746
4230 196 7969 6750
4231 201 7971 6753
4232 203 7973 6756
4233 206 7976 6758
4234 197 7982 6763
4235 205 7984 6763
4236 203 7988 6765
4237 207 7990 6765
4238 204 7994 6768
4239 202 7998 6772
4240 202 8002 6776
4241 199 8008 6781
4242 200 8011 6783
4243 210 8014 6786
4244 208 8017 6792
4245 209 8020 6796
4246 207 8024 6798
4247 203 8030 6802
4248 203 8034 6805
4249 206 8037 6809
4250 201 8045 6811
4251 204 8047 6812
4252 199 8051 6818
4253 203 8053 6822
4254 204 8055 6825
4255 200 8061 6827
4256 199 8065 6828
4257 205 8065 6830
4258 201 8074 6832
4259 212 8079 6832
4260 211 8086 6836
4261 208 8088 6841
4262 208 8091 6845
4263 208 8098 6848
4264 206 8104 6848
4265 215 8109 6854
4266 212 8113 6857
4267 212 8115 6861
4268 215 8120 6863
4269 218 8122 6868
4270 214 8124 6876
4271 213 8128 6879
4272 213 8129 6883
4273 224 8132 6885
4274 221 8140 6888
4275 228 8146 6891
4276 221 8153 6894
4277 221 8161 6898
4278 214 8169 6899
4279 209 8173 6908
4280 202 8178 6912
4281 203 8178 6917
4282 192 8184 6924
4283 194 8187 6927
4284 194 8189 6930
4285 195 8191 6933
4286 192 8193 6937
4287 193 8198 6941
4288 199 8200 6943
4289 199 8204 6945
4290 200 8208 6945
4291 205 8208 6950
4292 198 8211 6955
4293 189 8219 6958
4294 185 8226 6962
4295 181 8230 6966
4296 177 8233 6969
4297 185 8236 6970
4298 180 8242 6971
4299 192 8245 6972
4300 188 8249 6974
4301 192 8253 6976
4302 196 8253 6977
4303 202 8254 6982
4304 195 8261 6987
4305 187 8267 6991
4306 183 8270 6995
4307 178 8276 6998
4308 173 8283 7002
4309 174 8286 7004
4310 174 8290 7005
4311 177 8293 7007
4312 175 8295 7010
4313 180 8297 7013
4314 179 8299 7019
4315 181 8301 7021
4316 183 8303 7022
4317 186 8305 7027
4318 181 8308 7032
4319 186 8309 7032
4320 179 8315 7037
4321 174 8320 7039
4322 175 8323 7041
4323 166 8329 7044
4324 162 8333 7048
4325 162 8338 7051
4326 160 8341 7054
4327 159 8347 7061
4328 151 8350 7066
4329 142 8352 7073
4330 139 8353 7078
4331 144 8353 7079
4332 144 8353 7081
4333 140 8357 7083
4334 136 8358 7087
4335 132 8362 7091
4336 128 8363 7095
4337 136 8363 7097
4338 139 8363 7099
4339 135 8365 7103
4340 137 8366 7103
4341 137 8366 7107
4342 135 8367 7110
4343 138 8370 7110
4344 131 8376 7112
4345 132 8380 7113
4346 133 8380 7115
4347 143 8381 7116
4348 139 8383 7118
4349 143 8385 7120
4350 139 8388 7124
4351 141 8392 7128
4352 136 8395 7130
4353 133 8396 7134
4354 131 8396 7136
4355 141 8398 7138
4356 135 8402 7142
4357 141 8402 7144
4358 143 8404 7148
4359 149 8406 7150
4360 146 8407 7153
4361 146 8407 7157
4362 143 8409 7161
4363 152 8411 7162
4364 153 8413 7164
4365 156 8416 7164
4366 157 8418 7165
4367 158 8418 7168
4368 158 8418 7170
4369 157 8420 7171
4370 153 8422 7173
4371 155 8423 7176
4372 151 8428 7178
4373 150 8431 7180
4374 145 8433 7185
4375 152 8435 7186
4376 148 8440 7188
4377 153 8442 7189
4378 145 8447 7193
4379 148 8448 7195
4380 143 8452 7197
4381 145 8453 7200
4382 139 8457 7202
4383 135 8459 7204
4384 137 8459 7206
4385 138 8461 7209
4386 137 8465 7210
4387 138 8469 7211
4388 134 8471 7216
4389 133 8473 7221
4390 133 8475 7223
4391 138 8477 7224
4392 135 8480 7225
4393 138 8481 7227
4394 134 8483 7230
4395 132 8488 7231
4396 134 8488 7232
4397 131 8493 7232
4398 132 8495 7232
4399 132 8498 7233
4400 127 8502 7234
4401 123 8505 7237
4402 121 8508 7241
4403 122 8509 7245
4404 119 8513 7247
4405 114 8514 7251
4406 113 8516 7251
4407 116 8519 7251
4408 111 8520 7255
4409 112 8520 7256
4410 113 8521 7257
4411 117 8522 7258
4412 115 8523 7261
4413 112 8527 7262
4414 111 8529 7264
4415 114 8531 7265
4416 111 8532 7269
4417 118 8533 7269
4418 115 8535 7271
4419 113 8537 7273
4420 113 8538 7274
4421 119 8539 7277
4422 118 8540 7279
4423 123 8542 7282
4424 123 8544 7283
4425 125 8544 7283
4426 126 8544 7284
4427 122 8546 7286
4428 122 8547 7288
4429 123 8550 7290
4430 127 8550 7290
4431 129 8552 7292
4432 125 8556 7296
4433 124 8557 7298
4434 130 8558 7299
4435 134 8560 7299
4436 137 8561 7301
4437 141 8562 7302
4438 132 8570 7304
4439 130 8574 7306
4440 127 8580 7308
4441 127 8583 7309
4442 125 8583 7312
4443 125 8584 7313
4444 125 8586 7315
4445 126 8587 7317
4446 122 8590 7320
4447 119 8593 7322
4448 117 8596 7325
4449 119 8598 7327
4450 118 8599 7328
4451 113 8602 7332
4452 113 8603 7332
4453 114 8605 7335
4454 109 8607 7339
4455 113 8608 7340
4456 114 8609 7340
4457 116 8611 7342
4458 111 8616 7343
4459 110 8619 7343
4460 113 8622 7344
4461 117 8623 7345
4462 119 8624 7345
4463 121 8625 7348
4464 125 8625 7348
4465 126 8628 7352
4466 126 8628 7354
4467 123 8629 7356
4468 128 8629 7356
4469 131 8629 7357
4470 129 8630 7360
4471 136 8630 7361
4472 133 8632 7362
4473 130 8634 7365
4474 125 8637 7369
4475 127 8638 7370
4476 123 8641 7371
4477 121 8643 7373
4478 121 8644 7375
4479 122 8645 7379
4480 125 8646 7381
4481 131 8650 7381
4482 133 8652 7382
4483 138 8655 7384
4484 136 8659 7386
4485 135 8662 7388
4486 133 8666 7389
4487 134 8667 7391
4488 133 8669 7391
4489 133 8670 7392
4490 131 8672 7395
4491 126 8675 7397
4492 127 8676 7399
4493 126 8679 7401
4494 130 8680 7401
4495 133 8681 7401
4496 132 8683 7403
4497 138 8685 7405
4498 136 8690 7407
4499 131 8693 7411
4500 130 8696 7413
4501 131 8696 7414
4502 131 8697 7416
4503 142 8697 7417
4504 139 8697 7421
4505 142 8698 7423
4506 144 8698 7426
4507 149 8700 7427
4508 147 8704 7428
4509 152 8707 7432
4510 159 8708 7433
4511 162 8712 7434
4512 161 8715 7435
4513 168 8716 7435
4514 164 8719 7437
4515 170 8722 7438
4516 171 8722 7439
4517 171 8726 7441
4518 166 8731 7443
4519 168 8731 7445
4520 165 8733 7447
4521 164 8736 7451
4522 162 8738 7453
4523 166 8740 7455
4524 168 8741 7457
4525 178 8748 7458
4526 179 8750 7461
4527 184 8751 7463
4528 182 8753 7465
4529 178 8755 7469
4530 178 8756 7471
4531 185 8756 7474
4532 187 8758 7474
4533 195 8759 7477
4534 202 8760 7478
4535 208 8762 7482
4536 199 8771 7485
4537 196 8771 7490
4538 190 8774 7494
4539 190 8776 7496
4540 189 8779 7497
4541 189 8783 7501
4542 187 8787 7502
4543 194 8789 7505
4544 191 8795 7506
4545 185 8802 7509
4546 185 8804 7511
4547 190 8808 7512
4548 184 8814 7513
4549 183 8817 7519
4550 183 8820 7521
4551 181 8822 7523
4552 182 8823 7525
4553 187 8825 7528
4554 186 8827 7529
4555 194 8831 7531
4556 194 8834 7533
4557 193 8840 7536
4558 183 8847 7540
4559 184 8851 7543
4560 185 8851 7544
4561 193 8852 7547
4562 193 8853 7551
4563 194 8855 7556
4564 196 8857 7557
4565 197 8859 7560
4566 197 8863 7563
4567 198 8866 7567
4568 196 8868 7570
4569 197 8870 7571
4570 198 8872 7573
4571 197 8878 7576
4572 192 8882 7580
4573 202 8884 7584
4574 193 8892 7588
4575 187 8897 7591
4576 186 8899 7595
4577 193 8906 7595
4578 184 8910 7600
4579 184 8912 7606
4580 186 8913 7607
4581 192 8916 7608
4582 184 8922 7612
4583 184 8925 7615
4584 184 8927 7617
4585 187 8933 7620
4586 182 8939 7625
4587 185 8941 7626
4588 188 8943 7628
4589 197 8947 7629
4590 192 8950 7635
4591 190 8955 7636
4592 190 8957 7636
4593 186 8962 7639
4594 186 8966 7639
4595 188 8970 7643
4596 188 8974 7645
4597 186 8977 7650
4598 185 8978 7653
4599 195 8979 7654
4600 190 8984 7658
4601 194 8985 7661
4602 196 8987 7663
4603 201 8991 7666
4604 197 8998 7668
4605 203 9002 7672
4606 197 9008 7673
4607 204 9014 7674
4608 203 9017 7677
4609 205 9021 7677
4610 203 9023 7683
4611 204 9025 7686
4612 200 9028 7689
4613 198 9030 7697
4614 193 9032 7703
4615 198 9032 7708
4616 196 9036 7711
4617 203 9036 7714
4618 204 9036 7719
4619 212 9040 7723
4620 210 9041 7726
4621 215 9042 7726
4622 216 9047 7727
4623 219 9051 7730
4624 214 9058 7734
4625 210 9063 7741
4626 210 9066 7742
4627 211 9066 7751
4628 211 9068 7752
4629 219 9070 7754
4630 215 9074 7759
4631 219 9079 7760
4632 218 9085 7762
4633 222 9089 7764
4634 228 9091 7766
4635 239 9094 7766
4636 239 9097 7772
4637 252 9101 7775
4638 253 9105 7777
4639 253 9110 7782
4640 250 9112 7784
4641 249 9115 7788
4642 246 9122 7791
4643 248 9127 7794
4644 243 9131 7797
4645 259 9131 7799
4646 247 9143 7805
4647 247 9147 7807
4648 237 9156 7810
4649 242 9157 7816
4650 243 9158 7820
4651 239 9167 7823
4652 240 9170 7825
4653 247 9172 7828
4654 241 9178 7831
4655 253 9183 7832
4656 256 9187 7833
4657 247 9192 7841
4658 244 9196 7845
4659 251 9198 7846
4660 239 9208 7850
4661 239 9211 7857
4662 235 9217 7859
4663 247 9219 7861
4664 244 9223 7866
4665 247 9226 7868
4666 243 9228 7871
4667 253 9231 7876
4668 254 9234 7878
4669 265 9236 7881
4670 259 9242 7884
4671 260 9247 7888
4672 258 9250 7889
4673 259 9255 7893
4674 255 9260 7897
4675 251 9268 7899
4676 246 9273 7902
4677 247 9278 7904
4678 244 9283 7908
4679 244 9286 7913
4680 240 9295 7914
4681 238 9301 7916
4682 237 9307 7918
4683 235 9313 7920
4684 224 9321 7927
4685 229 9325 7932
4686 225 9328 7934
4687 229 9335 7937
4688 225 9339 7942
4689 222 9343 7945
4690 213 9349 7949
4691 212 9352 7951
4692 209 9354 7957
4693 211 9357 7958
4694 207 9359 7963
4695 218 9360 7965
4696 214 9364 7969
4697 217 9367 7973
4698 214 9372 7976
4699 211 9381 7976
4700 208 9385 7980
4701 211 9390 7982
4702 210 9392 7985
4703 208 9397 7986
4704 204 9401 7990
4705 205 9403 7993
4706 200 9408 7998
4707 191 9411 8004
4708 189 9411 8010
4709 194 9415 8011
4710 190 9420 8012
4711 196 9421 8017
4712 193 9424 8019
4713 193 9428 8021
4714 192 9432 8022
4715 192 9435 8027
4716 190 9440 8029
4717 191 9448 8030
4718 192 9449 8032
4719 201 9454 8036
4720 186 9462 8045
4721 190 9464 8047
4722 186 9468 8051
4723 180 9471 8056
4724 180 9472 8058
4725 186 9472 8058
4726 184 9477 8062
4727 192 9480 8063
4728 195 9480 8064
4729 206 9483 8066
4730 206 9487 8067
4731 210 9488 8070
4732 205 9492 8075
4733 206 9496 8080
4734 199 9501 8084
4735 199 9504 8087
4736 195 9507 8090
4737 196 9509 8093
4738 198 9509 8095
4739 208 9510 8096
4740 206 9512 8101
4741 208 9516 8105
4742 202 9520 8109
4743 201 9522 8116
4744 202 9526 8117
4745 205 9528 8120
4746 200 9533 8124
4747 195 9536 8128
4748 195 9539 8131
4749 198 9542 8135
4750 196 9546 8136
4751 194 9552 8138
4752 193 9553 8139
4753 192 9557 8144
4754 191 9562 8146
4755 189 9566 8148
4756 190 9568 8149
4757 188 9570 8153
4758 186 9571 8157
4759 194 9573 8159
4760 190 9579 8162
4761 199 9581 8167
4762 198 9585 8169
4763 202 9586 8174
4764 206 9587 8176
4765 200 9593 8178
4766 204 9595 8182
4767 208 9598 8185
4768 207 9602 8191
4769 203 9606 8195
4770 202 9611 8196
4771 197 9614 8202
4772 196 9618 8203
4773 211 9619 8205
4774 201 9624 8212
4775 199 9627 8217
4776 199 9633 8217
4777 197 9638 8222
4778 197 9642 8226
4779 198 9646 8231
4780 194 9652 8232
4781 192 9657 8233
4782 190 9659 8236
4783 192 9661 8242
4784 191 9662 8245
4785 183 9667 8250
4786 178 9669 8254
4787 183 9669 8257
4788 181 9675 8258
4789 181 9676 8261
4790 175 9680 8266
4791 168 9686 8271
4792 165 9692 8271
4793 165 9693 8272
4794 167 9694 8275
4795 162 9698 8278
4796 153 9703 8283
4797 151 9706 8288
4798 147 9711 8289
4799 148 9715 8292
4800 146 9719 8294
4801 149 9721 8299
4802 147 9724 8300
4803 153 9727 8303
4804 152 9731 8304
4805 155 9734 8306
4806 148 9739 8308
4807 146 9742 8311
4808 146 9744 8313
4809 153 9746 8314
4810 151 9747 8316
4811 161 9748 8317
4812 159 9752 8319
4813 162 9753 8321
4814 160 9755 8323
4815 156 9759 8325
4816 152 9763 8329
4817 160 9766 8332
4818 159 9768 8337
4819 161 9769 8340
4820 161 9771 8342
4821 160 9772 8346
4822 157 9774 8351
4823 158 9775 8353
4824 155 9779 8355
4825 156 9784 8357
4826 155 9787 8360
4827 157 9787 8364
4828 152 9790 8368
4829 157 9793 8368
4830 159 9794 8370
4831 164 9798 8371
4832 161 9799 8376
4833 162 9803 8377
4834 159 9805 8382
4835 158 9809 8385
4836 156 9812 8390
4837 164 9812 8392
4838 160 9816 8395
4839 157 9821 8399
4840 161 9824 8399
4841 162 9825 8401
4842 163 9826 8403
4843 157 9830 8409
4844 157 9832 8409
4845 163 9832 8411
4846 160 9837 8413
4847 160 9839 8413
4848 161 9840 8414
4849 176 9843 8414
4850 173 9843 8418
4851 176 9847 8421
4852 177 9850 8422
4853 178 9852 8423
4854 178 9854 8425
4855 185 9854 8428
4856 186 9855 8429
4857 187 9856 8431
4858 189 9858 8432
4859 194 9861 8434
4860 189 9866 8437
4861 188 9871 8439
4862 186 9873 8442
4863 181 9880 8444
4864 180 9883 8447
4865 176 9892 8448
4866 178 9895 8449
4867 172 9900 8454
4868 170 9902 8454
4869 169 9902 8459
4870 167 9905 8461
4871 168 9910 8461
4872 162 9914 8464
4873 173 9917 8464
4874 173 9920 8465
4875 176 9920 8470
4876 171 9925 8474
4877 183 9928 8475
4878 181 9928 8479
4879 183 9930 8483
4880 184 9934 8485
4881 187 9938 8486
4882 186 9941 8490
4883 188 9942 8491
4884 188 9945 8493
4885 195 9946 8493
4886 193 9948 8496
4887 195 9951 8499
4888 196 9952 8503
4889 201 9955 8507
4890 202 9957 8510
4891 197 9960 8514
4892 197 9965 8517
4893 202 9970 8519
4894 199 9973 8525
4895 200 9978 8529
4896 197 9980 8535
4897 201 9984 8539
4898 197 9988 8541
4899 197 9991 8544
4900 198 9993 8546
4901 195 9997 8547
4902 194 10001 8548
4903 197 10004 8550
4904 194 10008 8557
4905 197 10010 8558
4906 195 10013 8562
4907 204 10017 8563
4908 209 10018 8565
4909 208 10025 8567
4910 205 10028 8569
4911 214 10030 8572
4912 206 10035 8576
4913 204 10041 8582
4914 197 10047 8586
4915 198 10051 8587
4916 193 10051 8593
4917 205 10053 8595
4918 208 10058 8596
4919 212 10061 8597
4920 210 10065 8600
4921 209 10068 8606
4922 204 10072 8612
4923 204 10078 8616
4924 205 10081 8618
4925 209 10083 8622
4926 208 10089 8623
4927 209 10091 8626
4928 201 10100 8630
4929 204 10106 8633
4930 201 10108 8636
4931 195 10111 8643
4932 190 10115 8647
4933 197 10117 8652
4934 194 10124 8652
4935 204 10127 8653
4936 204 10129 8657
4937 211 10134 8661
4938 208 10137 8664
4939 202 10142 8671
4940 202 10148 8676
4941 204 10152 8678
4942 198 10158 8683
4943 202 10162 8685
4944 201 10168 8686
4945 202 10175 8688
4946 203 10178 8689
4947 207 10183 8692
4948 207 10184 8692
4949 208 10189 8696
4950 207 10194 8698
4951 211 10198 8700
4952 207 10201 8704
4953 211 10201 8708
4954 206 10206 8710
4955 201 10210 8713
4956 199 10214 8716
4957 210 10214 8719
4958 204 10216 8724
4959 211 10220 8729
4960 212 10221 8731
4961 210 10221 8733
4962 208 10225 8737
4963 214 10228 8740
4964 209 10234 8742
4965 209 10237 8745
4966 208 10239 8748
4967 204 10244 8753
4968 204 10246 8757
4969 208 10250 8761
4970 207 10253 8763
4971 212 10257 8766
4972 210 10260 8768
4973 215 10264 8769
4974 209 10267 8772
4975 215 10270 8777
4976 211 10274 8779
4977 207 10278 8781
4978 205 10281 8784
4979 209 10284 8789
4980 201 10289 8797
4981 197 10293 8803
4982 198 10298 8804
4983 199 10300 8807
4984 192 10304 8811
4985 189 10312 8816
4986 190 10314 8816
4987 192 10319 8817
4988 188 10324 8819
4989 189 10329 8821
4990 188 10331 8823
4991 186 10334 8824
4992 177 10343 8827
4993 186 10346 8829
4994 180 10350 8834
4995 176 10354 8836
4996 166 10362 8843
4997 165 10363 8845
4998 160 10367 8846
4999 159 10372 8848
5000 158 10375 8849
