0 50 0 0
1 48 1 1
2 49 2 1
3 54 2 2
4 53 3 2
5 53 3 4
6 52 4 4
7 54 5 5
8 53 6 7
9 58 7 7
10 56 9 7
11 57 10 7
12 59 10 7
13 63 10 7
14 61 11 9
15 63 12 10
16 64 12 10
17 62 13 11
18 62 13 13
19 63 13 14
20 66 13 15
21 66 13 15
22 66 14 15
23 67 14 16
24 63 17 17
25 67 19 17
26 65 23 17
27 67 25 17
28 67 26 18
29 70 26 19
30 70 26 21
31 70 26 21
32 67 27 24
33 70 27 25
34 70 28 27
35 72 28 27
36 71 29 27
37 77 29 29
38 78 30 29
39 76 32 31
40 75 33 34
41 77 35 34
42 80 36 35
43 80 36 37
44 80 36 38
45 80 37 39
46 78 40 41
47 82 40 41
48 85 40 42
49 90 41 44
50 89 42 45
51 87 43 48
52 87 43 51
53 90 43 54
54 90 44 54
55 89 44 55
56 88 44 56
57 87 47 56
58 87 47 57
59 93 47 57
60 92 49 58
61 92 51 60
62 94 51 61
63 97 53 64
64 97 53 64
65 102 55 67
66 105 56 67
67 105 58 71
68 103 59 73
69 105 60 74
70 106 62 75
71 116 62 75
72 116 62 78
73 114 65 79
74 113 68 79
75 114 70 80
76 114 70 83
77 112 71 84
78 112 71 87
79 109 74 89
80 110 76 90
81 108 77 91
82 107 79 91
83 110 82 91
84 111 82 92
85 108 89 94
86 103 92 96
87 110 92 97
88 113 92 97
89 114 95 97
90 111 100 98
91 114 101 100
92 112 102 103
93 112 104 107
94 111 104 110
95 111 105 111
96 107 107 115
97 110 108 115
98 110 108 116
99 109 110 117
100 109 111 119
101 114 113 120
102 113 114 122
103 116 115 122
104 109 118 127
105 108 119 129
106 107 120 129
107 109 120 131
108 107 121 133
109 109 121 135
110 111 122 135
111 114 125 135
112 113 127 137
113 118 129 138
114 120 129 139
115 122 132 140
116 122 133 142
117 119 134 144
118 117 136 145
119 118 138 148
120 120 138 149
121 129 139 149
122 127 142 151
123 132 145 151
124 129 148 153
125 130 155 155
126 126 159 157
127 128 163 159
128 130 164 160
129 132 166 162
130 133 167 164
131 127 173 166
132 128 175 166
133 123 178 170
134 115 185 174
135 111 189 174
136 108 192 175
137 108 193 178
138 108 195 181
139 110 198 182
140 110 200 182
141 107 201 184
142 105 202 188
143 101 208 188
144 104 208 189
145 104 209 192
146 103 210 193
147 103 212 193
148 105 212 194
149 105 215 197
150 109 215 197
151 118 218 197
152 116 219 198
153 118 219 200
154 115 221 202
155 122 222 202
156 123 223 204
157 128 224 206
158 127 225 208
159 125 227 210
160 128 227 211
161 129 228 213
162 131 228 215
163 136 229 217
164 134 231 218
165 132 233 224
166 130 236 225
167 131 238 226
168 132 241 226
169 136 241 228
170 138 244 229
171 138 246 231
172 137 246 232
173 144 248 233
174 142 252 236
175 141 255 236
176 138 258 238
177 135 261 238
178 133 263 240
179 131 264 241
180 129 267 243
181 126 269 246
182 128 271 247
183 126 271 251
184 125 272 256
185 127 275 257
186 126 277 259
187 130 279 259
188 124 285 262
189 125 286 264
190 122 290 266
191 123 290 269
192 126 292 269
193 129 294 270
194 128 297 271
195 126 298 272
196 126 302 272
197 123 304 275
198 125 305 276
199 131 305 278
200 134 305 280
201 128 310 283
202 130 310 286
203 130 313 287
204 127 315 290
205 134 318 292
206 130 321 295
207 122 326 300
208 118 329 301
209 123 332 303
210 121 336 306
211 130 337 306
212 129 338 308
213 125 340 312
214 128 340 312
215 133 341 312
216 129 345 314
217 133 347 316
218 134 347 317
219 145 349 318
220 145 351 319
221 141 352 322
222 139 353 325
223 144 355 326
224 144 357 328
225 139 362 330
226 141 362 331
227 145 364 333
228 144 365 335
229 154 367 337
230 154 369 338
231 154 370 341
232 154 373 341
233 160 374 344
234 161 377 346
235 168 378 346
236 165 381 350
237 171 383 350
238 171 385 351
239 173 385 355
240 171 390 355
241 168 396 360
242 165 397 365
243 165 399 369
244 164 400 373
245 165 404 376
246 161 407 377
247 156 410 381
248 156 412 383
249 162 414 385
250 159 421 387
251 166 425 390
252 167 425 395
253 165 428 396
254 171 428 398
255 173 430 400
256 170 437 402
257 169 439 405
258 173 440 406
259 175 443 407
260 176 446 409
261 174 451 412
262 174 451 413
263 173 453 416
264 166 459 419
265 170 462 420
266 172 463 421
267 175 468 423
268 172 472 424
269 169 476 431
270 167 481 434
271 172 486 434
272 171 490 436
273 165 495 439
274 162 498 443
275 157 503 445
276 156 505 448
277 158 507 450
278 153 510 454
279 160 512 457
280 157 515 460
281 155 519 462
282 156 520 465
283 157 522 466
284 156 526 467
285 164 529 468
286 163 533 472
287 170 536 474
288 172 538 476
289 173 543 480
290 171 548 480
291 168 553 484
292 166 558 486
293 166 561 487
294 170 562 490
295 179 562 493
296 176 567 495
297 178 569 497
298 171 576 499
299 176 577 503
300 177 579 506
301 174 585 507
302 169 591 509
303 175 592 514
304 170 596 517
305 168 598 519
306 162 603 522
307 177 603 523
308 180 605 527
309 177 610 527
310 171 613 533
311 166 618 537
312 167 618 541
313 172 620 544
314 168 623 547
315 166 624 552
316 168 626 552
317 174 630 556
318 172 633 559
319 172 634 562
320 172 639 563
321 182 642 564
322 183 644 567
323 187 645 570
324 193 646 572
325 189 649 575
326 188 651 579
327 183 653 584
328 182 656 586
329 183 659 588
330 178 663 592
331 178 669 596
332 179 670 598
333 181 674 600
334 181 677 604
335 185 681 606
336 181 686 608
337 181 694 610
338 179 700 611
339 178 703 611
340 178 705 615
341 177 708 617
342 172 714 619
343 177 717 619
344 176 718 621
345 169 723 625
346 165 727 628
347 169 731 628
348 166 736 632
349 174 736 634
350 174 739 634
351 174 743 638
352 173 746 641
353 173 748 645
354 166 756 647
355 165 760 648
356 163 764 650
357 166 764 655
358 166 769 657
359 170 773 659
360 168 779 660
361 170 781 662
362 161 786 666
363 163 789 669
364 163 789 672
365 162 792 674
366 158 795 678
367 163 799 679
368 158 800 685
369 158 803 688
370 162 804 689
371 163 806 690
372 161 808 691
373 159 813 692
374 157 815 700
375 151 819 704
376 151 821 707
377 156 823 708
378 157 827 709
379 158 830 711
380 154 834 712
381 155 838 715
382 152 842 717
383 145 846 722
384 144 847 727
385 142 849 729
386 133 854 734
387 129 855 739
388 127 856 740
389 126 859 740
390 127 860 741
391 126 861 743
392 129 863 743
393 132 864 745
394 136 865 746
395 134 868 749
396 135 870 750
397 132 873 754
398 134 874 754
399 137 876 755
400 132 879 759
401 131 880 761
402 130 882 765
403 131 884 766
404 131 885 771
405 128 889 772
406 124 892 774
407 126 893 777
408 118 898 781
409 122 899 782
410 119 903 783
411 119 904 786
412 118 905 789
413 115 909 790
414 112 911 792
415 105 915 797
416 101 916 800
417 98 920 801
418 95 921 805
419 92 925 806
420 93 927 808
421 90 931 809
422 89 933 810
423 91 933 810
424 89 937 813
425 88 938 817
426 90 938 817
427 88 939 818
428 86 940 821
429 84 943 822
430 83 945 822
431 83 947 822
432 79 951 823
433 75 953 825
434 74 953 826
435 74 953 828
436 73 954 829
437 78 955 829
438 77 957 829
439 78 958 829
440 76 960 830
441 73 961 832
442 73 963 833
443 75 963 833
444 76 963 834
445 77 965 835
446 81 965 836
447 81 966 839
448 79 967 840
449 82 969 841
450 83 969 842
451 79 970 845
452 78 972 846
453 77 975 846
454 76 976 849
455 75 976 850
456 74 977 852
457 74 977 852
458 73 978 855
459 72 980 856
460 73 981 856
461 72 984 858
462 69 986 860
463 72 986 861
464 75 986 861
465 78 987 861
466 77 987 862
467 81 988 863
468 80 988 864
469 78 988 866
470 78 989 866
471 77 989 869
472 78 989 870
473 75 989 873
474 75 990 873
475 77 992 875
476 76 993 878
477 73 996 878
478 73 996 880
479 74 998 881
480 72 1000 882
481 70 1001 883
482 68 1004 883
483 71 1006 884
484 70 1009 884
485 69 1011 885
486 68 1012 886
487 64 1012 890
488 63 1013 891
489 61 1015 891
490 60 1016 891
491 61 1017 891
492 60 1018 892
493 64 1020 892
494 65 1020 893
495 71 1023 894
496 69 1024 895
497 69 1025 896
498 68 1025 899
499 71 1026 901
500 70 1028 902
501 69 1029 904
502 66 1031 905
503 67 1032 905
504 69 1034 905
505 69 1037 906
506 68 1040 907
507 70 1041 908
508 72 1041 908
509 73 1041 909
510 74 1041 909
511 76 1042 910
512 75 1043 912
513 73 1044 913
514 71 1047 913
515 70 1048 915
516 69 1049 916
517 69 1052 917
518 68 1052 919
519 76 1052 919
520 76 1055 920
521 75 1056 922
522 72 1057 924
523 70 1057 928
524 69 1057 929
525 69 1057 929
526 68 1059 932
527 76 1059 932
528 76 1061 932
529 78 1063 932
530 78 1063 934
531 77 1065 935
532 75 1068 936
533 74 1070 937
534 74 1070 938
535 75 1070 939
536 76 1070 941
537 78 1070 941
538 79 1070 942
539 79 1070 944
540 77 1071 945
541 77 1071 945
542 73 1073 947
543 72 1074 949
544 68 1077 950
545 71 1077 951
546 70 1077 954
547 79 1078 954
548 76 1079 956
549 75 1080 958
550 73 1083 959
551 73 1084 960
552 70 1086 961
553 70 1088 961
554 70 1089 961
555 78 1090 962
556 76 1091 964
557 81 1092 964
558 81 1092 966
559 88 1092 967
560 90 1092 967
561 89 1092 968
562 88 1094 968
563 88 1097 969
564 88 1099 970
565 86 1101 970
566 81 1104 973
567 83 1106 973
568 82 1108 973
569 83 1109 973
570 83 1109 977
571 83 1111 979
572 82 1113 980
573 80 1114 981
574 81 1114 981
575 76 1117 983
576 78 1118 983
577 82 1118 983
578 80 1119 986
579 83 1121 987
580 88 1121 988
581 90 1122 989
582 91 1124 990
583 89 1125 993
584 87 1128 994
585 86 1131 994
586 85 1131 997
587 88 1134 997
588 87 1135 999
589 87 1137 999
590 86 1138 999
591 84 1140 1001
592 84 1140 1002
593 84 1140 1004
594 84 1140 1004
595 89 1140 1007
596 86 1142 1009
597 85 1144 1010
598 82 1147 1010
599 84 1149 1010
600 83 1151 1012
601 82 1154 1014
602 79 1155 1017
603 84 1157 1018
604 82 1159 1019
605 87 1160 1021
606 86 1162 1022
607 86 1164 1024
608 77 1170 1027
609 79 1170 1027
610 78 1170 1028
611 76 1171 1029
612 75 1173 1030
613 77 1174 1031
614 81 1174 1032
615 82 1176 1033
616 82 1178 1033
617 79 1181 1033
618 75 1185 1035
619 78 1185 1036
620 77 1187 1037
621 76 1190 1037
622 73 1193 1037
623 75 1196 1038
624 78 1196 1038
625 81 1196 1039
626 79 1196 1042
627 84 1197 1042
628 84 1198 1043
629 86 1202 1043
630 85 1204 1044
631 84 1205 1048
632 83 1207 1049
633 84 1209 1052
634 85 1210 1053
635 90 1211 1053
636 87 1211 1056
637 87 1211 1056
638 82 1213 1059
639 82 1213 1061
640 85 1213 1061
641 76 1221 1064
642 73 1224 1065
643 79 1224 1065
644 80 1225 1065
645 84 1226 1068
646 85 1228 1068
647 87 1230 1068
648 88 1231 1068
649 89 1235 1069
650 90 1236 1069
651 89 1238 1070
652 91 1239 1071
653 88 1239 1074
654 86 1240 1076
655 89 1241 1076
656 91 1241 1079
657 94 1243 1082
658 95 1244 1083
659 92 1245 1085
660 89 1249 1085
661 89 1249 1087
662 86 1251 1089
663 88 1251 1089
664 82 1255 1092
665 86 1255 1094
666 86 1258 1094
667 91 1258 1095
668 89 1261 1097
669 89 1263 1099
670 91 1263 1099
671 92 1264 1101
672 91 1264 1103
673 92 1265 1103
674 92 1266 1103
675 93 1270 1104
676 89 1275 1106
677 89 1277 1106
678 86 1279 1108
679 89 1282 1108
680 90 1283 1110
681 89 1285 1111
682 92 1287 1111
683 92 1289 1111
684 92 1293 1112
685 94 1293 1112
686 88 1296 1115
687 90 1297 1116
688 92 1297 1116
689 93 1300 1118
690 89 1303 1121
691 86 1307 1124
692 84 1309 1126
693 84 1311 1126
694 81 1314 1128
695 80 1317 1128
696 80 1318 1129
697 85 1319 1129
698 86 1321 1130
699 88 1324 1133
700 86 1325 1136
701 86 1328 1137
702 87 1330 1137
703 92 1331 1139
704 93 1331 1140
705 94 1332 1140
706 92 1335 1142
707 94 1336 1145
708 92 1337 1146
709 94 1338 1147
710 94 1338 1148
711 96 1339 1151
712 95 1340 1152
713 88 1342 1157
714 91 1342 1158
715 89 1342 1160
716 87 1343 1163
717 93 1343 1165
718 91 1345 1166
719 94 1348 1166
720 93 1351 1167
721 97 1351 1167
722 96 1353 1167
723 104 1353 1167
724 104 1354 1169
725 106 1358 1171
726 106 1358 1172
727 105 1359 1174
728 103 1362 1177
729 98 1368 1178
730 97 1370 1178
731 98 1372 1179
732 99 1372 1181
733 103 1372 1181
734 106 1374 1181
735 105 1374 1182
736 108 1374 1182
737 110 1376 1182
738 108 1380 1182
739 105 1382 1183
740 105 1385 1183
741 102 1387 1186
742 100 1390 1188
743 104 1392 1192
744 104 1394 1193
745 99 1399 1195
746 99 1399 1197
747 96 1402 1201
748 94 1404 1201
749 96 1404 1203
750 96 1405 1204
751 96 1405 1208
752 93 1408 1208
753 91 1410 1210
754 85 1413 1213
755 88 1413 1216
756 87 1415 1216
757 93 1415 1218
758 91 1417 1220
759 91 1419 1220
760 91 1420 1222
761 88 1423 1224
762 87 1424 1225
763 85 1424 1227
764 85 1427 1227
765 91 1427 1227
766 89 1428 1229
767 99 1429 1230
768 99 1429 1230
769 105 1429 1230
770 101 1435 1230
771 102 1436 1234
772 103 1436 1237
773 104 1438 1238
774 106 1439 1239
775 108 1440 1242
776 108 1443 1243
777 114 1446 1244
778 121 1446 1244
779 123 1448 1248
780 125 1450 1250
781 122 1454 1253
782 120 1456 1257
783 118 1458 1259
784 116 1459 1263
785 116 1464 1264
786 114 1466 1267
787 116 1469 1268
788 114 1471 1270
789 117 1472 1272
790 115 1474 1273
791 113 1478 1275
792 112 1479 1277
793 118 1480 1278
794 116 1483 1279
795 115 1486 1279
796 111 1490 1280
797 111 1494 1282
798 109 1496 1283
799 114 1499 1285
800 113 1499 1289
801 116 1500 1291
802 115 1501 1294
803 108 1506 1296
804 107 1509 1296
805 103 1513 1296
806 107 1515 1296
807 101 1519 1298
808 100 1521 1301
809 98 1521 1303
810 94 1522 1306
811 96 1522 1306
812 94 1524 1307
813 95 1524 1310
814 93 1524 1313
815 100 1525 1315
816 100 1526 1317
817 101 1528 1318
818 99 1531 1319
819 101 1534 1320
820 101 1535 1321
821 109 1536 1322
822 110 1537 1324
823 106 1540 1327
824 103 1543 1329
825 99 1546 1330
826 96 1550 1333
827 99 1551 1333
828 97 1552 1334
829 99 1553 1335
830 97 1555 1336
831 99 1557 1336
832 98 1559 1336
833 103 1560 1338
834 101 1561 1339
835 103 1561 1341
836 101 1563 1342
837 104 1564 1344
838 101 1566 1347
839 104 1568 1348
840 107 1571 1348
841 110 1571 1351
842 112 1571 1352
843 110 1573 1356
844 116 1574 1357
845 132 1576 1357
846 130 1579 1359
847 128 1583 1361
848 133 1584 1362
849 141 1584 1364
850 141 1586 1365
851 142 1587 1369
852 139 1588 1376
853 142 1593 1378
854 143 1595 1380
855 150 1595 1383
856 150 1597 1384
857 149 1600 1386
858 143 1604 1391
859 141 1605 1392
860 139 1606 1394
861 140 1609 1398
862 137 1611 1400
863 145 1612 1401
864 145 1613 1404
865 150 1614 1406
866 146 1616 1410
867 147 1619 1412
868 150 1622 1413
869 144 1625 1418
870 146 1626 1419
871 146 1630 1423
872 145 1631 1425
873 147 1633 1425
874 154 1634 1426
875 166 1636 1426
876 158 1641 1430
877 160 1642 1435
878 158 1644 1441
879 171 1647 1441
880 172 1648 1443
881 168 1650 1447
882 170 1652 1448
883 164 1657 1453
884 162 1662 1455
885 167 1663 1457
886 156 1668 1464
887 156 1668 1468
888 156 1670 1469
889 156 1673 1470
890 152 1680 1472
891 157 1682 1473
892 158 1684 1475
893 167 1687 1475
894 164 1690 1476
895 164 1691 1477
896 161 1694 1481
897 164 1698 1486
898 162 1702 1488
899 161 1703 1490
900 162 1705 1491
901 164 1707 1493
902 160 1710 1494
903 156 1712 1496
904 158 1713 1497
905 161 1718 1497
906 165 1718 1497
907 171 1721 1498
908 170 1722 1500
909 163 1726 1505
910 156 1730 1510
911 161 1734 1513
912 161 1737 1515
913 163 1739 1517
914 161 1742 1519
915 172 1744 1520
916 171 1747 1521
917 179 1748 1522
918 174 1751 1524
919 181 1753 1525
920 178 1755 1529
921 184 1758 1530
922 183 1761 1532
923 181 1767 1534
924 179 1769 1537
925 175 1774 1540
926 174 1777 1543
927 169 1784 1543
928 169 1786 1544
929 169 1787 1545
930 168 1789 1546
931 174 1790 1547
932 175 1793 1550
933 179 1795 1552
934 181 1798 1554
935 183 1802 1556
936 185 1804 1557
937 191 1807 1562
938 185 1807 1569
939 186 1813 1570
940 184 1820 1570
941 181 1823 1574
942 182 1825 1574
943 192 1826 1575
944 191 1829 1578
945 192 1831 1587
946 191 1832 1591
947 196 1834 1594
948 198 1835 1595
949 198 1839 1597
950 193 1844 1603
951 198 1848 1606
952 186 1855 1613
953 190 1859 1617
954 182 1864 1622
955 183 1868 1623
956 183 1871 1625
957 187 1876 1630
958 180 1880 1636
959 175 1886 1639
960 172 1889 1642
961 175 1890 1642
962 176 1893 1644
963 177 1898 1646
964 174 1899 1650
965 183 1902 1650
966 179 1906 1653
967 178 1908 1658
968 179 1911 1660
969 184 1913 1663
970 187 1914 1664
971 191 1917 1665
972 183 1927 1668
973 190 1928 1670
974 186 1931 1674
975 193 1935 1677
976 189 1940 1681
977 186 1944 1684
978 185 1948 1685
979 182 1953 1689
980 173 1958 1694
981 181 1959 1695
982 179 1961 1699
983 178 1965 1700
984 173 1970 1702
985 179 1971 1705
986 181 1976 1707
987 177 1979 1712
988 169 1985 1717
989 167 1989 1719
990 163 1992 1722
991 156 1999 1726
992 155 1999 1731
993 161 2000 1734
994 153 2004 1740
995 156 2006 1741
996 152 2010 1743
997 154 2015 1746
998 152 2018 1748
999 152 2023 1751
1000 153 2026 1753
1001 152 2030 1754
1002 149 2032 1758
1003 153 2033 1759
1004 148 2037 1761
1005 153 2038 1765
1006 155 2040 1766
1007 155 2044 1766
1008 155 2046 1769
1009 158 2051 1769
1010 156 2053 1772
1011 156 2056 1777
1012 150 2061 1780
1013 151 2065 1781
1014 148 2069 1782
1015 155 2071 1783
1016 157 2072 1785
1017 154 2073 1787
1018 153 2077 1788
1019 152 2080 1790
1020 147 2085 1792
1021 151 2087 1794
1022 150 2088 1798
1023 148 2091 1801
1024 140 2096 1805
1025 133 2101 1809
1026 133 2103 1810
1027 139 2108 1813
1028 138 2109 1815
1029 138 2112 1820
1030 135 2117 1820
1031 138 2119 1823
1032 136 2120 1824
1033 134 2123 1825
1034 133 2124 1828
1035 131 2126 1828
1036 130 2128 1829
1037 131 2132 1830
1038 127 2136 1831
1039 127 2138 1835
1040 127 2140 1839
1041 128 2140 1844
1042 129 2143 1844
1043 123 2149 1846
1044 121 2153 1847
1045 122 2157 1848
1046 123 2157 1850
1047 120 2162 1854
1048 119 2165 1855
1049 120 2167 1856
1050 116 2170 1859
1051 115 2171 1861
1052 120 2171 1862
1053 115 2175 1865
1054 113 2176 1868
1055 110 2176 1871
1056 112 2176 1873
1057 115 2177 1873
1058 114 2177 1875
1059 121 2180 1875
1060 120 2181 1877
1061 115 2186 1881
1062 117 2187 1882
1063 121 2190 1883
1064 115 2194 1887
1065 110 2196 1890
1066 109 2198 1893
1067 110 2200 1896
1068 108 2201 1900
1069 107 2203 1901
1070 109 2204 1901
1071 107 2206 1903
1072 103 2208 1905
1073 100 2210 1908
1074 95 2213 1912
1075 99 2214 1913
1076 98 2215 1914
1077 97 2220 1914
1078 95 2222 1915
1079 96 2222 1916
1080 98 2224 1917
1081 102 2225 1918
1082 103 2225 1919
1083 103 2225 1921
1084 102 2227 1921
1085 107 2229 1922
1086 107 2230 1923
1087 107 2233 1924
1088 104 2235 1928
1089 104 2236 1929
1090 101 2239 1932
1091 103 2239 1934
1092 105 2239 1935
1093 104 2241 1936
1094 105 2242 1938
1095 104 2247 1940
1096 102 2250 1942
1097 95 2253 1946
1098 94 2255 1946
1099 98 2257 1948
1100 97 2259 1948
1101 95 2259 1952
1102 95 2260 1954
1103 101 2260 1954
1104 102 2262 1955
1105 106 2265 1956
1106 105 2268 1957
1107 109 2269 1958
1108 111 2271 1958
1109 108 2271 1961
1110 109 2272 1961
1111 111 2275 1962
1112 111 2278 1963
1113 120 2279 1965
1114 120 2279 1966
1115 126 2280 1967
1116 126 2280 1969
1117 126 2280 1971
1118 126 2281 1973
1119 128 2282 1976
1120 124 2284 1979
1121 129 2285 1981
1122 130 2286 1984
1123 128 2288 1986
1124 128 2289 1988
1125 132 2290 1989
1126 129 2291 1993
1127 137 2294 1994
1128 134 2296 1996
1129 138 2297 1997
1130 138 2300 1997
1131 138 2302 2001
1132 134 2306 2001
1133 130 2309 2002
1134 132 2310 2002
1135 140 2312 2004
1136 142 2313 2006
1137 137 2317 2007
1138 137 2319 2009
1139 135 2321 2011
1140 137 2322 2013
1141 136 2324 2014
1142 135 2327 2016
1143 138 2329 2017
1144 140 2331 2018
1145 146 2333 2020
1146 136 2343 2021
1147 140 2345 2021
1148 137 2346 2025
1149 140 2346 2026
1150 139 2346 2029
1151 143 2349 2030
1152 146 2349 2032
1153 146 2350 2035
1154 147 2351 2038
1155 143 2353 2044
1156 140 2356 2049
1157 146 2357 2050
1158 149 2358 2050
1159 152 2361 2052
1160 153 2362 2053
1161 165 2362 2057
1162 158 2368 2059
1163 154 2371 2060
1164 148 2376 2064
1165 145 2378 2067
1166 142 2381 2071
1167 144 2384 2076
1168 140 2387 2079
1169 144 2388 2080
1170 143 2390 2083
1171 142 2393 2087
1172 133 2397 2094
1173 129 2398 2099
1174 130 2400 2100
1175 131 2404 2101
1176 131 2408 2101
1177 127 2413 2102
1178 122 2418 2105
1179 124 2420 2107
1180 115 2421 2117
1181 114 2422 2119
1182 114 2422 2121
1183 111 2425 2121
1184 111 2429 2121
1185 108 2431 2124
1186 111 2431 2127
1187 119 2431 2127
1188 117 2434 2129
1189 116 2435 2131
1190 118 2436 2131
1191 122 2437 2132
1192 117 2440 2135
1193 131 2444 2137
1194 131 2445 2138
1195 133 2446 2139
1196 132 2448 2140
1197 133 2448 2141
1198 132 2452 2141
1199 127 2456 2144
1200 123 2460 2147
1201 125 2462 2149
1202 130 2463 2150
1203 137 2464 2152
1204 136 2466 2154
1205 134 2466 2158
1206 133 2471 2159
1207 129 2474 2160
1208 130 2474 2162
1209 133 2475 2162
1210 129 2478 2164
1211 127 2481 2167
1212 122 2485 2170
1213 122 2486 2173
1214 121 2487 2175
1215 124 2490 2175
1216 121 2493 2176
1217 119 2494 2177
1218 118 2499 2179
1219 120 2504 2180
1220 119 2507 2181
1221 120 2508 2181
1222 120 2510 2182
1223 119 2511 2184
1224 116 2513 2187
1225 115 2517 2188
1226 116 2519 2188
1227 117 2520 2190
1228 117 2522 2192
1229 117 2523 2197
1230 113 2527 2201
1231 116 2530 2203
1232 113 2532 2205
1233 118 2533 2207
1234 116 2537 2207
1235 118 2539 2209
1236 118 2540 2213
1237 119 2541 2213
1238 119 2541 2216
1239 122 2544 2220
1240 122 2547 2221
1241 119 2550 2225
1242 116 2552 2227
1243 120 2556 2227
1244 114 2558 2231
1245 109 2562 2232
1246 108 2564 2233
1247 111 2567 2233
1248 108 2570 2236
1249 109 2571 2238
1250 110 2573 2240
1251 111 2577 2241
1252 108 2580 2244
1253 106 2582 2246
1254 108 2584 2247
1255 112 2586 2247
1256 108 2588 2250
1257 108 2591 2251
1258 106 2595 2253
1259 110 2596 2254
1260 104 2603 2255
1261 107 2605 2256
1262 104 2610 2257
1263 100 2611 2260
1264 100 2613 2261
1265 104 2613 2261
1266 104 2616 2264
1267 108 2616 2264
1268 105 2620 2267
1269 106 2620 2270
1270 102 2621 2273
1271 100 2623 2275
1272 95 2628 2275
1273 93 2628 2279
1274 88 2632 2281
1275 87 2633 2283
1276 82 2635 2286
1277 83 2635 2287
1278 83 2636 2288
1279 79 2638 2290
1280 78 2638 2292
1281 76 2639 2293
1282 76 2640 2294
1283 73 2642 2295
1284 70 2645 2297
1285 73 2646 2297
1286 75 2646 2298
1287 74 2647 2300
1288 74 2648 2300
1289 75 2651 2300
1290 71 2656 2300
1291 68 2660 2301
1292 66 2661 2303
1293 64 2662 2306
1294 59 2666 2308
1295 60 2666 2309
1296 56 2668 2311
1297 55 2669 2311
1298 56 2669 2313
1299 52 2672 2314
1300 51 2674 2314
1301 51 2674 2316
1302 51 2675 2316
1303 50 2675 2317
1304 48 2677 2318
1305 50 2677 2318
1306 51 2678 2318
1307 50 2680 2319
1308 49 2681 2320
1309 51 2681 2320
1310 52 2681 2321
1311 57 2683 2322
1312 58 2683 2322
1313 58 2684 2325
1314 57 2685 2325
1315 59 2685 2325
1316 57 2686 2326
1317 56 2687 2326
1318 56 2687 2326
1319 57 2688 2328
1320 60 2688 2328
1321 62 2688 2330
1322 61 2689 2330
1323 60 2689 2331
1324 59 2690 2332
1325 59 2691 2333
1326 61 2691 2334
1327 60 2692 2334
1328 58 2692 2338
1329 59 2692 2339
1330 57 2694 2340
1331 60 2696 2341
1332 61 2696 2344
1333 65 2696 2346
1334 65 2696 2348
1335 67 2697 2349
1336 62 2700 2351
1337 60 2702 2351
1338 60 2702 2352
1339 60 2703 2353
1340 60 2703 2354
1341 65 2704 2354
1342 65 2705 2354
1343 65 2707 2354
1344 65 2708 2354
1345 64 2711 2354
1346 63 2714 2354
1347 60 2719 2354
1348 57 2721 2355
1349 56 2722 2355
1350 54 2724 2355
1351 55 2724 2356
1352 54 2725 2357
1353 54 2725 2357
1354 55 2725 2357
1355 51 2726 2360
1356 52 2726 2360
1357 49 2727 2362
1358 52 2727 2362
1359 52 2727 2362
1360 53 2728 2362
1361 55 2728 2362
1362 54 2729 2362
1363 53 2729 2363
1364 52 2731 2364
1365 52 2731 2364
1366 50 2733 2364
1367 50 2733 2366
1368 49 2735 2366
1369 50 2735 2367
1370 47 2737 2368
1371 45 2738 2371
1372 44 2739 2372
1373 47 2739 2373
1374 45 2740 2374
1375 47 2740 2374
1376 47 2741 2374
1377 48 2742 2374
1378 48 2743 2375
1379 45 2745 2376
1380 44 2746 2376
1381 44 2746 2376
1382 42 2747 2377
1383 40 2748 2378
1384 38 2748 2380
1385 36 2748 2382
1386 33 2750 2383
1387 34 2751 2383
1388 33 2753 2383
1389 33 2753 2383
1390 33 2753 2383
1391 33 2755 2383
1392 31 2757 2383
1393 31 2757 2383
1394 29 2759 2383
1395 29 2759 2383
1396 28 2759 2384
1397 27 2760 2384
1398 27 2760 2384
1399 29 2760 2384
1400 29 2760 2384
1401 29 2761 2385
1402 27 2762 2386
1403 31 2762 2386
1404 31 2762 2387
1405 32 2763 2387
1406 31 2763 2388
1407 33 2763 2388
1408 33 2763 2388
1409 33 2763 2388
1410 34 2763 2388
1411 33 2764 2388
1412 33 2765 2388
1413 31 2766 2389
1414 30 2769 2389
1415 30 2769 2389
1416 30 2769 2390
1417 33 2770 2390
1418 32 2771 2391
1419 34 2771 2391
1420 34 2771 2391
1421 33 2772 2391
1422 32 2773 2391
1423 33 2773 2392
1424 30 2774 2394
1425 29 2774 2395
1426 30 2774 2395
1427 33 2775 2395
1428 32 2775 2396
1429 31 2775 2397
1430 32 2775 2397
1431 34 2775 2397
1432 32 2775 2399
1433 32 2775 2399
1434 32 2775 2400
1435 35 2775 2401
1436 36 2775 2402
1437 36 2775 2402
1438 36 2775 2402
1439 34 2778 2403
1440 34 2778 2403
1441 35 2779 2403
1442 36 2780 2403
1443 37 2780 2404
1444 34 2781 2406
1445 38 2781 2406
1446 39 2781 2406
1447 40 2781 2407
1448 39 2783 2407
1449 39 2784 2408
1450 37 2784 2410
1451 37 2784 2410
1452 36 2784 2411
1453 40 2784 2411
1454 40 2784 2411
1455 40 2784 2411
1456 40 2784 2411
1457 40 2784 2413
1458 41 2784 2413
1459 45 2784 2413
1460 46 2784 2413
1461 47 2784 2414
1462 47 2784 2414
1463 48 2785 2414
1464 47 2785 2415
1465 46 2787 2416
1466 44 2788 2417
1467 43 2788 2418
1468 41 2789 2420
1469 41 2789 2420
1470 39 2789 2422
1471 39 2791 2422
1472 39 2792 2422
1473 41 2792 2422
1474 41 2793 2422
1475 41 2793 2422
1476 40 2795 2422
1477 40 2796 2423
1478 40 2797 2423
1479 42 2797 2423
1480 40 2799 2423
1481 39 2800 2423
1482 41 2801 2423
1483 43 2801 2423
1484 41 2801 2425
1485 40 2801 2426
1486 38 2803 2428
1487 38 2803 2428
1488 36 2805 2428
1489 40 2805 2428
1490 39 2806 2429
1491 37 2806 2431
1492 36 2806 2433
1493 36 2806 2433
1494 37 2806 2433
1495 37 2806 2433
1496 33 2809 2434
1497 34 2810 2434
1498 34 2811 2434
1499 34 2811 2434
1500 34 2811 2435
1501 34 2811 2435
1502 35 2811 2435
1503 40 2812 2437
1504 43 2812 2437
1505 44 2813 2437
1506 43 2815 2437
1507 41 2817 2437
1508 42 2817 2437
1509 41 2818 2437
1510 40 2819 2438
1511 39 2820 2438
1512 37 2821 2439
1513 35 2822 2440
1514 35 2822 2441
1515 41 2822 2441
1516 42 2823 2442
1517 40 2826 2443
1518 38 2829 2443
1519 39 2830 2443
1520 40 2831 2444
1521 38 2832 2445
1522 36 2832 2447
1523 35 2833 2447
1524 35 2833 2448
1525 35 2834 2449
1526 35 2834 2449
1527 35 2834 2449
1528 35 2835 2449
1529 39 2835 2449
1530 38 2836 2449
1531 37 2836 2450
1532 37 2836 2450
1533 40 2837 2450
1534 40 2837 2452
1535 42 2837 2452
1536 44 2837 2453
1537 45 2839 2454
1538 47 2839 2454
1539 47 2839 2454
1540 43 2841 2457
1541 43 2841 2459
1542 43 2841 2460
1543 42 2844 2460
1544 40 2846 2460
1545 43 2846 2461
1546 39 2848 2463
1547 41 2848 2465
1548 40 2849 2466
1549 38 2851 2466
1550 36 2852 2467
1551 32 2855 2468
1552 32 2855 2468
1553 32 2857 2468
1554 33 2857 2468
1555 33 2857 2470
1556 34 2857 2470
1557 33 2857 2471
1558 35 2857 2471
1559 37 2857 2471
1560 38 2858 2471
1561 42 2858 2471
1562 41 2858 2472
1563 41 2858 2472
1564 40 2859 2472
1565 45 2860 2472
1566 47 2860 2472
1567 50 2861 2472
1568 49 2862 2473
1569 47 2863 2474
1570 46 2864 2475
1571 49 2864 2476
1572 49 2864 2476
1573 46 2868 2477
1574 47 2868 2479
1575 49 2868 2479
1576 49 2868 2479
1577 53 2868 2481
1578 51 2870 2482
1579 54 2870 2483
1580 55 2870 2483
1581 51 2871 2486
1582 52 2872 2487
1583 52 2872 2489
1584 54 2872 2489
1585 56 2872 2489
1586 57 2872 2490
1587 56 2873 2492
1588 56 2873 2492
1589 56 2874 2495
1590 54 2876 2496
1591 52 2878 2496
1592 49 2878 2499
1593 49 2878 2499
1594 50 2879 2499
1595 55 2880 2499
1596 54 2880 2500
1597 62 2880 2500
1598 60 2881 2501
1599 60 2881 2501
1600 60 2881 2501
1601 59 2881 2502
1602 57 2882 2504
1603 60 2883 2506
1604 60 2883 2507
1605 60 2883 2507
1606 61 2885 2508
1607 59 2888 2509
1608 58 2891 2509
1609 57 2892 2511
1610 55 2894 2511
1611 54 2896 2512
1612 56 2896 2513
1613 59 2897 2513
1614 57 2897 2515
1615 60 2898 2515
1616 59 2898 2517
1617 61 2899 2518
1618 61 2900 2518
1619 59 2901 2519
1620 58 2902 2520
1621 57 2902 2521
1622 57 2902 2522
1623 62 2903 2522
1624 62 2905 2522
1625 65 2909 2523
1626 63 2912 2523
1627 62 2914 2524
1628 62 2915 2525
1629 62 2916 2526
1630 61 2917 2530
1631 62 2920 2530
1632 63 2920 2531
1633 62 2920 2532
1634 61 2920 2533
1635 66 2921 2533
1636 67 2921 2533
1637 69 2921 2533
1638 69 2922 2535
1639 74 2923 2537
1640 71 2925 2539
1641 71 2925 2541
1642 71 2925 2543
1643 73 2925 2543
1644 72 2927 2544
1645 75 2927 2545
1646 78 2927 2545
1647 77 2930 2545
1648 77 2930 2546
1649 80 2932 2547
1650 79 2933 2548
1651 77 2936 2549
1652 75 2937 2550
1653 79 2938 2551
1654 82 2939 2551
1655 80 2939 2553
1656 81 2940 2553
1657 81 2942 2555
1658 80 2944 2555
1659 88 2946 2557
1660 85 2949 2558
1661 87 2951 2560
1662 87 2953 2560
1663 93 2953 2562
1664 94 2953 2564
1665 95 2953 2565
1666 94 2955 2565
1667 95 2959 2566
1668 94 2960 2567
1669 95 2962 2570
1670 92 2965 2571
1671 93 2967 2572
1672 94 2968 2572
1673 97 2970 2573
1674 98 2971 2575
1675 99 2971 2576
1676 103 2971 2577
1677 102 2973 2578
1678 101 2974 2580
1679 98 2976 2583
1680 97 2976 2585
1681 97 2977 2588
1682 93 2979 2591
1683 91 2980 2592
1684 90 2982 2593
1685 84 2984 2597
1686 82 2986 2600
1687 81 2986 2603
1688 80 2988 2604
1689 79 2989 2606
1690 76 2989 2609
1691 73 2992 2609
1692 73 2992 2611
1693 74 2994 2612
1694 74 2995 2612
1695 72 2996 2613
1696 68 2999 2614
1697 66 3001 2616
1698 64 3003 2618
1699 64 3003 2618
1700 61 3006 2618
1701 58 3007 2620
1702 56 3007 2622
1703 55 3009 2623
1704 53 3010 2625
1705 56 3012 2626
1706 56 3012 2626
1707 59 3012 2627
1708 60 3012 2627
1709 63 3013 2627
1710 64 3013 2627
1711 62 3016 2628
1712 63 3017 2629
1713 62 3018 2629
1714 58 3020 2631
1715 61 3023 2631
1716 61 3026 2631
1717 66 3028 2632
1718 66 3029 2633
1719 65 3031 2634
1720 64 3033 2634
1721 63 3036 2634
1722 60 3038 2635
1723 61 3038 2636
1724 62 3038 2637
1725 58 3041 2638
1726 59 3043 2638
1727 53 3045 2642
1728 53 3046 2642
1729 54 3046 2643
1730 53 3047 2643
1731 50 3050 2643
1732 49 3050 2645
1733 46 3053 2645
1734 47 3053 2645
1735 49 3054 2646
1736 47 3056 2646
1737 49 3056 2646
1738 48 3057 2647
1739 48 3057 2647
1740 48 3057 2647
1741 49 3057 2648
1742 48 3059 2649
1743 47 3059 2650
1744 45 3060 2651
1745 46 3060 2652
1746 44 3062 2653
1747 42 3063 2654
1748 43 3063 2654
1749 41 3065 2656
1750 44 3065 2656
1751 43 3065 2657
1752 43 3065 2658
1753 41 3066 2659
1754 42 3067 2659
1755 40 3069 2659
1756 39 3070 2659
1757 40 3073 2659
1758 41 3073 2660
1759 39 3074 2661
1760 38 3074 2662
1761 38 3074 2664
1762 38 3074 2664
1763 35 3076 2665
1764 33 3076 2667
1765 30 3077 2669
1766 30 3077 2669
1767 34 3077 2669
1768 33 3077 2670
1769 35 3077 2670
1770 36 3077 2670
1771 38 3077 2670
1772 36 3078 2672
1773 37 3079 2672
1774 37 3079 2672
1775 37 3079 2672
1776 36 3082 2673
1777 35 3083 2673
1778 34 3085 2673
1779 33 3086 2675
1780 32 3087 2675
1781 34 3087 2675
1782 34 3087 2675
1783 34 3087 2675
1784 38 3087 2675
1785 39 3087 2676
1786 37 3089 2676
1787 39 3089 2676
1788 39 3090 2676
1789 40 3090 2677
1790 40 3091 2677
1791 40 3092 2678
1792 37 3094 2679
1793 37 3095 2680
1794 38 3096 2680
1795 40 3096 2680
1796 42 3096 2681
1797 40 3096 2683
1798 41 3096 2683
1799 44 3096 2684
1800 42 3097 2685
1801 43 3097 2686
1802 41 3098 2688
1803 41 3098 2688
1804 43 3098 2688
1805 43 3099 2689
1806 43 3099 2689
1807 44 3099 2690
1808 44 3099 2691
1809 43 3099 2694
1810 44 3099 2694
1811 44 3099 2696
1812 41 3101 2697
1813 42 3101 2698
1814 42 3101 2698
1815 47 3102 2698
1816 47 3103 2698
1817 50 3105 2699
1818 50 3105 2699
1819 52 3108 2700
1820 52 3109 2700
1821 51 3109 2701
1822 53 3110 2701
1823 53 3110 2701
1824 49 3111 2704
1825 50 3111 2705
1826 47 3112 2707
1827 48 3113 2707
1828 47 3113 2709
1829 48 3114 2709
1830 51 3114 2710
1831 54 3114 2711
1832 55 3114 2711
1833 59 3115 2712
1834 59 3115 2714
1835 58 3116 2714
1836 59 3116 2714
1837 57 3116 2716
1838 56 3117 2717
1839 58 3117 2717
1840 57 3118 2718
1841 58 3119 2718
1842 58 3120 2718
1843 55 3125 2718
1844 54 3125 2719
1845 53 3127 2722
1846 52 3128 2722
1847 56 3130 2722
1848 54 3134 2722
1849 51 3136 2723
1850 51 3137 2724
1851 49 3137 2728
1852 47 3139 2728
1853 45 3139 2730
1854 43 3140 2731
1855 43 3141 2732
1856 38 3144 2735
1857 43 3144 2736
1858 43 3145 2736
1859 45 3145 2736
1860 43 3146 2737
1861 43 3146 2737
1862 41 3146 2739
1863 41 3146 2739
1864 41 3146 2739
1865 39 3146 2741
1866 39 3147 2741
1867 40 3147 2742
1868 38 3148 2743
1869 40 3148 2745
1870 39 3149 2745
1871 40 3151 2746
1872 39 3152 2746
1873 39 3152 2746
1874 38 3152 2747
1875 37 3153 2747
1876 37 3153 2747
1877 35 3154 2748
1878 36 3155 2748
1879 35 3155 2749
1880 35 3156 2750
1881 39 3156 2750
1882 41 3156 2750
1883 45 3156 2750
1884 47 3156 2750
1885 51 3158 2750
1886 49 3160 2752
1887 46 3162 2753
1888 44 3163 2754
1889 42 3165 2754
1890 44 3165 2754
1891 41 3168 2754
1892 42 3168 2754
1893 40 3169 2755
1894 41 3170 2755
1895 42 3170 2756
1896 42 3170 2756
1897 44 3170 2756
1898 44 3170 2756
1899 43 3171 2756
1900 45 3171 2756
1901 48 3171 2757
1902 47 3172 2758
1903 44 3173 2760
1904 45 3173 2760
1905 49 3173 2760
1906 47 3174 2761
1907 46 3174 2764
1908 44 3175 2766
1909 44 3177 2766
1910 42 3180 2766
1911 42 3180 2766
1912 42 3180 2767
1913 46 3180 2767
1914 44 3181 2769
1915 43 3182 2771
1916 42 3183 2771
1917 40 3184 2772
1918 38 3186 2772
1919 39 3187 2772
1920 38 3188 2772
1921 38 3188 2772
1922 37 3189 2772
1923 40 3189 2773
1924 38 3189 2776
1925 40 3189 2776
1926 40 3189 2776
1927 38 3190 2779
1928 38 3190 2779
1929 37 3192 2780
1930 36 3193 2780
1931 37 3194 2780
1932 38 3194 2780
1933 42 3194 2780
1934 40 3196 2780
1935 41 3196 2781
1936 41 3196 2782
1937 40 3197 2782
1938 37 3200 2782
1939 34 3201 2784
1940 34 3201 2784
1941 32 3202 2785
1942 32 3204 2785
1943 30 3205 2786
1944 30 3205 2786
1945 32 3205 2786
1946 32 3205 2786
1947 31 3206 2786
1948 32 3206 2786
1949 29 3207 2788
1950 28 3208 2788
1951 27 3209 2788
1952 26 3209 2789
1953 26 3209 2789
1954 27 3209 2789
1955 26 3209 2790
1956 26 3209 2790
1957 28 3209 2790
1958 25 3211 2792
1959 25 3211 2792
1960 25 3211 2792
1961 25 3213 2792
1962 27 3213 2792
1963 27 3213 2792
1964 23 3216 2793
1965 21 3217 2794
1966 21 3217 2794
1967 23 3217 2794
1968 26 3217 2795
1969 28 3218 2796
1970 30 3218 2796
1971 32 3218 2796
1972 33 3218 2797
1973 32 3218 2798
1974 31 3219 2799
1975 36 3220 2799
1976 36 3221 2799
1977 37 3221 2800
1978 39 3221 2800
1979 38 3221 2801
1980 38 3222 2801
1981 44 3222 2801
1982 43 3223 2802
1983 43 3223 2804
1984 43 3225 2804
1985 44 3226 2804
1986 43 3226 2805
1987 45 3226 2805
1988 45 3227 2806
1989 45 3227 2806
1990 46 3227 2806
1991 46 3227 2806
1992 45 3228 2807
1993 41 3231 2808
1994 38 3232 2810
1995 36 3232 2812
1996 36 3232 2812
1997 38 3234 2812
1998 38 3234 2812
1999 40 3234 2812
2000 42 3235 2812
2001 46 3235 2812
2002 44 3236 2814
2003 43 3237 2814
2004 39 3239 2817
2005 41 3239 2817
2006 41 3239 2817
2007 45 3239 2817
2008 44 3240 2817
2009 45 3240 2818
2010 45 3240 2818
2011 48 3242 2819
2012 48 3243 2819
2013 44 3245 2821
2014 42 3246 2822
2015 42 3247 2823
2016 43 3247 2823
2017 45 3247 2823
2018 48 3247 2823
2019 48 3247 2825
2020 48 3247 2825
2021 47 3248 2825
2022 45 3249 2827
2023 46 3249 2828
2024 44 3252 2829
2025 43 3253 2829
2026 44 3253 2830
2027 43 3255 2831
2028 44 3255 2831
2029 45 3258 2831
2030 46 3258 2831
2031 48 3258 2831
2032 49 3258 2831
2033 45 3260 2833
2034 46 3260 2833
2035 52 3262 2833
2036 52 3263 2833
2037 50 3265 2833
2038 51 3265 2833
2039 54 3266 2833
2040 53 3267 2833
2041 53 3269 2833
2042 54 3269 2833
2043 57 3270 2833
2044 56 3271 2835
2045 56 3273 2835
2046 58 3274 2835
2047 62 3275 2836
2048 61 3275 2837
2049 65 3277 2837
2050 62 3278 2839
2051 61 3279 2839
2052 60 3280 2840
2053 58 3281 2843
2054 56 3283 2844
2055 52 3284 2847
2056 52 3285 2848
2057 56 3287 2848
2058 59 3287 2849
2059 59 3287 2849
2060 55 3289 2851
2061 52 3292 2851
2062 50 3294 2852
2063 49 3294 2853
2064 50 3294 2853
2065 50 3294 2855
2066 52 3294 2855
2067 54 3296 2857
2068 52 3298 2857
2069 50 3299 2858
2070 48 3301 2858
2071 47 3302 2858
2072 46 3302 2859
2073 44 3303 2860
2074 44 3303 2861
2075 45 3304 2861
2076 45 3304 2861
2077 47 3305 2862
2078 46 3306 2862
2079 50 3306 2862
2080 50 3306 2862
2081 53 3306 2863
2082 52 3309 2863
2083 53 3309 2864
2084 51 3312 2864
2085 54 3313 2864
2086 49 3316 2866
2087 49 3318 2866
2088 49 3319 2866
2089 50 3320 2866
2090 49 3321 2868
2091 50 3323 2869
2092 48 3324 2871
2093 48 3326 2871
2094 48 3327 2871
2095 51 3327 2872
2096 50 3329 2872
2097 52 3329 2872
2098 48 3334 2874
2099 49 3334 2875
2100 46 3335 2877
2101 47 3336 2877
2102 47 3337 2877
2103 46 3337 2878
2104 47 3337 2878
2105 48 3337 2879
2106 48 3337 2880
2107 46 3339 2882
2108 47 3340 2882
2109 48 3340 2885
2110 49 3340 2887
2111 49 3342 2887
2112 48 3343 2888
2113 45 3344 2890
2114 44 3345 2890
2115 43 3346 2890
2116 41 3346 2892
2117 45 3346 2892
2118 43 3347 2894
2119 42 3347 2895
2120 41 3348 2895
2121 44 3350 2896
2122 42 3351 2898
2123 45 3352 2898
2124 44 3353 2898
2125 43 3353 2899
2126 43 3353 2899
2127 42 3353 2900
2128 41 3353 2901
2129 43 3353 2901
2130 42 3354 2901
2131 41 3354 2902
2132 40 3355 2902
2133 38 3355 2904
2134 37 3357 2904
2135 36 3360 2904
2136 35 3360 2905
2137 36 3360 2906
2138 37 3360 2906
2139 40 3360 2907
2140 38 3363 2909
2141 37 3364 2909
2142 37 3364 2910
2143 40 3365 2910
2144 41 3365 2911
2145 43 3367 2911
2146 41 3369 2911
2147 44 3370 2911
2148 44 3371 2911
2149 45 3371 2912
2150 42 3373 2913
2151 42 3373 2915
2152 36 3377 2917
2153 35 3378 2917
2154 36 3379 2917
2155 42 3379 2917
2156 40 3380 2918
2157 42 3380 2918
2158 41 3381 2920
2159 45 3381 2920
2160 44 3381 2922
2161 40 3384 2923
2162 39 3384 2925
2163 41 3385 2926
2164 40 3385 2928
2165 39 3385 2929
2166 39 3385 2930
2167 37 3386 2931
2168 36 3387 2931
2169 37 3388 2931
2170 37 3388 2931
2171 36 3389 2931
2172 35 3390 2932
2173 32 3391 2934
2174 33 3391 2934
2175 35 3392 2935
2176 34 3392 2936
2177 34 3392 2936
2178 32 3394 2936
2179 34 3394 2936
2180 32 3395 2937
2181 38 3396 2938
2182 36 3398 2939
2183 35 3399 2939
2184 36 3399 2939
2185 35 3400 2939
2186 34 3400 2940
2187 34 3402 2940
2188 34 3403 2940
2189 35 3404 2940
2190 32 3405 2942
2191 36 3405 2942
2192 35 3407 2943
2193 32 3409 2944
2194 32 3409 2944
2195 32 3411 2944
2196 32 3412 2944
2197 31 3413 2944
2198 32 3413 2944
2199 31 3413 2945
2200 32 3413 2946
2201 33 3414 2946
2202 33 3414 2946
2203 32 3414 2947
2204 32 3414 2948
2205 35 3415 2948
2206 35 3415 2948
2207 34 3416 2948
2208 34 3417 2949
2209 32 3418 2950
2210 32 3418 2950
2211 31 3419 2950
2212 29 3419 2952
2213 33 3419 2952
2214 32 3420 2952
2215 34 3420 2952
2216 32 3421 2953
2217 32 3421 2953
2218 31 3422 2953
2219 29 3423 2954
2220 30 3423 2954
2221 32 3423 2954
2222 32 3423 2954
2223 31 3424 2954
2224 32 3425 2954
2225 31 3425 2955
2226 31 3425 2955
2227 30 3426 2955
2228 29 3426 2957
2229 30 3427 2957
2230 29 3427 2958
2231 31 3427 2958
2232 31 3427 2959
2233 30 3430 2959
2234 29 3431 2960
2235 30 3431 2961
2236 30 3431 2961
2237 34 3431 2961
2238 32 3433 2961
2239 33 3433 2962
2240 34 3433 2962
2241 38 3433 2962
2242 39 3433 2962
2243 38 3433 2963
2244 38 3433 2963
2245 39 3433 2964
2246 39 3433 2964
2247 41 3433 2964
2248 38 3434 2966
2249 35 3437 2966
2250 35 3438 2966
2251 38 3439 2966
2252 40 3439 2966
2253 40 3442 2967
2254 40 3443 2967
2255 39 3444 2967
2256 36 3446 2970
2257 37 3446 2971
2258 38 3446 2972
2259 37 3447 2972
2260 39 3447 2972
2261 39 3447 2974
2262 39 3448 2974
2263 40 3449 2974
2264 40 3449 2974
2265 42 3449 2974
2266 40 3449 2976
2267 37 3450 2978
2268 36 3451 2979
2269 36 3453 2979
2270 39 3453 2979
2271 40 3454 2979
2272 41 3454 2979
2273 40 3456 2980
2274 38 3457 2981
2275 37 3458 2983
2276 39 3458 2983
2277 41 3460 2983
2278 42 3460 2983
2279 40 3460 2985
2280 41 3460 2986
2281 47 3461 2987
2282 47 3462 2987
2283 48 3464 2988
2284 43 3466 2991
2285 46 3467 2991
2286 46 3467 2991
2287 53 3468 2991
2288 53 3468 2993
2289 52 3468 2994
2290 52 3468 2995
2291 53 3469 2995
2292 52 3470 2995
2293 57 3471 2995
2294 55 3472 2997
2295 55 3472 2997
2296 55 3472 2998
2297 56 3474 2999
2298 56 3474 3000
2299 56 3474 3000
2300 55 3474 3001
2301 53 3475 3002
2302 54 3475 3003
2303 54 3475 3003
2304 54 3475 3004
2305 57 3476 3004
2306 57 3477 3004
2307 60 3480 3004
2308 58 3482 3004
2309 57 3484 3005
2310 58 3484 3005
2311 55 3488 3006
2312 54 3488 3007
2313 57 3488 3008
2314 58 3488 3009
2315 64 3488 3009
2316 61 3489 3011
2317 62 3492 3011
2318 61 3492 3013
2319 60 3492 3014
2320 59 3492 3015
2321 57 3493 3016
2322 57 3493 3016
2323 66 3493 3017
2324 65 3493 3018
2325 62 3494 3020
2326 61 3494 3021
2327 59 3494 3023
2328 57 3496 3023
2329 56 3497 3023
2330 54 3498 3024
2331 50 3500 3026
2332 49 3500 3027
2333 51 3500 3027
2334 50 3500 3028
2335 51 3501 3028
2336 50 3502 3028
2337 54 3503 3029
2338 56 3503 3029
2339 65 3503 3030
2340 63 3504 3033
2341 62 3505 3033
2342 60 3506 3034
2343 61 3506 3035
2344 61 3506 3036
2345 60 3508 3037
2346 59 3508 3039
2347 57 3510 3039
2348 58 3510 3039
2349 55 3512 3040
2350 53 3515 3040
2351 55 3515 3040
2352 53 3516 3041
2353 53 3517 3042
2354 53 3519 3042
2355 52 3520 3042
2356 52 3520 3044
2357 55 3520 3045
2358 55 3520 3046
2359 54 3523 3046
2360 54 3523 3047
2361 56 3523 3047
2362 54 3525 3048
2363 54 3526 3049
2364 56 3527 3050
2365 58 3527 3050
2366 57 3527 3051
2367 60 3531 3052
2368 60 3531 3052
2369 62 3532 3053
2370 59 3535 3053
2371 57 3536 3054
2372 58 3538 3054
2373 59 3539 3054
2374 58 3539 3055
2375 55 3540 3057
2376 53 3541 3059
2377 56 3542 3059
2378 57 3542 3059
2379 59 3542 3059
2380 58 3542 3060
2381 58 3544 3060
2382 57 3545 3060
2383 56 3545 3061
2384 55 3545 3062
2385 52 3546 3064
2386 48 3549 3065
2387 47 3549 3066
2388 46 3549 3068
2389 43 3551 3069
2390 42 3552 3070
2391 43 3555 3070
2392 42 3556 3071
2393 45 3557 3071
2394 41 3559 3073
2395 40 3559 3074
2396 41 3559 3075
2397 41 3559 3075
2398 42 3559 3076
2399 42 3559 3076
2400 42 3560 3076
2401 41 3561 3076
2402 41 3561 3077
2403 43 3563 3077
2404 43 3564 3077
2405 45 3564 3077
2406 43 3566 3078
2407 43 3566 3078
2408 42 3567 3078
2409 43 3567 3079
2410 42 3568 3080
2411 41 3569 3080
2412 39 3570 3081
2413 40 3570 3082
2414 40 3571 3082
2415 41 3572 3082
2416 41 3572 3083
2417 43 3572 3083
2418 41 3573 3084
2419 42 3574 3084
2420 41 3574 3085
2421 42 3575 3085
2422 41 3575 3087
2423 41 3577 3087
2424 41 3578 3087
2425 40 3579 3087
2426 39 3580 3088
2427 37 3581 3089
2428 38 3581 3089
2429 35 3583 3090
2430 35 3583 3090
2431 35 3585 3090
2432 32 3586 3092
2433 36 3586 3094
2434 37 3586 3094
2435 43 3586 3094
2436 44 3586 3095
2437 41 3588 3096
2438 40 3589 3096
2439 39 3590 3096
2440 40 3591 3096
2441 37 3592 3098
2442 37 3592 3099
2443 36 3593 3099
2444 35 3593 3100
2445 35 3594 3101
2446 34 3595 3102
2447 33 3597 3103
2448 33 3597 3103
2449 35 3598 3104
2450 34 3600 3104
2451 38 3600 3104
2452 37 3601 3105
2453 37 3602 3106
2454 35 3603 3107
2455 34 3604 3107
2456 32 3605 3108
2457 34 3605 3110
2458 34 3605 3111
2459 35 3606 3111
2460 35 3606 3111
2461 36 3606 3112
2462 36 3606 3112
2463 34 3608 3112
2464 35 3609 3112
2465 34 3610 3112
2466 32 3611 3113
2467 32 3612 3114
2468 32 3612 3115
2469 31 3613 3115
2470 30 3614 3116
2471 28 3616 3116
2472 27 3618 3117
2473 27 3618 3117
2474 26 3619 3118
2475 28 3619 3118
2476 27 3620 3118
2477 29 3620 3118
2478 30 3620 3118
2479 28 3620 3120
2480 29 3620 3120
2481 27 3621 3121
2482 26 3621 3123
2483 27 3621 3124
2484 27 3621 3124
2485 27 3621 3124
2486 26 3622 3124
2487 27 3623 3124
2488 27 3623 3124
2489 26 3623 3125
2490 26 3624 3125
2491 25 3625 3125
2492 24 3626 3125
2493 21 3628 3126
2494 22 3628 3126
2495 22 3628 3126
2496 21 3628 3127
2497 19 3630 3127
2498 20 3630 3127
2499 19 3631 3127
2500 19 3631 3127
2501 19 3631 3127
2502 18 3631 3128
2503 18 3631 3128
2504 18 3631 3128
2505 18 3631 3128
2506 15 3632 3130
2507 15 3632 3130
2508 15 3632 3130
2509 14 3632 3131
2510 12 3633 3132
2511 14 3633 3132
2512 16 3633 3132
2513 18 3633 3132
2514 17 3634 3132
2515 19 3634 3132
2516 19 3634 3132
2517 18 3635 3132
2518 18 3635 3132
2519 17 3636 3132
2520 17 3636 3132
2521 19 3636 3132
2522 19 3636 3133
2523 21 3636 3133
2524 21 3637 3133
2525 20 3637 3134
2526 19 3638 3134
2527 21 3638 3134
2528 21 3638 3135
2529 19 3638 3137
2530 18 3638 3138
2531 17 3639 3138
2532 17 3639 3138
2533 17 3639 3138
2534 16 3640 3138
2535 18 3640 3138
2536 18 3640 3138
2537 16 3642 3138
2538 17 3642 3138
2539 15 3643 3139
2540 15 3643 3140
2541 15 3643 3140
2542 14 3644 3140
2543 13 3645 3140
2544 14 3645 3140
2545 16 3645 3140
2546 16 3645 3140
2547 16 3645 3140
2548 15 3646 3140
2549 15 3646 3140
2550 14 3647 3140
2551 18 3647 3140
2552 18 3647 3140
2553 20 3647 3140
2554 18 3648 3141
2555 18 3648 3141
2556 18 3648 3141
2557 17 3649 3141
2558 17 3649 3141
2559 21 3649 3141
2560 21 3649 3141
2561 21 3649 3141
2562 20 3650 3141
2563 21 3651 3141
2564 21 3651 3141
2565 20 3652 3141
2566 19 3653 3141
2567 19 3653 3141
2568 19 3653 3141
2569 19 3653 3141
2570 19 3653 3141
2571 19 3653 3141
2572 18 3654 3141
2573 18 3654 3141
2574 18 3654 3142
2575 18 3654 3142
2576 18 3654 3142
2577 16 3656 3142
2578 15 3656 3143
2579 14 3656 3144
2580 15 3656 3145
2581 16 3656 3146
2582 17 3656 3147
2583 15 3656 3149
2584 15 3656 3149
2585 14 3657 3149
2586 14 3657 3149
2587 14 3657 3149
2588 14 3657 3149
2589 20 3657 3149
2590 18 3658 3150
2591 17 3659 3150
2592 17 3659 3150
2593 18 3659 3151
2594 18 3659 3151
2595 20 3659 3151
2596 20 3659 3151
2597 21 3659 3152
2598 21 3660 3152
2599 22 3660 3153
2600 21 3661 3153
2601 23 3661 3155
2602 23 3661 3155
2603 27 3661 3155
2604 27 3661 3155
2605 29 3661 3155
2606 32 3661 3155
2607 32 3661 3155
2608 33 3661 3155
2609 37 3661 3155
2610 38 3661 3155
2611 38 3662 3156
2612 39 3662 3156
2613 42 3663 3156
2614 39 3665 3157
2615 38 3665 3158
2616 39 3666 3158
2617 36 3669 3158
2618 36 3671 3158
2619 39 3671 3159
2620 38 3671 3160
2621 39 3672 3160
2622 37 3675 3160
2623 34 3677 3161
2624 34 3677 3161
2625 34 3679 3161
2626 31 3682 3161
2627 29 3683 3162
2628 28 3684 3163
2629 28 3684 3163
2630 30 3684 3163
2631 30 3684 3163
2632 30 3684 3163
2633 29 3685 3163
2634 28 3687 3163
2635 27 3688 3163
2636 25 3688 3165
2637 24 3689 3165
2638 22 3692 3165
2639 24 3692 3165
2640 23 3692 3166
2641 24 3692 3167
2642 25 3692 3167
2643 26 3692 3168
2644 26 3693 3168
2645 27 3693 3169
2646 27 3693 3169
2647 26 3694 3169
2648 23 3695 3171
2649 21 3696 3172
2650 21 3697 3172
2651 23 3698 3173
2652 22 3699 3173
2653 21 3699 3174
2654 22 3699 3174
2655 22 3699 3174
2656 22 3699 3174
2657 19 3702 3174
2658 19 3703 3174
2659 17 3704 3175
2660 18 3704 3175
2661 18 3704 3175
2662 18 3704 3175
2663 18 3704 3175
2664 18 3704 3176
2665 19 3705 3176
2666 20 3705 3176
2667 20 3705 3176
2668 21 3705 3176
2669 21 3706 3177
2670 20 3706 3178
2671 21 3707 3178
2672 22 3708 3178
2673 20 3709 3179
2674 19 3710 3179
2675 21 3710 3179
2676 21 3710 3179
2677 21 3710 3179
2678 22 3710 3179
2679 21 3710 3180
2680 22 3710 3180
2681 21 3710 3181
2682 20 3710 3182
2683 20 3710 3182
2684 20 3710 3182
2685 23 3710 3183
2686 24 3710 3183
2687 21 3710 3186
2688 19 3711 3187
2689 21 3711 3187
2690 21 3712 3187
2691 21 3714 3187
2692 20 3714 3188
2693 22 3714 3188
2694 23 3714 3188
2695 23 3714 3188
2696 24 3714 3188
2697 23 3714 3189
2698 22 3714 3190
2699 20 3715 3191
2700 18 3717 3191
2701 17 3718 3191
2702 17 3718 3191
2703 17 3718 3191
2704 16 3718 3192
2705 16 3718 3192
2706 17 3718 3192
2707 16 3719 3192
2708 15 3720 3192
2709 15 3720 3192
2710 15 3720 3192
2711 14 3721 3192
2712 15 3721 3192
2713 15 3721 3192
2714 15 3721 3192
2715 15 3721 3192
2716 14 3722 3192
2717 16 3722 3192
2718 17 3722 3192
2719 19 3722 3192
2720 19 3722 3192
2721 17 3723 3193
2722 17 3723 3193
2723 19 3723 3193
2724 20 3723 3193
2725 20 3723 3193
2726 21 3723 3193
2727 21 3723 3193
2728 21 3723 3193
2729 23 3723 3193
2730 23 3723 3193
2731 24 3723 3194
2732 24 3724 3195
2733 23 3724 3196
2734 21 3725 3198
2735 21 3725 3198
2736 21 3726 3198
2737 21 3726 3198
2738 20 3726 3199
2739 19 3726 3200
2740 18 3728 3200
2741 22 3728 3200
2742 22 3728 3201
2743 25 3729 3201
2744 24 3730 3201
2745 24 3730 3201
2746 24 3731 3201
2747 23 3732 3201
2748 22 3734 3201
2749 20 3735 3202
2750 20 3735 3202
2751 17 3736 3204
2752 17 3737 3204
2753 17 3737 3204
2754 17 3737 3204
2755 14 3739 3205
2756 15 3739 3205
2757 14 3740 3205
2758 14 3740 3205
2759 14 3740 3205
2760 12 3741 3206
2761 10 3743 3206
2762 9 3743 3207
2763 9 3743 3207
2764 11 3743 3207
2765 11 3743 3207
2766 10 3743 3208
2767 12 3743 3208
2768 12 3743 3208
2769 12 3743 3208
2770 12 3743 3208
2771 13 3744 3208
2772 13 3744 3208
2773 12 3744 3209
2774 13 3744 3209
2775 13 3744 3209
2776 13 3744 3209
2777 13 3744 3209
2778 13 3744 3209
2779 13 3744 3209
2780 13 3744 3209
2781 14 3744 3210
2782 13 3745 3210
2783 16 3746 3210
2784 17 3746 3210
2785 17 3746 3210
2786 17 3746 3210
2787 19 3746 3210
2788 18 3746 3212
2789 17 3746 3213
2790 18 3746 3213
2791 18 3746 3213
2792 19 3746 3213
2793 20 3746 3214
2794 20 3746 3214
2795 19 3747 3214
2796 19 3747 3214
2797 16 3749 3215
2798 14 3750 3216
2799 12 3752 3216
2800 11 3752 3217
2801 11 3752 3217
2802 11 3752 3217
2803 11 3752 3217
2804 10 3752 3218
2805 8 3753 3219
2806 8 3753 3219
2807 8 3753 3219
2808 8 3753 3219
2809 8 3753 3219
2810 7 3754 3219
2811 7 3754 3219
2812 7 3754 3219
2813 6 3755 3219
2814 6 3755 3219
2815 6 3755 3219
2816 5 3756 3219
2817 5 3756 3219
2818 5 3756 3219
2819 4 3756 3220
2820 4 3756 3220
2821 4 3756 3220
2822 4 3756 3220
2823 4 3756 3220
2824 3 3756 3221
2825 3 3756 3221
2826 2 3756 3222
2827 2 3756 3222
2828 2 3756 3222
2829 1 3756 3223
2830 1 3756 3223
2831 1 3756 3223
2832 1 3756 3223
2833 1 3756 3223
2834 1 3756 3223
2835 1 3756 3223
2836 1 3756 3223
2837 1 3756 3223
2838 1 3756 3223
2839 1 3756 3223
2840 2 3756 3223
2841 4 3756 3223
2842 4 3756 3223
2843 4 3756 3223
2844 5 3756 3223
2845 4 3756 3224
2846 4 3756 3224
2847 3 3756 3225
2848 3 3756 3225
2849 3 3756 3225
2850 3 3756 3225
2851 3 3756 3225
2852 3 3756 3225
2853 3 3756 3225
2854 3 3756 3225
2855 2 3757 3225
2856 2 3757 3225
2857 2 3757 3225
2858 2 3757 3225
2859 2 3757 3225
2860 2 3757 3225
2861 2 3757 3225
2862 2 3757 3225
2863 2 3757 3225
2864 1 3757 3226
2865 1 3757 3226
2866 1 3757 3226
2867 1 3757 3226
2868 1 3757 3226
2869 1 3757 3226
2870 1 3757 3226
2871 1 3757 3226
2872 1 3757 3226
2873 0 3757 3227
