0 50 0 0
1 46 3 1
2 45 4 1
3 42 4 4
4 43 5 6
5 48 5 7
6 47 6 10
7 46 8 11
8 47 8 12
9 47 9 13
10 45 10 15
11 45 11 16
12 45 12 17
13 49 13 18
14 48 13 19
15 51 13 20
16 52 13 20
17 50 14 21
18 47 16 22
19 46 17 24
20 46 17 26
21 47 17 27
22 43 21 28
23 43 21 28
24 42 22 29
25 42 22 29
26 42 22 29
27 44 22 29
28 45 22 29
29 47 22 29
30 49 22 29
31 48 22 32
32 49 22 33
33 51 22 33
34 52 22 33
35 55 23 33
36 55 24 33
37 52 25 35
38 49 27 37
39 48 27 38
40 47 28 39
41 45 29 40
42 45 30 40
43 51 32 40
44 54 32 40
45 58 34 40
46 58 34 40
47 59 35 40
48 58 36 40
49 65 36 41
50 64 36 44
51 64 38 44
52 60 41 45
53 61 44 47
54 56 46 50
55 52 52 50
56 54 52 50
57 56 53 51
58 56 54 51
59 56 57 52
60 56 58 53
61 55 58 54
62 56 58 56
63 53 61 56
64 51 62 57
65 49 64 57
66 50 64 57
67 50 64 59
68 50 65 59
69 48 66 60
70 48 66 61
71 44 68 63
72 43 69 63
73 42 70 63
74 43 70 63
75 44 70 64
76 43 70 65
77 43 70 65
78 42 70 66
79 43 70 67
80 41 71 68
81 42 72 68
82 40 74 68
83 41 74 69
84 42 74 69
85 42 74 69
86 42 75 70
87 42 76 71
88 41 77 71
89 39 79 71
90 37 80 72
91 36 80 73
92 37 80 73
93 35 82 73
94 34 82 74
95 31 84 75
96 33 84 75
97 35 86 75
98 34 87 76
99 33 87 77
100 32 88 77
101 30 90 77
102 31 91 78
103 33 91 78
104 34 91 78
105 32 93 78
106 32 93 78
107 34 93 78
108 32 95 79
109 29 97 80
110 29 97 80
111 30 97 81
112 30 97 81
113 34 97 81
114 35 97 81
115 34 98 81
116 33 99 81
117 30 101 82
118 30 102 82
119 29 103 82
120 27 104 83
121 26 104 84
122 25 105 84
123 24 105 85
124 25 105 85
125 24 105 86
126 23 106 86
127 23 106 86
128 21 108 86
129 21 108 86
130 21 108 86
131 21 108 86
132 21 108 87
133 23 108 87
134 23 108 87
135 23 108 87
136 21 110 87
137 21 111 88
138 20 112 88
139 22 112 88
140 21 112 89
141 23 112 89
142 22 113 89
143 19 116 89
144 20 117 89
145 19 118 89
146 17 118 91
147 19 118 91
148 19 119 91
149 21 119 91
150 20 119 92
151 19 119 93
152 19 119 93
153 19 119 93
154 18 119 94
155 19 119 95
156 19 119 95
157 21 119 95
158 20 120 95
159 18 122 95
160 19 122 95
161 19 122 95
162 19 122 95
163 21 122 95
164 20 122 96
165 20 122 96
166 19 123 96
167 21 123 96
168 20 124 96
169 19 125 96
170 19 125 96
171 19 125 96
172 20 125 96
173 22 125 96
174 22 125 96
175 21 125 97
176 19 126 98
177 18 126 99
178 18 126 99
179 17 126 100
180 15 127 101
181 17 127 101
182 17 127 102
183 19 127 102
184 18 127 103
185 15 129 104
186 16 130 104
187 18 130 104
188 18 130 104
189 20 130 104
190 20 130 104
191 19 130 105
192 18 131 105
193 17 131 106
194 17 131 106
195 17 131 106
196 17 132 106
197 19 132 106
198 18 133 106
199 22 133 106
200 20 135 106
201 19 135 107
202 19 135 107
203 19 135 107
204 19 135 107
205 21 135 107
206 20 136 107
207 22 136 107
208 22 136 108
209 23 136 109
210 23 136 109
211 24 137 109
212 23 138 109
213 21 139 110
214 21 139 110
215 23 139 110
216 23 139 110
217 18 141 113
218 17 142 113
219 19 142 113
220 15 144 115
221 13 146 115
222 13 146 115
223 12 147 115
224 11 147 116
225 11 147 116
226 11 147 116
227 11 147 116
228 11 147 116
229 9 148 117
230 10 148 117
231 10 148 117
232 10 148 117
233 12 148 117
234 13 148 117
235 13 148 117
236 14 148 117
237 11 148 120
238 9 149 121
239 9 149 121
240 9 149 121
241 9 149 121
242 10 149 121
243 10 149 121
244 10 149 121
245 10 149 121
246 9 150 121
247 8 150 122
248 7 151 122
249 7 151 122
250 6 151 123
251 6 151 123
252 6 151 123
253 8 151 123
254 9 151 123
255 9 151 123
256 9 151 123
257 7 152 124
258 7 152 124
259 7 152 124
260 7 152 124
261 7 152 124
262 8 152 124
263 10 152 124
264 11 152 124
265 9 153 125
266 9 153 125
267 11 153 125
268 11 153 125
269 11 153 125
270 10 153 126
271 10 153 126
272 11 153 126
273 11 153 126
274 10 154 126
275 9 154 127
276 8 155 127
277 8 155 127
278 8 155 127
279 8 155 127
280 8 155 127
281 7 155 128
282 7 155 128
283 9 155 128
284 9 155 128
285 9 155 128
286 8 155 129
287 8 155 129
288 7 156 129
289 7 156 129
290 7 156 129
291 6 156 130
292 7 156 130
293 7 156 130
294 7 156 130
295 7 156 130
296 7 156 130
297 7 156 130
298 7 156 130
299 7 156 130
300 7 156 130
301 7 156 130
302 6 157 130
303 8 157 130
304 8 157 130
305 8 157 130
306 8 157 130
307 7 158 130
308 8 158 130
309 8 158 130
310 8 158 130
311 8 158 130
312 8 158 130
313 8 158 130
314 9 158 130
315 9 158 130
316 9 158 130
317 9 158 130
318 9 158 130
319 11 158 130
320 11 158 130
321 11 158 130
322 11 158 130
323 11 158 130
324 11 158 131
325 10 159 131
326 10 159 131
327 10 159 131
328 10 159 131
329 9 159 132
330 9 159 132
331 9 159 132
332 9 159 132
333 11 159 132
334 11 159 132
335 9 160 133
336 9 160 133
337 9 160 133
338 7 161 134
339 7 161 134
340 6 162 134
341 4 163 135
342 4 163 135
343 6 163 135
344 6 163 135
345 6 163 135
346 7 163 135
347 7 163 135
348 7 163 135
349 6 164 135
350 6 164 135
351 6 164 135
352 6 164 135
353 6 164 135
354 5 165 135
355 5 165 135
356 5 165 135
357 5 165 135
358 5 165 135
359 5 165 135
360 5 165 135
361 4 166 135
362 4 166 135
363 4 166 135
364 4 166 136
365 4 166 136
366 3 167 136
367 3 167 136
368 2 168 136
369 2 168 136
370 2 168 136
371 2 168 136
372 2 168 136
373 2 168 136
374 3 168 136
375 3 168 136
376 3 168 136
377 3 168 136
378 3 168 136
379 3 168 136
380 3 168 136
381 3 168 136
382 3 168 136
383 3 168 136
384 3 168 136
385 3 168 136
386 3 168 136
387 3 168 136
388 3 168 136
389 5 168 136
390 5 168 136
391 5 168 136
392 5 168 136
393 7 168 136
394 7 168 136
395 7 168 136
396 7 168 136
397 11 168 136
398 11 168 136
399 11 168 136
400 11 168 136
401 11 168 136
402 11 168 136
403 11 168 136
404 11 168 136
405 10 169 136
406 11 169 136
407 11 169 136
408 11 169 136
409 11 169 136
410 12 169 136
411 12 169 136
412 12 169 136
413 13 169 137
414 13 169 137
415 13 169 137
416 13 169 137
417 13 169 137
418 13 170 137
419 15 170 137
420 15 170 137
421 17 170 137
422 18 170 137
423 18 170 139
424 17 170 140
425 17 170 140
426 18 171 140
427 18 171 140
428 17 172 140
429 17 172 140
430 16 172 141
431 16 172 141
432 15 172 142
433 17 172 142
434 15 174 142
435 15 174 142
436 14 175 142
437 13 176 142
438 13 176 142
439 15 176 142
440 14 177 142
441 13 177 143
442 13 177 143
443 15 178 144
444 15 178 144
445 17 178 144
446 18 178 144
447 19 178 145
448 20 178 146
449 20 178 146
450 19 178 147
451 18 179 147
452 17 180 147
453 16 181 147
454 16 181 147
455 16 181 147
456 17 181 147
457 16 181 148
458 15 181 149
459 15 181 149
460 15 181 149
461 14 181 150
462 15 181 150
463 15 181 150
464 13 183 150
465 11 185 150
466 11 185 150
467 11 185 150
468 10 185 151
469 8 187 151
470 8 187 151
471 10 187 151
472 10 187 151
473 10 187 151
474 10 187 151
475 12 187 151
476 12 187 151
477 14 187 151
478 14 187 151
479 13 187 152
480 14 187 152
481 14 187 152
482 14 187 152
483 14 187 152
484 13 187 153
485 13 187 153
486 13 187 153
487 13 187 153
488 13 187 153
489 15 187 153
490 14 187 154
491 16 187 154
492 19 187 154
493 19 187 154
494 18 188 154
495 20 188 154
496 19 189 154
497 19 189 154
498 19 189 154
499 21 189 154
500 21 189 154
501 21 189 154
502 20 190 154
503 19 191 154
504 21 191 154
505 20 191 155
506 19 192 155
507 23 192 155
508 23 192 155
509 23 192 155
510 24 192 155
511 24 192 155
512 25 192 155
513 26 192 156
514 26 192 156
515 25 192 157
516 24 192 158
517 23 193 158
518 23 194 158
519 19 197 159
520 20 197 159
521 20 197 159
522 21 197 159
523 21 197 159
524 19 198 160
525 19 198 160
526 19 198 160
527 18 198 161
528 17 198 162
529 15 199 163
530 16 199 163
531 16 199 163
532 14 200 164
533 14 202 164
534 14 202 164
535 15 203 164
536 15 203 164
537 15 203 164
538 14 203 165
539 14 203 165
540 14 203 165
541 14 203 165
542 14 203 165
543 13 204 165
544 13 204 165
545 13 204 165
546 12 204 166
547 11 204 167
548 11 204 167
549 11 204 167
550 11 204 167
551 11 204 167
552 12 204 167
553 14 204 167
554 14 204 167
555 14 204 167
556 14 204 167
557 15 204 168
558 15 205 168
559 13 207 168
560 12 207 169
561 12 207 169
562 11 207 170
563 11 207 170
564 10 207 171
565 10 207 171
566 10 207 171
567 10 207 171
568 11 207 171
569 11 207 171
570 11 207 171
571 10 208 171
572 10 208 171
573 10 208 171
574 10 208 171
575 9 209 171
576 9 209 171
577 9 209 171
578 9 209 171
579 9 209 171
580 9 209 171
581 11 209 171
582 12 209 171
583 12 209 171
584 12 209 171
585 14 209 171
586 13 209 172
587 13 209 172
588 13 209 172
589 14 210 172
590 16 210 172
591 16 210 172
592 15 211 172
593 15 211 172
594 15 212 172
595 15 212 172
596 14 213 172
597 16 213 172
598 15 214 172
599 15 214 172
600 15 214 172
601 15 214 172
602 15 214 172
603 15 214 172
604 15 214 172
605 15 214 172
606 13 215 173
607 13 215 173
608 13 215 173
609 14 215 174
610 14 216 174
611 16 216 174
612 17 216 174
613 19 216 174
614 21 216 174
615 21 216 174
616 22 216 174
617 26 216 174
618 25 217 174
619 29 217 174
620 28 217 175
621 28 217 175
622 28 217 176
623 30 217 176
624 31 218 177
625 31 218 177
626 31 218 177
627 30 218 178
628 30 218 178
629 30 220 178
630 31 220 178
631 31 220 178
632 33 220 178
633 33 220 178
634 33 220 179
635 36 221 179
636 36 222 180
637 48 222 180
638 47 222 181
639 46 222 182
640 45 223 182
641 47 225 182
642 47 225 182
643 48 226 182
644 49 226 183
645 55 227 184
646 56 227 184
647 54 231 184
648 50 232 187
649 50 232 187
650 51 232 187
651 50 232 188
652 50 234 188
653 49 234 189
654 52 234 190
655 49 235 192
656 49 235 192
657 48 235 193
658 48 235 194
659 49 236 194
660 50 236 195
661 49 237 195
662 49 237 195
663 49 237 195
664 49 237 196
665 49 238 197
666 49 238 197
667 53 240 197
668 49 243 198
669 47 245 198
670 49 245 198
671 46 247 199
672 46 248 199
673 50 250 199
674 47 252 200
675 46 252 201
676 45 253 201
677 45 254 202
678 44 256 203
679 42 258 203
680 43 258 203
681 42 259 203
682 36 263 205
683 39 264 205
684 39 264 205
685 38 264 206
686 35 265 208
687 35 265 210
688 33 266 211
689 31 268 211
690 30 270 211
691 30 270 211
692 30 270 212
693 28 271 213
694 29 271 213
695 31 271 213
696 32 271 213
697 34 271 213
698 34 271 213
699 36 273 213
700 36 274 213
701 36 274 213
702 35 274 214
703 36 275 214
704 37 276 214
705 36 277 214
706 36 277 215
707 36 277 215
708 37 277 215
709 39 277 215
710 37 279 215
711 36 281 216
712 35 282 216
713 35 282 218
714 37 282 219
715 37 284 219
716 34 287 219
717 36 287 219
718 36 288 220
719 39 289 220
720 39 289 220
721 39 289 220
722 37 291 220
723 35 292 221
724 36 293 221
725 39 294 221
726 41 294 221
727 41 294 221
728 38 296 222
729 36 296 224
730 36 297 224
731 34 297 226
732 33 298 226
733 32 299 226
734 32 299 227
735 29 300 229
736 29 301 229
737 26 303 230
738 27 303 230
739 27 303 230
740 27 304 230
741 24 307 230
742 23 307 231
743 22 308 231
744 22 308 231
745 23 309 231
746 21 311 231
747 24 311 232
748 23 311 233
749 25 311 233
750 25 311 234
751 25 311 234
752 23 313 234
753 25 313 234
754 24 314 234
755 23 315 234
756 22 316 234
757 22 316 234
758 20 317 235
759 20 317 235
760 21 317 235
761 20 318 235
762 18 320 235
763 18 320 235
764 17 320 236
765 18 321 236
766 18 321 236
767 19 322 236
768 18 324 236
769 18 324 236
770 19 324 236
771 20 324 237
772 20 324 238
773 21 325 238
774 21 325 238
775 23 325 238
776 25 325 238
777 33 325 238
778 32 325 239
779 35 326 239
780 34 328 239
781 32 328 241
782 32 328 241
783 34 328 241
784 36 328 241
785 37 328 242
786 35 328 245
787 35 329 246
788 35 330 246
789 34 330 247
790 34 332 248
791 34 332 248
792 34 332 248
793 42 332 248
794 39 335 248
795 38 336 250
796 38 336 250
797 39 337 250
798 41 338 250
799 40 338 251
800 41 340 251
801 42 342 252
802 40 342 254
803 42 342 254
804 41 343 254
805 39 344 255
806 37 345 256
807 36 347 257
808 36 348 257
809 36 349 258
810 36 351 258
811 34 353 258
812 32 353 260
813 32 353 260
814 33 354 260
815 34 355 260
816 34 355 261
817 36 355 261
818 36 355 261
819 36 355 261
820 36 355 262
821 36 356 263
822 35 356 264
823 35 356 264
824 35 356 264
825 35 356 264
826 34 357 264
827 36 357 264
828 34 358 265
829 36 358 265
830 35 359 265
831 33 361 265
832 31 362 267
833 32 362 268
834 34 362 268
835 34 362 268
836 32 363 269
837 32 363 271
838 31 364 272
839 29 364 274
840 30 364 274
841 30 365 275
842 29 366 277
843 27 367 278
844 27 367 279
845 28 368 279
846 28 369 279
847 27 370 279
848 25 370 281
849 25 370 281
850 25 370 281
851 25 370 281
852 24 371 281
853 21 374 281
854 21 374 281
855 20 375 281
856 18 375 283
857 20 375 283
858 20 375 283
859 18 376 284
860 18 377 284
861 18 378 285
862 19 378 285
863 18 379 285
864 19 379 285
865 18 380 285
866 17 380 286
867 19 380 286
868 19 380 286
869 19 380 286
870 18 381 286
871 20 381 286
872 18 383 286
873 18 383 286
874 18 383 286
875 17 383 287
876 16 383 288
877 16 383 288
878 16 383 288
879 16 383 288
880 17 383 288
881 16 383 289
882 17 383 289
883 17 383 289
884 16 384 290
885 18 384 290
886 18 384 290
887 18 384 290
888 18 384 290
889 18 384 290
890 18 384 290
891 20 384 290
892 20 385 290
893 20 385 290
894 21 385 290
895 20 386 290
896 20 386 290
897 19 386 291
898 19 386 291
899 17 387 292
900 17 387 292
901 15 388 293
902 14 389 293
903 14 389 293
904 15 389 293
905 15 389 293
906 16 389 293
907 16 389 293
908 16 389 293
909 15 389 294
910 15 389 294
911 13 389 296
912 13 389 296
913 15 389 296
914 15 390 296
915 15 390 296
916 15 390 296
917 15 390 296
918 14 391 296
919 16 391 296
920 17 391 296
921 19 391 296
922 18 391 297
923 20 391 297
924 19 391 299
925 19 391 299
926 19 391 299
927 17 392 300
928 18 392 300
929 18 392 300
930 18 392 300
931 17 393 300
932 17 393 300
933 16 393 301
934 16 393 301
935 15 393 302
936 14 393 303
937 16 393 303
938 16 393 304
939 18 394 305
940 17 394 306
941 17 394 306
942 17 394 307
943 16 395 307
944 17 395 307
945 19 395 307
946 19 395 307
947 21 395 307
948 21 395 307
949 19 397 307
950 18 397 308
951 18 397 308
952 17 398 308
953 16 399 308
954 15 399 309
955 15 399 309
956 16 399 309
957 18 399 309
958 16 402 309
959 14 404 309
960 14 404 309
961 14 404 309
962 14 404 309
963 14 404 309
964 13 406 309
965 12 406 310
966 11 406 311
967 13 406 311
968 12 406 312
969 11 407 312
970 9 407 314
971 7 408 315
972 7 408 315
973 6 408 316
974 6 408 316
975 6 408 316
976 6 408 316
977 6 408 316
978 6 408 316
979 6 408 316
980 6 408 316
981 6 408 316
982 5 408 317
983 5 408 317
984 4 409 317
985 4 409 317
986 4 409 317
987 4 409 317
988 4 409 317
989 4 409 317
990 5 409 317
991 9 409 317
992 9 409 317
993 10 410 317
994 8 411 318
995 8 411 318
996 7 411 319
997 7 411 319
998 7 411 319
999 5 412 320
1000 5 412 320
1001 7 412 320
1002 7 412 320
1003 7 412 320
1004 6 413 320
1005 6 413 320
1006 6 413 320
1007 5 413 321
1008 5 413 321
1009 5 413 321
1010 5 413 321
1011 4 413 322
1012 4 413 322
1013 4 413 322
1014 4 413 322
1015 4 413 322
1016 3 414 322
1017 3 414 322
1018 3 414 322
1019 3 414 322
1020 3 414 322
1021 3 414 322
1022 3 414 322
1023 5 414 322
1024 4 415 322
1025 3 416 322
1026 3 416 322
1027 2 416 323
1028 2 416 323
1029 2 416 323
1030 2 416 323
1031 2 416 323
1032 2 416 323
1033 4 416 323
1034 4 416 323
1035 4 416 323
1036 4 416 323
1037 4 416 323
1038 4 416 323
1039 4 416 323
1040 5 416 323
1041 4 417 323
1042 3 417 324
1043 3 417 324
1044 3 417 324
1045 5 417 324
1046 5 417 324
1047 5 417 324
1048 6 417 324
1049 6 417 324
1050 6 417 324
1051 6 417 324
1052 6 417 324
1053 8 417 324
1054 8 417 324
1055 8 417 324
1056 8 417 324
1057 8 417 324
1058 9 417 324
1059 8 417 325
1060 7 417 326
1061 6 417 327
1062 6 417 327
1063 6 417 327
1064 7 417 327
1065 9 417 327
1066 10 417 327
1067 10 417 327
1068 10 417 327
1069 10 417 327
1070 9 417 328
1071 9 417 328
1072 9 417 328
1073 9 417 328
1074 8 417 329
1075 8 417 329
1076 8 417 329
1077 8 417 329
1078 7 418 329
1079 5 419 330
1080 4 420 330
1081 4 420 330
1082 4 420 330
1083 4 420 330
1084 4 420 330
1085 6 420 330
1086 7 420 330
1087 7 420 330
1088 7 420 330
1089 7 420 330
1090 7 420 330
1091 7 420 330
1092 7 420 330
1093 9 420 330
1094 9 420 330
1095 11 420 330
1096 11 420 330
1097 11 420 330
1098 10 420 331
1099 10 420 331
1100 11 420 331
1101 10 420 332
1102 11 420 332
1103 11 420 332
1104 11 420 332
1105 11 420 332
1106 11 420 332
1107 10 420 333
1108 10 420 333
1109 10 420 333
1110 10 420 333
1111 10 421 334
1112 10 421 334
1113 10 421 334
1114 10 421 334
1115 11 422 334
1116 11 422 334
1117 11 422 334
1118 11 422 334
1119 11 422 334
1120 10 423 334
1121 10 423 334
1122 10 423 334
1123 12 423 334
1124 12 423 334
1125 12 423 334
1126 13 423 334
1127 13 423 334
1128 13 423 334
1129 13 423 334
1130 13 423 335
1131 15 423 335
1132 14 423 336
1133 14 423 336
1134 14 423 336
1135 14 423 336
1136 14 423 337
1137 14 423 337
1138 14 423 337
1139 14 423 337
1140 14 424 337
1141 14 424 337
1142 13 424 338
1143 15 424 338
1144 15 424 338
1145 15 424 338
1146 16 424 338
1147 16 424 338
1148 16 424 338
1149 18 424 338
1150 18 424 338
1151 17 425 338
1152 17 425 338
1153 20 426 338
1154 20 426 338
1155 20 426 338
1156 19 427 338
1157 17 428 339
1158 18 428 339
1159 20 428 339
1160 20 429 339
1161 20 429 339
1162 19 430 340
1163 19 430 340
1164 19 431 340
1165 19 431 340
1166 19 431 340
1167 18 431 341
1168 18 431 341
1169 22 433 341
1170 20 434 343
1171 22 434 343
1172 19 434 346
1173 19 434 346
1174 19 434 347
1175 21 434 347
1176 22 434 347
1177 21 435 347
1178 21 435 347
1179 21 435 347
1180 22 435 347
1181 21 436 347
1182 22 436 347
1183 22 436 347
1184 23 436 347
1185 23 437 348
1186 25 437 349
1187 23 437 351
1188 26 437 351
1189 26 438 352
1190 25 439 352
1191 25 439 352
1192 25 439 352
1193 25 439 352
1194 27 439 352
1195 25 440 353
1196 25 440 353
1197 29 440 353
1198 28 441 354
1199 27 441 355
1200 26 441 356
1201 24 442 357
1202 24 442 357
1203 26 442 357
1204 26 442 357
1205 26 442 357
1206 25 443 357
1207 24 443 358
1208 23 444 358
1209 23 446 358
1210 23 447 358
1211 22 448 358
1212 24 448 358
1213 24 448 358
1214 25 448 358
1215 25 448 358
1216 25 448 358
1217 25 448 358
1218 27 448 358
1219 25 449 359
1220 24 450 359
1221 24 450 359
1222 23 451 359
1223 21 453 359
1224 19 454 360
1225 21 454 360
1226 20 455 360
1227 21 455 361
1228 20 456 361
1229 20 456 361
1230 20 456 361
1231 19 457 361
1232 19 457 361
1233 16 459 362
1234 16 459 363
1235 15 460 363
1236 16 460 363
1237 17 461 363
1238 19 461 363
1239 17 462 364
1240 17 462 364
1241 16 465 364
1242 16 465 364
1243 16 465 364
1244 16 465 364
1245 16 465 364
1246 17 465 364
1247 19 465 364
1248 18 465 365
1249 18 465 365
1250 18 465 365
1251 18 465 365
1252 18 465 365
1253 17 466 365
1254 17 466 365
1255 16 467 365
1256 16 467 365
1257 18 467 365
1258 18 467 365
1259 16 468 366
1260 15 469 366
1261 15 469 366
1262 15 469 366
1263 17 469 366
1264 18 469 366
1265 18 469 366
1266 14 471 368
1267 16 471 368
1268 16 471 368
1269 15 472 368
1270 15 472 368
1271 15 472 368
1272 16 472 368
1273 16 472 368
1274 16 472 368
1275 15 473 368
1276 14 474 368
1277 14 474 368
1278 14 474 368
1279 16 474 368
1280 15 475 368
1281 18 476 368
1282 19 476 369
1283 17 477 370
1284 18 477 370
1285 18 477 370
1286 17 478 370
1287 17 478 370
1288 16 479 370
1289 15 479 371
1290 16 479 371
1291 16 479 371
1292 17 479 371
1293 17 479 371
1294 17 479 371
1295 18 479 372
1296 18 479 372
1297 18 479 372
1298 18 479 372
1299 18 479 372
1300 17 480 372
1301 19 480 372
1302 18 480 373
1303 17 481 373
1304 16 481 374
1305 14 481 376
1306 14 481 377
1307 14 481 377
1308 15 481 377
1309 15 481 377
1310 14 482 377
1311 16 482 377
1312 14 483 378
1313 20 483 378
1314 22 484 378
1315 24 484 378
1316 23 485 379
1317 22 485 380
1318 22 485 380
1319 21 485 381
1320 22 485 381
1321 22 485 381
1322 22 485 381
1323 25 485 382
1324 25 485 382
1325 23 486 383
1326 23 486 383
1327 27 486 383
1328 26 486 384
1329 25 487 384
1330 26 487 384
1331 26 487 384
1332 27 487 384
1333 26 488 384
1334 26 488 384
1335 27 488 385
1336 27 489 385
1337 27 489 385
1338 27 489 385
1339 27 489 385
1340 26 489 386
1341 24 491 386
1342 23 491 387
1343 21 493 387
1344 21 493 387
1345 23 493 387
1346 22 494 387
1347 21 494 388
1348 20 495 388
1349 19 496 388
1350 19 496 388
1351 18 496 389
1352 17 496 390
1353 19 496 390
1354 18 496 391
1355 16 497 392
1356 16 497 392
1357 16 497 392
1358 16 497 392
1359 14 498 393
1360 14 498 393
1361 13 499 393
1362 13 499 393
1363 12 500 393
1364 13 500 393
1365 13 501 394
1366 13 501 394
1367 13 501 394
1368 12 501 395
1369 12 501 395
1370 11 501 396
1371 13 501 396
1372 13 501 396
1373 13 501 396
1374 12 501 397
1375 12 501 397
1376 12 501 397
1377 13 502 397
1378 13 502 397
1379 12 502 398
1380 12 502 398
1381 12 502 398
1382 10 504 398
1383 10 504 398
1384 11 504 398
1385 11 504 398
1386 11 504 398
1387 9 505 399
1388 9 505 399
1389 8 505 400
1390 8 505 400
1391 8 505 400
1392 8 505 400
1393 8 505 400
1394 7 506 400
1395 7 506 400
1396 7 506 400
1397 7 506 400
1398 7 506 400
1399 7 506 400
1400 7 506 400
1401 6 507 400
1402 6 507 400
1403 5 507 401
1404 5 507 401
1405 5 507 401
1406 5 507 401
1407 7 507 401
1408 7 507 401
1409 7 507 401
1410 7 507 401
1411 7 507 401
1412 7 507 401
1413 7 507 401
1414 8 507 401
1415 8 507 401
1416 8 507 401
1417 8 507 401
1418 8 507 401
1419 7 507 402
1420 7 507 402
1421 7 507 402
1422 7 507 402
1423 6 508 402
1424 5 508 403
1425 5 508 403
1426 5 508 403
1427 5 508 403
1428 5 508 403
1429 5 508 403
1430 5 508 403
1431 5 508 403
1432 5 508 403
1433 5 508 403
1434 5 508 403
1435 5 508 403
1436 5 508 403
1437 5 508 403
1438 3 509 404
1439 3 509 404
1440 3 509 404
1441 3 509 404
1442 3 509 404
1443 3 509 404
1444 4 509 404
1445 4 509 404
1446 4 509 404
1447 4 509 404
1448 4 509 404
1449 4 509 404
1450 4 510 404
1451 4 510 404
1452 4 510 404
1453 4 510 404
1454 4 510 404
1455 3 510 405
1456 3 510 405
1457 3 510 405
1458 3 510 405
1459 3 510 405
1460 3 510 405
1461 3 510 405
1462 3 510 405
1463 3 510 405
1464 2 511 405
1465 2 511 405
1466 2 511 405
1467 2 511 405
1468 2 511 405
1469 4 511 405
1470 4 511 405
1471 4 511 405
1472 4 511 405
1473 4 511 405
1474 4 511 405
1475 4 511 405
1476 4 511 405
1477 4 511 405
1478 4 511 405
1479 4 511 405
1480 3 512 405
1481 3 512 405
1482 3 512 405
1483 5 512 405
1484 5 512 405
1485 5 512 405
1486 5 512 405
1487 5 512 405
1488 5 512 405
1489 5 512 405
1490 5 512 405
1491 4 513 405
1492 4 513 405
1493 4 513 405
1494 3 514 405
1495 3 514 405
1496 3 514 405
1497 2 515 405
1498 2 515 405
1499 2 515 405
1500 2 515 405
1501 1 515 406
1502 1 515 406
1503 0 516 406
