0 50 0 0
1 48 1 1
2 48 2 1
3 52 3 2
4 54 3 2
5 51 5 3
6 48 7 4
7 48 7 4
8 48 8 4
9 50 8 6
10 49 8 8
11 48 9 8
12 48 10 9
13 50 10 9
14 50 12 9
15 48 12 11
16 49 12 11
17 54 12 12
18 58 12 13
19 56 12 15
20 56 12 15
21 53 13 17
22 50 14 20
23 52 15 21
24 53 16 21
25 52 16 22
26 52 16 22
27 58 16 22
28 58 16 23
29 57 16 24
30 57 16 24
31 56 17 24
32 60 17 24
33 61 18 24
34 61 18 24
35 60 20 25
36 61 21 26
37 60 23 27
38 60 25 27
39 62 25 27
40 59 27 28
41 60 29 29
42 62 29 29
43 60 30 30
44 61 30 30
45 60 32 31
46 62 32 32
47 68 32 32
48 69 32 33
49 70 33 33
50 68 35 33
51 70 35 35
52 71 36 35
53 69 36 37
54 66 38 38
55 67 38 39
56 65 40 39
57 64 40 42
58 63 41 43
59 58 45 44
60 56 46 46
61 55 46 47
62 56 47 47
63 58 47 47
64 57 48 48
65 64 48 49
66 64 48 49
67 67 49 49
68 66 49 50
69 70 49 50
70 72 50 51
71 74 50 51
72 77 50 51
73 80 50 52
74 80 51 53
75 85 52 55
76 82 53 58
77 85 53 59
78 81 53 63
79 80 54 65
80 82 54 65
81 84 55 66
82 80 57 68
83 82 57 70
84 83 59 70
85 85 60 71
86 89 61 71
87 88 62 73
88 85 62 76
89 87 62 76
90 83 63 79
91 83 64 80
92 81 66 81
93 83 67 82
94 80 68 84
95 83 69 84
96 83 71 85
97 82 71 88
98 85 71 89
99 88 72 91
100 88 72 93
101 93 72 94
102 94 74 95
103 95 77 95
104 94 77 97
105 99 78 97
106 100 80 98
107 104 82 100
108 103 82 103
109 102 83 103
110 96 85 108
111 100 86 109
112 97 88 110
113 97 88 110
114 92 91 113
115 88 94 114
116 91 94 114
117 91 97 115
118 90 101 115
119 93 103 116
120 92 104 118
121 98 106 118
122 95 108 121
123 91 113 122
124 93 114 122
125 94 115 122
126 90 118 123
127 89 120 124
128 87 121 126
129 84 124 128
130 85 124 129
131 86 126 130
132 84 129 131
133 87 130 133
134 86 131 134
135 85 133 135
136 84 133 137
137 88 133 137
138 89 134 138
139 94 134 139
140 95 135 140
141 95 136 143
142 94 137 145
143 96 139 149
144 100 139 149
145 102 139 151
146 98 140 155
147 97 142 158
148 90 144 163
149 92 146 165
150 93 147 167
151 97 149 169
152 96 149 171
153 102 150 172
154 104 150 174
155 105 152 175
156 103 155 177
157 107 156 178
158 105 157 180
159 105 157 182
160 103 159 185
161 108 159 186
162 106 162 188
163 112 164 192
164 112 164 193
165 108 165 196
166 106 167 199
167 106 168 200
168 102 171 203
169 104 172 206
170 100 175 208
171 99 178 210
172 96 181 211
173 98 182 212
174 95 183 216
175 98 186 216
176 96 189 218
177 98 189 218
178 98 191 219
179 101 191 220
180 99 193 223
181 98 193 224
182 95 195 225
183 93 197 225
184 93 198 226
185 95 198 228
186 92 200 233
187 96 202 235
188 96 202 237
189 97 205 239
190 95 206 241
191 103 207 242
192 102 209 244
193 102 210 247
194 105 210 247
195 108 211 247
196 109 212 250
197 114 214 251
198 116 214 252
199 118 214 252
200 117 215 253
201 119 215 253
202 115 220 254
203 116 221 254
204 118 222 254
205 124 224 256
206 123 226 260
207 120 232 261
208 116 235 262
209 117 238 262
210 118 239 263
211 112 243 267
212 107 247 269
213 108 250 271
214 106 253 273
215 106 254 274
216 107 256 274
217 108 258 275
218 106 261 276
219 106 261 280
220 106 263 280
221 106 264 281
222 106 265 283
223 110 266 286
224 112 267 287
225 116 268 288
226 115 271 289
227 119 272 290
228 122 273 292
229 127 275 293
230 124 277 296
231 117 281 301
232 118 283 302
233 114 285 304
234 112 287 306
235 115 288 308
236 112 292 309
237 111 297 311
238 108 297 315
239 104 298 318
240 101 300 319
241 105 301 320
242 106 302 321
243 105 303 323
244 105 305 324
245 109 305 326
246 109 305 327
247 107 307 329
248 105 308 331
249 99 311 334
250 99 312 334
251 102 312 335
252 104 312 336
253 100 317 337
254 102 317 338
255 95 322 340
256 96 322 342
257 95 323 344
258 96 324 344
259 100 326 344
260 96 329 347
261 99 331 348
262 99 332 349
263 95 337 352
264 95 338 354
265 91 342 356
266 92 343 356
267 95 345 357
268 95 346 357
269 97 346 359
270 95 349 359
271 90 351 362
272 93 352 363
273 96 352 364
274 92 353 368
275 88 354 371
276 85 356 374
277 88 357 374
278 87 359 374
279 84 360 376
280 85 361 377
281 80 365 380
282 80 365 381
283 81 366 383
284 84 366 383
285 89 366 384
286 87 367 387
287 88 372 387
288 86 374 388
289 91 374 389
290 91 376 389
291 96 378 390
292 93 380 392
293 93 381 393
294 92 382 393
295 94 386 395
296 95 387 395
297 92 390 397
298 91 392 397
299 103 392 397
300 105 392 398
301 102 396 399
302 102 398 399
303 104 398 399
304 104 401 400
305 106 401 400
306 107 401 400
307 106 401 401
308 106 401 403
309 105 402 405
310 111 404 405
311 119 405 408
312 120 405 410
313 125 406 410
314 125 407 412
315 129 407 414
316 124 411 416
317 128 411 416
318 131 412 416
319 135 414 418
320 134 414 422
321 133 415 424
322 132 416 424
323 132 416 426
324 134 416 427
325 132 419 428
326 129 423 430
327 123 426 435
328 123 428 436
329 125 429 437
330 123 430 440
331 116 434 443
332 114 434 445
333 111 437 447
334 109 440 449
335 104 443 453
336 106 444 454
337 106 445 455
338 104 447 457
339 108 449 459
340 106 451 460
341 106 453 464
342 106 454 465
343 107 455 467
344 105 456 469
345 105 457 470
346 103 459 471
347 102 460 477
348 104 461 479
349 100 463 483
350 105 464 484
351 105 466 488
352 104 469 488
353 111 471 489
354 113 472 490
355 111 475 491
356 109 477 492
357 112 477 495
358 111 478 497
359 116 478 500
360 115 478 503
361 112 479 505
362 111 482 506
363 111 483 509
364 112 484 510
365 110 484 514
366 111 484 514
367 113 485 515
368 113 487 516
369 114 489 517
370 109 492 520
371 114 493 520
372 113 495 522
373 111 496 523
374 110 497 525
375 116 498 526
376 117 499 528
377 120 500 528
378 118 503 529
379 122 506 530
380 120 510 531
381 121 512 532
382 124 513 533
383 122 513 537
384 119 515 539
385 121 518 540
386 124 519 540
387 130 520 541
388 133 522 542
389 129 523 545
390 127 525 549
391 135 527 549
392 131 529 551
393 131 531 553
394 129 532 554
395 129 536 556
396 125 539 559
397 125 541 561
398 127 543 561
399 129 544 562
400 125 546 565
401 123 547 566
402 125 548 566
403 132 550 567
404 132 551 568
405 133 554 570
406 137 555 570
407 143 557 570
408 141 560 573
409 141 564 575
410 143 564 577
411 157 565 580
412 153 568 583
413 160 570 584
414 164 571 586
415 164 575 586
416 166 577 588
417 163 581 591
418 163 582 595
419 167 584 599
420 166 587 601
421 163 589 604
422 162 592 607
423 157 595 611
424 159 596 612
425 171 596 616
426 165 599 620
427 163 601 624
428 161 605 628
429 155 610 631
430 154 611 633
431 157 612 637
432 158 615 637
433 165 617 638
434 159 618 643
435 161 618 645
436 158 621 647
437 160 622 650
438 161 624 650
439 162 626 651
440 160 629 653
441 163 631 654
442 156 636 658
443 164 638 658
444 157 639 664
445 168 639 667
446 167 641 670
447 170 646 674
448 172 647 676
449 178 649 680
450 178 651 683
451 175 652 689
452 176 654 689
453 176 658 691
454 175 660 695
455 179 662 697
456 179 665 699
457 180 668 701
458 180 670 704
459 191 671 704
460 184 676 708
461 185 680 709
462 183 683 709
463 182 689 714
464 175 696 716
465 176 697 718
466 172 701 721
467 177 704 723
468 175 704 726
469 183 705 729
470 178 707 734
471 186 708 739
472 179 711 747
473 177 712 752
474 179 714 753
475 180 715 755
476 175 718 761
477 178 718 762
478 171 722 765
479 172 724 768
480 174 725 770
481 182 728 771
482 180 731 772
483 182 732 773
484 180 735 773
485 187 736 773
486 179 740 777
487 183 741 778
488 184 743 781
489 191 745 786
490 190 747 789
491 191 748 789
492 191 750 792
493 193 754 796
494 191 756 798
495 195 760 800
496 197 761 805
497 206 763 806
498 205 765 810
499 209 766 813
500 210 768 816
501 219 770 821
502 224 770 821
503 235 773 823
504 238 774 825
505 234 778 831
506 235 780 836
507 237 783 839
508 229 789 843
509 236 790 847
510 233 793 853
511 239 794 858
512 232 799 861
513 236 804 866
514 234 808 866
515 234 813 871
516 237 816 872
517 236 819 876
518 230 826 881
519 231 829 885
520 230 833 885
521 235 836 887
522 230 838 892
523 232 842 894
524 236 845 896
525 238 846 901
526 241 848 903
527 244 851 907
528 245 855 910
529 249 857 912
530 246 860 916
531 252 863 919
532 254 865 923
533 258 865 927
534 259 867 932
535 271 870 939
536 273 873 944
537 273 876 951
538 275 879 956
539 279 885 962
540 270 889 970
541 265 894 976
542 259 901 979
543 263 905 983
544 263 910 986
545 259 914 990
546 257 916 994
547 257 920 996
548 256 923 1001
549 258 928 1004
550 255 931 1007
551 256 938 1011
552 253 942 1016
553 265 945 1019
554 261 950 1024
555 272 951 1028
556 269 952 1033
557 273 956 1035
558 276 959 1036
559 275 962 1042
560 274 966 1047
561 281 971 1053
562 279 971 1059
563 289 972 1062
564 284 979 1065
565 277 986 1069
566 267 994 1076
567 265 997 1081
568 262 1003 1084
569 259 1010 1090
570 257 1012 1098
571 269 1016 1098
572 267 1017 1100
573 279 1024 1103
574 274 1028 1105
575 274 1030 1113
576 275 1031 1116
577 277 1037 1118
578 266 1046 1125
579 265 1052 1130
580 260 1057 1135
581 260 1061 1139
582 251 1065 1148
583 257 1070 1149
584 260 1072 1151
585 265 1074 1154
586 264 1078 1156
587 262 1082 1160
588 255 1088 1164
589 261 1092 1170
590 264 1094 1171
591 265 1099 1179
592 262 1103 1181
593 272 1109 1187
594 270 1114 1193
595 276 1118 1197
596 275 1121 1202
597 286 1123 1207
598 280 1125 1215
599 279 1127 1220
600 278 1132 1225
601 278 1133 1230
602 270 1140 1239
603 273 1146 1244
604 274 1148 1246
605 279 1150 1251
606 277 1156 1257
607 274 1159 1265
608 273 1163 1270
609 281 1168 1273
610 277 1173 1277
611 273 1178 1282
612 268 1179 1288
613 278 1185 1290
614 273 1190 1297
615 273 1196 1299
616 272 1200 1302
617 276 1202 1306
618 273 1204 1312
619 270 1209 1318
620 271 1215 1319
621 274 1219 1324
622 269 1224 1328
623 285 1227 1329
624 283 1231 1333
625 283 1238 1338
626 279 1244 1343
627 283 1249 1348
628 279 1252 1353
629 274 1258 1354
630 274 1261 1359
631 269 1265 1366
632 271 1270 1369
633 277 1271 1372
634 275 1271 1378
635 282 1275 1381
636 283 1281 1383
637 302 1284 1385
638 296 1292 1388
639 292 1298 1394
640 288 1302 1400
641 292 1306 1404
642 284 1310 1411
643 291 1315 1415
644 284 1318 1421
645 282 1321 1428
646 281 1326 1430
647 276 1331 1434
648 274 1337 1438
649 271 1344 1442
650 268 1346 1445
651 290 1348 1449
652 286 1355 1457
653 281 1362 1463
654 276 1366 1468
655 280 1366 1472
656 281 1370 1476
657 287 1377 1479
658 286 1382 1481
659 296 1382 1485
660 291 1387 1489
661 299 1392 1492
662 301 1394 1495
663 309 1397 1496
664 310 1399 1502
665 320 1402 1507
666 313 1407 1516
667 325 1411 1516
668 327 1415 1519
669 331 1421 1523
670 333 1423 1529
671 344 1429 1532
672 342 1433 1539
673 348 1438 1542
674 341 1446 1546
675 346 1453 1552
676 348 1459 1553
677 360 1463 1555
678 359 1468 1558
679 359 1470 1564
680 352 1476 1572
681 358 1483 1575
682 351 1488 1582
683 350 1496 1591
684 346 1500 1595
685 356 1506 1599
686 344 1514 1608
687 342 1521 1613
688 336 1524 1622
689 343 1526 1627
690 338 1530 1631
691 355 1534 1636
692 353 1542 1639
693 357 1548 1647
694 350 1555 1658
695 358 1562 1661
696 358 1568 1665
697 359 1572 1672
698 358 1574 1679
699 358 1582 1681
700 356 1584 1685
701 368 1586 1687
702 365 1591 1692
703 387 1595 1694
704 388 1600 1701
705 401 1605 1707
706 399 1612 1712
707 402 1618 1721
708 398 1625 1726
709 409 1630 1730
710 401 1637 1745
711 399 1641 1753
712 401 1649 1756
713 412 1657 1761
714 404 1662 1770
715 418 1666 1776
716 412 1676 1781
717 405 1689 1785
718 402 1697 1792
719 405 1703 1797
720 396 1711 1803
721 389 1723 1810
722 390 1729 1815
723 392 1736 1824
724 384 1743 1827
725 385 1750 1835
726 386 1755 1841
727 381 1765 1846
728 383 1772 1850
729 393 1773 1855
730 393 1776 1859
731 393 1780 1865
732 390 1787 1869
733 392 1791 1879
734 390 1797 1884
735 390 1806 1891
736 392 1812 1896
737 391 1818 1905
738 381 1827 1913
739 384 1832 1917
740 376 1840 1930
741 383 1843 1934
742 382 1845 1942
743 385 1853 1947
744 387 1857 1953
745 382 1862 1963
746 378 1865 1972
747 378 1874 1979
748 383 1878 1981
749 386 1884 1988
750 387 1888 1992
751 387 1895 1997
752 383 1902 2005
753 382 1907 2015
754 378 1915 2019
755 388 1918 2024
756 385 1924 2027
757 396 1929 2031
758 389 1934 2039
759 393 1936 2041
760 392 1940 2047
761 395 1944 2058
762 387 1953 2065
763 385 1959 2075
764 381 1965 2081
765 378 1975 2088
766 376 1977 2089
767 389 1980 2091
768 384 1988 2097
769 391 1989 2101
770 390 1994 2107
771 410 2000 2115
772 405 2007 2125
773 407 2014 2132
774 412 2015 2138
775 416 2023 2146
776 413 2029 2154
777 415 2035 2166
778 410 2039 2174
779 413 2044 2182
780 419 2049 2189
781 420 2054 2197
782 414 2063 2207
783 427 2067 2212
784 424 2075 2216
785 429 2081 2221
786 436 2084 2223
787 449 2091 2227
788 440 2098 2236
789 440 2102 2238
790 440 2108 2244
791 449 2116 2251
792 452 2119 2253
793 459 2123 2260
794 451 2128 2270
795 456 2133 2272
796 452 2139 2279
797 456 2146 2282
798 459 2150 2290
799 474 2159 2294
800 475 2164 2299
801 478 2167 2305
802 481 2171 2309
803 485 2180 2316
804 483 2188 2324
805 491 2196 2328
806 490 2204 2333
807 514 2209 2338
808 505 2217 2349
809 520 2222 2355
810 517 2233 2361
811 529 2243 2365
812 525 2252 2372
813 533 2259 2379
814 523 2268 2386
815 526 2273 2392
816 520 2281 2397
817 518 2296 2408
818 520 2298 2413
819 522 2307 2424
820 511 2321 2429
821 508 2329 2436
822 512 2335 2442
823 509 2347 2453
824 499 2354 2463
825 519 2363 2470
826 508 2372 2481
827 507 2383 2491
828 500 2391 2504
829 491 2403 2513
830 485 2413 2518
831 488 2421 2523
832 479 2429 2533
833 486 2433 2538
834 482 2441 2550
835 488 2445 2556
836 474 2452 2570
837 474 2459 2581
838 470 2466 2585
839 472 2474 2593
840 472 2480 2599
841 481 2487 2605
842 477 2489 2617
843 496 2494 2621
844 491 2508 2629
845 497 2512 2635
846 486 2523 2641
847 503 2529 2646
848 502 2534 2651
849 515 2542 2656
850 514 2547 2662
851 522 2552 2669
852 514 2558 2676
853 523 2567 2686
854 512 2573 2696
855 517 2580 2702
856 521 2585 2711
857 526 2589 2716
858 528 2593 2724
859 524 2602 2737
860 522 2607 2742
861 533 2612 2748
862 526 2617 2760
863 533 2628 2768
864 522 2639 2777
865 530 2650 2784
866 523 2663 2789
867 531 2668 2800
868 524 2675 2809
869 540 2680 2822
870 529 2699 2826
871 526 2713 2835
872 527 2719 2839
873 537 2728 2848
874 541 2737 2857
875 540 2749 2866
876 536 2754 2875
877 543 2758 2886
878 541 2763 2897
879 540 2765 2906
880 521 2787 2913
881 523 2802 2922
882 515 2807 2935
883 531 2813 2939
884 528 2817 2946
885 542 2820 2955
886 539 2837 2960
887 548 2845 2973
888 531 2857 2986
889 540 2864 2994
890 533 2871 3003
891 528 2881 3012
892 524 2886 3022
893 544 2894 3030
894 540 2903 3038
895 535 2910 3054
896 527 2915 3062
897 543 2922 3065
898 549 2926 3071
899 560 2935 3077
900 551 2949 3082
901 562 2957 3093
902 554 2966 3104
903 568 2973 3113
904 559 2985 3122
905 574 2994 3128
906 578 3002 3132
907 570 3011 3145
908 570 3020 3151
909 578 3029 3162
910 571 3038 3170
911 573 3048 3176
912 558 3058 3190
913 561 3064 3199
914 567 3071 3207
915 577 3079 3217
916 563 3087 3229
917 577 3094 3234
918 564 3106 3245
919 560 3115 3254
920 562 3121 3261
921 572 3127 3267
922 572 3135 3272
923 578 3151 3278
924 573 3158 3286
925 571 3170 3296
926 557 3179 3311
927 569 3185 3317
928 562 3194 3323
929 562 3202 3337
930 563 3209 3345
931 574 3211 3354
932 575 3221 3360
933 571 3231 3368
934 563 3237 3381
935 575 3248 3390
936 577 3253 3395
937 595 3262 3402
938 596 3268 3409
939 603 3277 3417
940 598 3290 3425
941 602 3297 3434
942 593 3309 3443
943 603 3312 3452
944 606 3322 3455
945 617 3334 3464
946 608 3342 3480
947 614 3351 3495
948 605 3359 3505
949 613 3371 3515
950 616 3377 3522
951 624 3391 3522
952 617 3396 3534
953 624 3412 3543
954 624 3421 3552
955 630 3427 3568
956 623 3439 3578
957 638 3447 3589
958 628 3455 3600
959 645 3465 3611
960 649 3476 3614
961 664 3482 3625
962 650 3499 3634
963 661 3504 3644
964 658 3517 3654
965 683 3522 3668
966 673 3529 3682
967 676 3541 3695
968 671 3554 3703
969 690 3562 3716
970 675 3572 3732
971 688 3581 3740
972 693 3586 3748
973 701 3595 3761
974 695 3607 3771
975 725 3615 3779
976 721 3628 3788
977 726 3641 3800
978 722 3650 3810
979 722 3662 3826
980 719 3669 3840
981 723 3681 3850
982 718 3691 3864
983 729 3707 3873
984 726 3717 3882
985 736 3726 3893
986 727 3734 3909
987 733 3748 3921
988 724 3759 3937
989 738 3772 3948
990 733 3786 3957
991 739 3800 3965
992 723 3813 3975
993 746 3820 3981
994 743 3825 3994
995 756 3835 4011
996 760 3840 4022
997 757 3849 4036
998 752 3859 4051
999 744 3870 4068
1000 734 3883 4079
1001 759 3893 4086
1002 745 3907 4100
1003 754 3916 4108
1004 758 3926 4117
1005 767 3932 4130
1006 764 3944 4137
1007 782 3952 4145
1008 781 3958 4158
1009 784 3970 4169
1010 783 3982 4181
1011 796 3996 4190
1012 789 4008 4201
1013 798 4015 4215
1014 781 4027 4232
1015 792 4036 4248
1016 785 4045 4265
1017 802 4055 4270
1018 790 4071 4285
1019 816 4076 4302
1020 820 4080 4313
1021 827 4092 4328
1022 822 4106 4338
1023 840 4121 4349
1024 843 4133 4361
1025 861 4145 4375
1026 857 4159 4390
1027 877 4173 4402
1028 856 4183 4423
1029 871 4191 4442
1030 868 4198 4460
1031 855 4219 4472
1032 837 4240 4488
1033 850 4250 4499
1034 843 4259 4512
1035 857 4268 4523
1036 850 4284 4535
1037 895 4293 4543
1038 889 4302 4562
1039 904 4316 4571
1040 884 4335 4589
1041 910 4344 4594
1042 909 4356 4606
1043 923 4366 4620
1044 919 4382 4629
1045 923 4398 4643
1046 913 4414 4657
1047 920 4431 4673
1048 912 4451 4683
1049 915 4468 4699
1050 908 4486 4707
1051 937 4498 4716
1052 930 4509 4732
1053 922 4526 4745
1054 911 4544 4762
1055 922 4558 4771
1056 911 4573 4783
1057 936 4584 4793
1058 923 4599 4806
1059 929 4613 4820
1060 918 4631 4834
1061 941 4642 4846
1062 930 4652 4862
1063 920 4667 4879
1064 909 4682 4896
1065 920 4695 4910
1066 917 4709 4923
1067 923 4720 4932
1068 910 4734 4948
1069 944 4742 4956
1070 922 4757 4980
1071 925 4778 4994
1072 917 4788 5016
1073 934 4795 5026
1074 931 4812 5036
1075 959 4825 5051
1076 950 4841 5065
1077 969 4851 5080
1078 967 4862 5093
1079 976 4876 5112
1080 972 4893 5122
1081 1002 4906 5133
1082 996 4923 5140
1083 1013 4939 5153
1084 1007 4951 5169
1085 1017 4965 5181
1086 1021 4973 5189
1087 1046 4979 5204
1088 1047 4993 5219
1089 1050 5009 5238
1090 1037 5021 5257
1091 1063 5033 5273
1092 1055 5050 5289
1093 1080 5062 5306
1094 1067 5077 5324
1095 1061 5093 5338
1096 1054 5113 5349
1097 1061 5128 5365
1098 1047 5149 5377
1099 1046 5169 5392
1100 1048 5181 5400
1101 1082 5197 5414
1102 1064 5212 5431
1103 1063 5240 5442
1104 1054 5250 5463
1105 1084 5258 5479
1106 1074 5278 5495
1107 1091 5294 5506
1108 1079 5309 5524
1109 1080 5333 5541
1110 1083 5346 5552
1111 1105 5359 5567
1112 1107 5373 5584
1113 1130 5383 5607
1114 1133 5393 5620
1115 1138 5413 5639
1116 1126 5426 5657
1117 1137 5437 5679
1118 1149 5448 5694
1119 1146 5467 5718
1120 1134 5482 5735
1121 1135 5504 5756
1122 1133 5516 5769
1123 1143 5533 5784
1124 1128 5552 5805
1125 1121 5567 5829
1126 1117 5577 5847
1127 1118 5591 5862
1128 1107 5608 5879
1129 1134 5613 5897
1130 1121 5625 5921
1131 1125 5641 5939
1132 1116 5651 5958
1133 1144 5662 5975
1134 1139 5685 5992
1135 1152 5699 6007
1136 1148 5713 6027
1137 1159 5729 6040
1138 1153 5748 6058
1139 1191 5763 6071
1140 1181 5776 6090
1141 1190 5791 6118
1142 1182 5811 6132
1143 1214 5825 6144
1144 1210 5839 6160
1145 1227 5855 6179
1146 1218 5873 6190
1147 1240 5888 6209
1148 1237 5904 6232
1149 1281 5920 6250
1150 1266 5938 6272
1151 1292 5956 6286
1152 1288 5971 6305
1153 1304 5986 6326
1154 1297 6005 6342
1155 1322 6023 6361
1156 1314 6039 6375
1157 1326 6056 6396
1158 1327 6074 6408
1159 1349 6098 6434
1160 1347 6116 6454
1161 1383 6131 6475
1162 1369 6157 6495
1163 1388 6173 6522
1164 1370 6196 6547
1165 1406 6218 6567
1166 1384 6242 6591
1167 1390 6257 6616
1168 1391 6274 6633
1169 1421 6290 6659
1170 1398 6308 6683
1171 1414 6327 6702
1172 1404 6339 6730
1173 1433 6359 6759
1174 1409 6383 6787
1175 1432 6402 6813
1176 1417 6421 6834
1177 1453 6439 6854
1178 1437 6469 6869
1179 1457 6487 6891
1180 1446 6509 6909
1181 1454 6535 6933
1182 1436 6553 6964
1183 1466 6575 6986
1184 1456 6598 7008
1185 1476 6613 7031
1186 1466 6636 7050
1187 1488 6654 7068
1188 1471 6681 7096
1189 1487 6702 7119
1190 1473 6716 7145
1191 1484 6742 7172
1192 1486 6761 7186
1193 1487 6797 7203
1194 1468 6831 7218
1195 1487 6848 7238
1196 1464 6874 7263
1197 1481 6891 7287
1198 1481 6911 7302
1199 1507 6932 7327
1200 1483 6953 7359
1201 1515 6971 7383
1202 1512 6991 7404
1203 1543 7016 7424
1204 1541 7035 7443
1205 1533 7059 7473
1206 1537 7085 7493
1207 1554 7117 7510
1208 1548 7137 7533
1209 1553 7163 7564
1210 1550 7187 7584
1211 1555 7211 7613
1212 1551 7233 7625
1213 1571 7252 7650
1214 1561 7274 7673
1215 1568 7303 7693
1216 1547 7330 7716
1217 1571 7350 7744
1218 1563 7375 7770
1219 1590 7398 7792
1220 1577 7432 7813
1221 1590 7459 7835
1222 1583 7477 7856
1223 1598 7498 7890
1224 1587 7520 7921
1225 1619 7546 7935
1226 1599 7576 7961
1227 1614 7601 7987
1228 1582 7627 8018
1229 1631 7646 8044
1230 1618 7675 8068
1231 1661 7693 8085
1232 1643 7711 8116
1233 1693 7733 8136
1234 1683 7762 8156
1235 1716 7790 8179
1236 1696 7817 8203
1237 1707 7841 8230
1238 1694 7866 8257
1239 1725 7891 8283
1240 1701 7924 8304
1241 1722 7950 8325
1242 1705 7971 8354
1243 1722 7996 8378
1244 1713 8015 8405
1245 1773 8029 8425
1246 1766 8054 8449
1247 1825 8077 8461
1248 1807 8101 8497
1249 1822 8129 8518
1250 1804 8159 8540
1251 1822 8181 8570
1252 1827 8202 8588
1253 1859 8229 8613
1254 1860 8252 8636
1255 1899 8281 8658
1256 1867 8313 8689
1257 1919 8341 8713
1258 1903 8372 8736
1259 1937 8397 8763
1260 1921 8423 8786
1261 1947 8448 8815
1262 1917 8480 8849
1263 1925 8513 8882
1264 1917 8546 8909
1265 1954 8582 8932
1266 1934 8610 8958
1267 1986 8633 8993
1268 1961 8676 9020
1269 1974 8707 9058
1270 1941 8748 9089
1271 1964 8779 9117
1272 1936 8816 9147
1273 1962 8846 9181
1274 1948 8874 9212
1275 1970 8893 9247
1276 1955 8920 9278
1277 1992 8950 9301
1278 1975 8976 9341
1279 2046 9005 9365
1280 2051 9026 9393
1281 2080 9059 9423
1282 2069 9087 9454
1283 2114 9110 9482
1284 2087 9139 9518
1285 2096 9166 9550
1286 2061 9201 9587
1287 2080 9228 9629
1288 2075 9268 9648
1289 2087 9298 9682
1290 2052 9334 9716
1291 2079 9361 9742
1292 2063 9393 9779
1293 2078 9428 9817
1294 2050 9455 9852
1295 2074 9484 9889
1296 2081 9504 9916
1297 2135 9527 9943
1298 2125 9560 9975
1299 2161 9590 9999
1300 2148 9610 10039
1301 2180 9643 10064
1302 2145 9675 10101
1303 2171 9714 10126
1304 2144 9745 10162
1305 2159 9779 10197
1306 2148 9804 10233
1307 2183 9828 10268
1308 2192 9850 10294
1309 2222 9883 10329
1310 2202 9915 10367
1311 2226 9941 10405
1312 2223 9964 10437
1313 2214 9997 10493
1314 2185 10029 10533
1315 2191 10069 10569
1316 2186 10101 10597
1317 2227 10125 10624
1318 2207 10153 10661
1319 2242 10194 10685
1320 2211 10238 10722
1321 2225 10277 10759
1322 2201 10312 10785
1323 2233 10348 10821
1324 2222 10380 10839
1325 2229 10415 10875
1326 2215 10447 10909
1327 2246 10479 10942
1328 2254 10499 10973
1329 2288 10525 10997
1330 2242 10561 11049
1331 2264 10595 11091
1332 2249 10629 11114
1333 2291 10658 11149
1334 2255 10696 11194
1335 2302 10726 11225
1336 2298 10751 11256
1337 2310 10788 11277
1338 2315 10813 11309
1339 2343 10849 11343
1340 2315 10891 11378
1341 2380 10919 11407
1342 2374 10945 11440
1343 2421 10984 11478
1344 2404 11025 11508
1345 2438 11062 11543
1346 2403 11111 11577
1347 2441 11153 11615
1348 2406 11203 11652
1349 2435 11244 11692
1350 2424 11280 11728
1351 2459 11322 11763
1352 2446 11359 11797
1353 2480 11387 11829
1354 2462 11426 11871
1355 2518 11453 11906
1356 2510 11488 11942
1357 2554 11516 11978
1358 2532 11553 12009
1359 2592 11595 12045
1360 2582 11637 12083
1361 2614 11669 12127
1362 2586 11704 12161
1363 2614 11733 12198
1364 2599 11776 12231
1365 2653 11819 12274
1366 2622 11858 12316
1367 2687 11885 12354
1368 2677 11921 12391
1369 2738 11959 12434
1370 2740 11987 12466
1371 2789 12019 12515
1372 2771 12060 12547
1373 2813 12109 12584
1374 2780 12152 12626
1375 2759 12204 12673
1376 2741 12235 12723
1377 2770 12277 12774
1378 2774 12305 12813
1379 2790 12355 12845
1380 2772 12398 12880
1381 2813 12443 12916
1382 2785 12488 12958
1383 2816 12536 13005
1384 2820 12570 13039
1385 2853 12605 13091
1386 2805 12656 13146
1387 2841 12707 13177
1388 2822 12754 13209
1389 2862 12793 13246
1390 2809 12844 13302
1391 2847 12882 13344
1392 2820 12922 13392
1393 2863 12964 13433
1394 2819 13012 13479
1395 2854 13050 13514
1396 2861 13091 13544
1397 2880 13138 13598
1398 2843 13183 13643
1399 2887 13224 13688
1400 2864 13269 13736
1401 2887 13312 13778
1402 2891 13351 13806
1403 2924 13397 13839
1404 2912 13425 13876
1405 2990 13454 13919
1406 2988 13489 13963
1407 3044 13526 14014
1408 3004 13569 14057
1409 3050 13612 14096
1410 3006 13666 14142
1411 3028 13712 14184
1412 3013 13754 14227
1413 3061 13799 14274
1414 3030 13837 14319
1415 3028 13883 14375
1416 2990 13929 14428
1417 3064 13977 14474
1418 3010 14030 14526
1419 3024 14079 14575
1420 2989 14122 14627
1421 3031 14162 14681
1422 3007 14203 14719
1423 3043 14246 14766
1424 3002 14292 14820
1425 3032 14357 14865
1426 3013 14397 14911
1427 3060 14435 14954
1428 3032 14483 15000
1429 3064 14522 15043
1430 3054 14568 15088
1431 3093 14607 15144
1432 3066 14654 15186
1433 3083 14704 15241
1434 3045 14748 15295
1435 3099 14795 15344
1436 3077 14841 15385
1437 3101 14904 15432
1438 3104 14946 15469
1439 3164 14986 15519
1440 3156 15027 15565
1441 3231 15070 15609
1442 3204 15116 15661
1443 3254 15167 15712
1444 3220 15230 15754
1445 3261 15282 15807
1446 3232 15324 15864
1447 3293 15365 15910
1448 3279 15418 15961
1449 3331 15459 16018
1450 3305 15518 16069
1451 3322 15563 16135
1452 3313 15605 16184
1453 3363 15658 16233
1454 3315 15722 16279
1455 3347 15767 16322
1456 3327 15817 16369
1457 3383 15858 16428
1458 3334 15916 16484
1459 3365 15972 16541
1460 3334 16024 16588
1461 3352 16074 16652
1462 3324 16128 16708
1463 3333 16187 16752
1464 3299 16247 16804
1465 3346 16292 16850
1466 3338 16342 16888
1467 3407 16381 16936
1468 3366 16440 16992
1469 3369 16485 17052
1470 3354 16539 17100
1471 3369 16608 17156
1472 3357 16649 17204
1473 3439 16697 17244
1474 3394 16762 17299
1475 3440 16800 17357
1476 3425 16846 17401
1477 3453 16894 17455
1478 3433 16940 17510
1479 3479 16996 17556
1480 3460 17050 17603
1481 3526 17094 17647
1482 3498 17141 17706
1483 3570 17185 17750
1484 3535 17238 17804
1485 3588 17294 17861
1486 3532 17347 17921
1487 3575 17404 17987
1488 3567 17459 18027
1489 3651 17502 18066
1490 3612 17558 18132
1491 3657 17612 18193
1492 3616 17683 18243
1493 3656 17729 18291
1494 3647 17784 18343
1495 3741 17824 18391
1496 3721 17885 18443
1497 3768 17953 18492
1498 3726 18009 18550
1499 3777 18067 18605
1500 3762 18113 18656
1501 3858 18175 18704
1502 3824 18232 18760
1503 3847 18305 18818
1504 3863 18346 18864
1505 3898 18392 18925
1506 3871 18452 18989
1507 3908 18516 19054
1508 3903 18563 19095
1509 3995 18612 19156
1510 3955 18665 19215
1511 4009 18730 19278
1512 3959 18809 19337
1513 3997 18877 19399
1514 3978 18921 19468
1515 3991 18976 19534
1516 3977 19034 19594
1517 4046 19076 19645
1518 4015 19131 19711
1519 4070 19182 19773
1520 4035 19238 19841
1521 4112 19291 19905
1522 4079 19354 19965
1523 4118 19426 20012
1524 4074 19496 20074
1525 4130 19542 20132
1526 4104 19605 20183
1527 4175 19672 20239
1528 4151 19730 20297
1529 4218 19791 20365
1530 4205 19846 20419
1531 4270 19910 20482
1532 4234 19963 20553
1533 4256 20031 20623
1534 4201 20101 20691
1535 4274 20158 20759
1536 4236 20218 20827
1537 4263 20291 20899
1538 4224 20349 20979
1539 4238 20410 21060
1540 4221 20473 21117
1541 4294 20534 21183
1542 4241 20615 21250
1543 4280 20674 21322
1544 4236 20733 21397
1545 4316 20793 21463
1546 4313 20852 21523
1547 4388 20916 21584
1548 4359 20984 21640
1549 4383 21044 21704
1550 4337 21108 21776
1551 4368 21178 21843
1552 4317 21248 21902
1553 4366 21302 21969
1554 4336 21375 22032
1555 4399 21439 22095
1556 4341 21510 22185
1557 4397 21586 22237
1558 4374 21641 22302
1559 4438 21703 22372
1560 4391 21776 22444
1561 4466 21836 22525
1562 4463 21892 22582
1563 4497 21976 22646
1564 4479 22044 22712
1565 4502 22120 22787
1566 4466 22189 22856
1567 4522 22260 22919
1568 4490 22327 22986
1569 4538 22403 23048
1570 4515 22468 23109
1571 4612 22520 23168
1572 4563 22597 23240
1573 4616 22672 23316
1574 4547 22751 23399
1575 4621 22828 23456
1576 4567 22897 23520
1577 4615 22965 23572
1578 4586 23021 23650
1579 4623 23089 23721
1580 4582 23161 23786
1581 4640 23223 23852
1582 4621 23290 23917
1583 4677 23352 23985
1584 4651 23410 24063
1585 4704 23481 24145
1586 4667 23540 24224
1587 4719 23611 24283
1588 4676 23681 24361
1589 4749 23745 24430
1590 4708 23823 24495
1591 4775 23901 24554
1592 4753 23977 24609
1593 4812 24056 24673
1594 4774 24131 24755
1595 4809 24200 24841
1596 4781 24282 24901
1597 4889 24344 24957
1598 4881 24411 25026
1599 4934 24489 25089
1600 4888 24565 25159
1601 4949 24639 25226
1602 4895 24719 25295
1603 4977 24803 25375
1604 4915 24887 25454
1605 4985 24956 25529
1606 4935 25024 25594
1607 5023 25099 25689
