0 50 0 0
1 51 1 0
2 52 1 0
3 53 2 0
4 50 4 1
5 50 4 3
6 51 4 5
7 51 4 5
8 50 4 6
9 50 4 10
10 47 7 11
11 46 8 11
12 47 8 12
13 42 12 13
14 41 14 13
15 41 14 13
16 41 14 14
17 42 15 16
18 43 15 16
19 44 16 16
20 44 17 17
21 46 17 17
22 46 17 17
23 46 18 18
24 44 21 18
25 48 21 18
26 45 24 18
27 43 25 19
28 40 27 20
29 39 27 21
30 38 27 22
31 40 27 22
32 38 28 23
33 38 30 23
34 35 30 26
35 33 31 27
36 35 31 27
37 39 33 27
38 39 34 27
39 41 35 28
40 42 36 30
41 42 36 30
42 43 36 30
43 42 39 30
44 40 40 31
45 43 40 32
46 43 41 32
47 46 42 32
48 46 42 32
49 48 42 32
50 50 42 32
51 47 43 34
52 48 45 34
53 51 46 34
54 49 48 34
55 51 48 34
56 49 49 36
57 48 50 36
58 46 52 36
59 50 52 36
60 51 52 36
61 51 54 36
62 52 54 37
63 54 54 37
64 52 57 38
65 53 58 38
66 52 59 39
67 53 60 39
68 54 60 39
69 60 60 39
70 58 61 40
71 52 61 46
72 52 62 46
73 54 62 46
74 55 64 46
75 59 64 46
76 61 64 47
77 61 64 49
78 63 64 49
79 63 64 49
80 62 65 49
81 69 65 50
82 68 65 52
83 71 66 52
84 71 67 52
85 71 69 52
86 71 69 55
87 73 69 55
88 70 71 56
89 71 73 57
90 74 74 57
91 74 74 59
92 71 74 64
93 72 75 66
94 73 75 66
95 74 76 68
96 75 77 68
97 73 78 71
98 71 80 73
99 74 82 74
100 72 85 75
101 68 88 76
102 68 89 76
103 69 89 79
104 69 90 79
105 67 91 80
106 67 92 80
107 69 92 80
108 68 93 81
109 69 93 82
110 68 95 82
111 71 95 83
112 68 97 84
113 67 98 86
114 66 99 86
115 65 100 88
116 62 101 91
117 62 102 92
118 60 102 94
119 63 103 94
120 65 104 94
121 69 104 94
122 67 105 97
123 68 105 98
124 69 105 99
125 71 105 101
126 66 107 104
127 64 108 105
128 61 109 107
129 61 110 108
130 63 110 108
131 64 111 110
132 66 112 110
133 70 112 110
134 72 112 110
135 72 112 110
136 71 112 112
137 74 113 112
138 73 114 112
139 74 115 112
140 74 115 113
141 75 115 114
142 73 116 116
143 73 116 116
144 76 117 116
145 75 118 116
146 77 118 117
147 77 118 119
148 79 118 119
149 81 120 119
150 80 121 120
151 81 122 122
152 80 123 123
153 79 123 126
154 77 124 128
155 76 125 130
156 78 125 131
157 77 125 132
158 77 126 133
159 77 126 133
160 76 127 133
161 77 129 136
162 74 131 137
163 77 135 138
164 75 137 139
165 77 137 139
166 77 138 139
167 77 140 141
168 79 141 142
169 81 144 143
170 84 145 143
171 87 146 143
172 84 150 144
173 90 150 144
174 90 150 145
175 97 151 145
176 93 153 148
177 94 154 150
178 94 155 152
179 95 158 154
180 95 159 155
181 100 160 155
182 95 164 156
183 98 165 156
184 94 169 157
185 98 171 157
186 100 171 158
187 101 173 159
188 101 174 161
189 101 175 164
190 99 177 165
191 99 181 165
192 101 183 166
193 101 186 169
194 101 187 170
195 104 188 172
196 106 190 172
197 110 193 173
198 112 195 174
199 111 197 175
200 110 199 176
201 112 199 178
202 110 201 180
203 111 203 181
204 116 204 182
205 128 204 182
206 131 204 183
207 134 207 185
208 136 207 186
209 142 209 188
210 137 212 190
211 145 213 191
212 143 217 193
213 147 220 196
214 153 221 196
215 152 222 198
216 147 225 203
217 150 227 204
218 148 229 209
219 144 233 213
220 141 234 216
221 140 237 218
222 143 238 220
223 140 242 223
224 140 244 226
225 134 248 230
226 136 250 230
227 139 253 232
228 140 256 234
229 142 257 237
230 139 260 237
231 139 263 238
232 135 268 238
233 138 269 240
234 136 271 243
235 134 273 245
236 137 274 245
237 139 275 246
238 137 277 248
239 134 281 251
240 131 282 254
241 125 283 259
242 131 283 259
243 136 285 260
244 134 285 265
245 137 288 267
246 138 289 269
247 144 291 271
248 142 293 272
249 152 294 273
250 153 295 274
251 160 297 275
252 160 298 277
253 162 299 280
254 157 303 283
255 161 306 286
256 162 310 289
257 161 311 291
258 162 317 291
259 166 320 294
260 165 322 295
261 160 323 301
262 159 327 301
263 167 331 301
264 169 331 304
265 168 333 307
266 167 336 309
267 161 338 317
268 161 339 322
269 170 340 322
270 167 346 322
271 174 347 326
272 168 351 329
273 174 353 331
274 172 357 333
275 173 359 336
276 169 364 338
277 171 367 341
278 170 368 345
279 173 370 346
280 170 372 351
281 173 373 353
282 174 375 355
283 167 382 357
284 168 383 358
285 166 384 361
286 164 387 364
287 161 391 365
288 162 395 367
289 172 396 368
290 177 397 370
291 185 401 370
292 186 405 374
293 190 407 376
294 190 409 379
295 188 413 381
296 184 418 385
297 177 422 392
298 172 426 397
299 176 428 399
300 175 432 402
301 173 435 407
302 173 435 412
303 180 437 413
304 172 443 418
305 177 448 420
306 181 450 420
307 183 454 420
308 184 457 425
309 193 458 427
310 186 465 430
311 190 467 434
312 186 471 439
313 194 473 441
314 189 474 447
315 194 476 448
316 193 477 452
317 196 480 456
318 192 482 459
319 191 486 462
320 184 489 467
321 194 491 471
322 196 492 473
323 201 495 477
324 202 499 478
325 210 501 478
326 210 502 481
327 221 506 484
328 221 507 488
329 227 509 490
330 223 513 497
331 230 513 500
332 227 515 503
333 238 519 504
334 242 520 505
335 245 522 506
336 241 525 509
337 243 528 514
338 246 529 516
339 249 535 519
340 247 538 525
341 252 538 528
342 250 539 532
343 254 542 535
344 249 543 541
345 256 544 545
346 253 550 549
347 257 555 552
348 260 563 553
349 263 568 555
350 271 571 557
351 269 575 561
352 271 578 562
353 270 587 564
354 271 591 565
355 286 593 570
356 285 596 573
357 286 601 579
358 280 607 582
359 299 609 583
360 291 615 589
361 287 618 592
362 283 624 597
363 286 631 599
364 283 640 601
365 290 643 605
366 283 651 609
367 289 654 614
368 283 659 621
369 285 661 629
370 278 670 634
371 279 674 639
372 272 683 643
373 283 686 645
374 277 695 650
375 286 696 656
376 284 698 662
377 292 703 671
378 284 709 675
379 291 717 676
380 284 726 683
381 287 730 688
382 286 734 691
383 293 739 693
384 287 746 697
385 287 750 699
386 290 752 702
387 287 759 706
388 285 765 709
389 283 771 713
390 284 774 714
391 286 777 719
392 283 780 725
393 287 784 731
394 284 788 737
395 288 791 740
396 278 797 746
397 301 798 748
398 295 805 754
399 289 809 762
400 287 812 763
401 284 818 768
402 282 820 773
403 288 823 780
404 292 825 785
405 290 832 794
406 287 837 799
407 296 840 801
408 293 846 804
409 302 848 805
410 295 855 809
411 302 862 813
412 296 872 815
413 305 874 818
414 301 880 822
415 303 883 825
416 296 890 830
417 291 897 838
418 292 900 841
419 293 905 845
420 287 911 850
421 296 917 855
422 291 923 861
423 293 926 866
424 292 927 871
425 297 928 877
426 295 934 880
427 295 936 886
428 290 942 888
429 292 947 893
430 289 950 901
431 282 956 908
432 279 962 913
433 268 967 923
434 266 970 928
435 275 970 931
436 273 975 936
437 273 979 938
438 273 983 941
439 268 993 946
440 261 999 952
441 257 1002 955
442 255 1007 960
443 262 1010 964
444 258 1016 966
445 257 1027 966
446 252 1030 969
447 253 1032 974
448 256 1037 975
449 255 1040 979
450 256 1042 980
451 260 1044 986
452 259 1051 991
453 267 1053 991
454 261 1057 998
455 258 1061 1001
456 254 1064 1007
457 256 1067 1012
458 252 1071 1016
459 250 1077 1024
460 248 1079 1026
461 252 1081 1030
462 253 1084 1032
463 251 1089 1037
464 253 1093 1039
465 248 1096 1047
466 250 1100 1049
467 250 1105 1050
468 249 1113 1052
469 253 1119 1054
470 253 1121 1057
471 263 1121 1059
472 261 1124 1061
473 260 1128 1066
474 256 1133 1069
475 271 1135 1072
476 266 1140 1073
477 271 1144 1076
478 275 1149 1078
479 279 1151 1080
480 278 1153 1081
481 278 1159 1089
482 275 1162 1091
483 280 1166 1094
484 270 1171 1102
485 276 1176 1103
486 275 1181 1107
487 272 1186 1111
488 264 1193 1118
489 269 1198 1122
490 264 1202 1129
491 266 1206 1133
492 263 1211 1140
493 264 1214 1144
494 269 1216 1145
495 274 1218 1150
496 275 1220 1155
497 284 1224 1158
498 284 1232 1161
499 286 1237 1168
500 283 1241 1173
501 279 1243 1177
502 284 1245 1179
503 281 1250 1185
504 281 1253 1188
505 283 1257 1192
506 278 1262 1199
507 274 1265 1206
508 272 1267 1209
509 277 1267 1212
510 270 1271 1219
511 288 1273 1219
512 293 1274 1221
513 300 1277 1225
514 295 1285 1233
515 313 1286 1240
516 311 1288 1248
517 310 1293 1256
518 300 1300 1260
519 298 1306 1264
520 289 1313 1274
521 296 1319 1275
522 300 1320 1278
523 299 1327 1284
524 300 1328 1289
525 313 1331 1291
526 312 1337 1292
527 329 1341 1295
528 324 1351 1295
529 329 1353 1300
530 331 1357 1302
531 333 1359 1308
532 323 1365 1314
533 320 1374 1320
534 317 1380 1324
535 328 1383 1330
536 326 1386 1339
537 330 1391 1346
538 326 1396 1352
539 334 1401 1355
540 333 1406 1359
541 333 1414 1365
542 332 1423 1365
543 337 1429 1368
544 332 1436 1373
545 339 1439 1379
546 324 1447 1389
547 335 1450 1391
548 326 1460 1396
549 333 1462 1403
550 334 1465 1407
551 350 1467 1411
552 340 1472 1421
553 336 1477 1428
554 339 1480 1431
555 346 1484 1438
556 345 1489 1441
557 351 1496 1442
558 346 1504 1444
559 345 1511 1448
560 343 1517 1450
561 344 1523 1459
562 340 1531 1463
563 342 1534 1466
564 336 1540 1475
565 340 1543 1480
566 346 1546 1482
567 346 1551 1487
568 340 1556 1498
569 343 1564 1503
570 345 1566 1509
571 352 1572 1512
572 339 1585 1520
573 344 1593 1525
574 336 1600 1530
575 345 1607 1534
576 351 1613 1537
577 359 1620 1542
578 361 1626 1544
579 352 1635 1552
580 347 1640 1559
581 344 1645 1567
582 344 1651 1573
583 345 1661 1576
584 345 1665 1582
585 356 1671 1585
586 356 1676 1587
587 360 1686 1595
588 356 1695 1597
589 370 1701 1601
590 370 1703 1609
591 372 1707 1617
592 373 1714 1621
593 387 1723 1624
594 379 1732 1630
595 383 1738 1632
596 376 1745 1638
597 390 1750 1641
598 390 1755 1645
599 390 1762 1650
600 388 1770 1655
601 383 1781 1657
602 375 1790 1662
603 388 1794 1663
604 385 1802 1666
605 392 1807 1670
606 383 1817 1674
607 380 1824 1688
608 373 1831 1693
609 374 1838 1695
610 372 1844 1700
611 381 1848 1705
612 377 1855 1713
613 382 1861 1718
614 373 1871 1723
615 372 1874 1731
616 365 1878 1741
617 368 1880 1742
618 369 1882 1749
619 371 1889 1752
620 370 1896 1755
621 372 1902 1761
622 368 1906 1769
623 364 1916 1775
624 356 1926 1782
625 366 1928 1786
626 350 1935 1797
627 354 1941 1803
628 344 1945 1813
629 337 1951 1822
630 333 1958 1827
631 331 1964 1833
632 327 1972 1836
633 340 1976 1843
634 344 1977 1846
635 346 1978 1855
636 346 1981 1857
637 363 1984 1859
638 355 1990 1866
639 353 1998 1872
640 348 2008 1877
641 349 2014 1886
642 347 2018 1891
643 352 2025 1895
644 354 2032 1899
645 360 2037 1906
646 362 2039 1914
647 367 2046 1916
648 360 2057 1918
649 365 2059 1925
650 363 2066 1930
651 368 2074 1935
652 361 2078 1941
653 359 2085 1948
654 355 2091 1954
655 361 2097 1956
656 356 2102 1966
657 353 2108 1975
658 349 2112 1984
659 361 2117 1989
660 357 2123 1995
661 370 2132 1999
662 365 2138 2009
663 370 2141 2013
664 371 2149 2018
665 377 2152 2023
666 386 2153 2028
667 394 2157 2034
668 390 2164 2040
669 398 2171 2045
670 395 2179 2052
671 408 2184 2058
672 406 2189 2065
673 409 2197 2070
674 401 2205 2079
675 408 2214 2083
676 405 2221 2088
677 406 2230 2096
678 406 2233 2103
679 410 2241 2105
680 413 2245 2109
681 416 2253 2116
682 408 2265 2121
683 399 2271 2132
684 390 2278 2141
685 384 2290 2149
686 370 2298 2163
687 360 2306 2169
688 353 2313 2175
689 358 2323 2178
690 361 2325 2181
691 363 2332 2186
692 367 2338 2189
693 370 2341 2195
694 372 2345 2198
695 372 2353 2200
696 363 2362 2208
697 370 2370 2213
698 363 2377 2222
699 356 2385 2229
700 344 2390 2243
701 350 2394 2251
702 351 2400 2256
703 348 2403 2264
704 343 2410 2270
705 349 2415 2273
706 351 2423 2273
707 357 2426 2278
708 358 2430 2282
709 345 2443 2290
710 344 2448 2294
711 350 2452 2300
712 338 2461 2308
713 343 2466 2312
714 328 2478 2319
715 342 2481 2322
716 342 2487 2326
717 343 2492 2332
718 340 2497 2337
719 354 2503 2343
720 343 2511 2348
721 350 2516 2354
722 346 2519 2360
723 361 2521 2365
724 360 2523 2369
725 361 2527 2372
726 357 2529 2381
727 365 2532 2386
728 367 2539 2391
729 364 2545 2400
730 365 2548 2402
731 372 2552 2405
732 372 2559 2406
733 378 2561 2410
734 379 2565 2416
735 390 2568 2422
736 388 2573 2425
737 418 2576 2428
738 413 2580 2436
739 415 2585 2443
740 403 2590 2458
741 420 2594 2459
742 418 2598 2464
743 432 2601 2471
744 436 2606 2474
745 447 2613 2482
746 448 2619 2486
747 444 2626 2495
748 444 2636 2498
749 450 2650 2508
750 436 2659 2523
751 446 2669 2529
752 442 2676 2535
753 446 2681 2548
754 442 2686 2558
755 442 2690 2566
756 434 2700 2573
757 428 2709 2580
758 427 2716 2586
759 430 2719 2592
760 424 2724 2603
761 429 2728 2606
762 428 2732 2612
763 450 2736 2616
764 445 2742 2625
765 455 2746 2631
766 454 2750 2634
767 456 2756 2640
768 451 2763 2651
769 467 2769 2655
770 460 2776 2663
771 473 2781 2667
772 464 2790 2674
773 468 2795 2687
774 465 2801 2693
775 483 2806 2698
776 473 2814 2708
777 467 2825 2717
778 467 2832 2725
779 469 2842 2735
780 466 2850 2743
781 476 2856 2753
782 474 2866 2760
783 474 2868 2766
784 465 2880 2777
785 471 2892 2781
786 464 2902 2788
787 466 2912 2798
788 461 2920 2805
789 472 2922 2816
790 464 2934 2819
791 470 2939 2824
792 473 2941 2829
793 486 2950 2837
794 486 2953 2840
795 512 2956 2849
796 498 2963 2860
797 496 2974 2869
798 499 2980 2877
799 508 2986 2886
800 510 2991 2891
801 517 2996 2897
802 518 2999 2906
803 528 3006 2913
804 523 3014 2921
805 521 3025 2930
806 521 3031 2939
807 528 3038 2945
808 527 3041 2954
809 541 3050 2963
810 546 3054 2971
811 558 3062 2977
812 547 3073 2987
813 558 3085 2996
814 555 3094 3005
815 555 3105 3010
816 547 3118 3017
817 562 3124 3030
818 569 3128 3034
819 586 3129 3048
820 579 3133 3061
821 592 3142 3071
822 582 3146 3084
823 597 3151 3090
824 595 3154 3103
825 618 3163 3111
826 608 3174 3122
827 628 3181 3129
828 617 3192 3139
829 629 3198 3147
830 625 3204 3157
831 629 3212 3169
832 624 3220 3178
833 615 3231 3192
834 610 3239 3201
835 631 3252 3209
836 629 3259 3213
837 631 3268 3220
838 619 3284 3229
839 633 3289 3238
840 641 3292 3244
841 657 3299 3249
842 651 3306 3262
843 656 3314 3275
844 652 3324 3287
845 667 3334 3296
846 654 3344 3306
847 673 3355 3316
848 672 3367 3325
849 686 3375 3333
850 681 3383 3343
851 702 3389 3354
852 696 3401 3363
853 683 3414 3375
854 682 3421 3385
855 698 3429 3395
856 697 3438 3405
857 699 3446 3413
858 696 3455 3421
859 696 3469 3433
860 688 3480 3446
861 682 3490 3466
862 678 3497 3480
863 684 3503 3488
864 686 3511 3495
865 687 3520 3507
866 690 3527 3513
867 709 3537 3528
868 709 3544 3532
869 697 3561 3545
870 700 3567 3553
871 710 3578 3560
872 701 3589 3569
873 726 3597 3580
874 721 3611 3589
875 727 3626 3598
876 731 3634 3609
877 739 3648 3617
878 742 3654 3632
879 746 3663 3643
880 746 3674 3649
881 751 3682 3662
882 753 3697 3672
883 762 3709 3687
884 750 3718 3701
885 761 3734 3712
886 754 3743 3726
887 769 3757 3739
888 783 3766 3746
889 798 3779 3756
890 790 3798 3768
891 797 3806 3779
892 785 3821 3789
893 784 3836 3801
894 770 3848 3819
895 784 3861 3830
896 766 3872 3848
897 785 3880 3861
898 775 3895 3872
899 794 3902 3880
900 793 3914 3888
901 797 3925 3897
902 791 3935 3910
903 792 3945 3921
904 800 3954 3929
905 823 3957 3941
906 814 3970 3955
907 827 3980 3970
908 828 3986 3983
909 835 4000 4000
910 835 4013 4006
911 852 4025 4023
912 844 4037 4037
913 855 4055 4050
914 863 4062 4060
915 888 4077 4068
916 881 4091 4080
917 890 4106 4090
918 889 4115 4098
919 898 4126 4114
920 899 4135 4132
921 904 4150 4144
922 891 4173 4159
923 900 4191 4174
924 885 4207 4190
925 888 4221 4199
926 875 4237 4214
927 889 4251 4226
928 897 4258 4234
929 902 4271 4252
930 887 4283 4268
931 902 4298 4280
932 899 4305 4295
933 902 4318 4315
934 889 4328 4331
935 893 4340 4351
936 874 4361 4364
937 900 4367 4376
938 894 4379 4389
939 908 4389 4401
940 903 4400 4418
941 909 4417 4433
942 905 4432 4442
943 914 4449 4458
944 904 4461 4479
945 928 4469 4493
946 941 4478 4503
947 938 4490 4518
948 946 4500 4527
949 958 4512 4539
950 952 4521 4554
951 952 4537 4574
952 936 4558 4589
953 942 4571 4600
954 934 4588 4615
955 945 4602 4628
956 929 4618 4641
957 956 4630 4650
958 944 4645 4666
959 933 4664 4682
960 923 4677 4696
961 944 4685 4707
962 941 4697 4719
963 960 4713 4734
964 953 4722 4751
965 971 4746 4763
966 966 4761 4777
967 968 4784 4790
968 948 4805 4806
969 953 4821 4825
970 936 4839 4839
971 937 4861 4852
972 925 4879 4874
973 954 4899 4885
974 944 4913 4895
975 975 4931 4910
976 970 4947 4922
977 982 4962 4935
978 989 4972 4943
979 998 4986 4954
980 977 5001 4975
981 1012 5014 4987
982 1001 5028 5004
983 999 5047 5021
984 990 5058 5035
985 1014 5071 5044
986 1014 5087 5054
987 1038 5099 5080
988 1031 5117 5092
989 1041 5131 5110
990 1026 5147 5132
991 1034 5157 5156
992 1026 5177 5171
993 1062 5185 5189
994 1050 5203 5201
995 1058 5216 5216
996 1043 5230 5234
997 1045 5251 5251
998 1032 5261 5271
999 1048 5275 5287
1000 1021 5296 5306
1001 1028 5313 5324
1002 1021 5322 5335
1003 1047 5339 5356
1004 1040 5350 5371
1005 1066 5365 5380
1006 1071 5371 5399
1007 1073 5389 5413
1008 1065 5403 5431
1009 1079 5419 5447
1010 1065 5436 5468
1011 1086 5446 5477
1012 1066 5467 5498
1013 1087 5483 5517
1014 1081 5507 5526
1015 1107 5522 5541
1016 1100 5532 5557
1017 1112 5546 5577
1018 1102 5559 5602
1019 1113 5573 5615
1020 1096 5593 5633
1021 1092 5611 5647
1022 1090 5621 5663
1023 1091 5637 5678
1024 1092 5649 5691
1025 1115 5666 5709
1026 1115 5681 5722
1027 1122 5700 5742
1028 1113 5714 5764
1029 1136 5735 5780
1030 1128 5749 5804
1031 1146 5764 5817
1032 1126 5790 5835
1033 1139 5797 5861
1034 1134 5809 5878
1035 1139 5833 5891
1036 1119 5857 5912
1037 1117 5881 5934
1038 1116 5894 5948
1039 1120 5918 5970
1040 1115 5934 5981
1041 1144 5946 6000
1042 1132 5965 6020
1043 1144 5981 6040
1044 1136 5994 6059
1045 1123 6017 6077
1046 1113 6034 6098
1047 1128 6060 6113
1048 1129 6075 6125
1049 1152 6086 6141
1050 1140 6110 6161
1051 1183 6125 6177
1052 1179 6140 6192
1053 1179 6166 6210
1054 1183 6178 6223
1055 1211 6199 6238
1056 1205 6219 6252
1057 1250 6243 6269
1058 1237 6263 6291
1059 1263 6280 6306
1060 1264 6301 6314
1061 1266 6325 6334
1062 1252 6346 6353
1063 1265 6366 6380
1064 1254 6386 6404
1065 1276 6404 6426
1066 1259 6423 6450
1067 1262 6445 6465
1068 1266 6460 6480
1069 1285 6475 6504
1070 1270 6496 6525
1071 1276 6524 6541
1072 1282 6535 6562
1073 1281 6568 6582
1074 1278 6587 6597
1075 1304 6613 6613
1076 1309 6630 6627
1077 1330 6644 6652
1078 1330 6660 6670
1079 1357 6680 6689
1080 1341 6704 6709
1081 1366 6720 6726
1082 1360 6739 6746
1083 1373 6762 6768
1084 1366 6778 6784
1085 1404 6796 6808
1086 1387 6819 6835
1087 1399 6845 6861
1088 1386 6868 6884
1089 1409 6885 6900
1090 1405 6907 6919
1091 1420 6928 6933
1092 1417 6937 6954
1093 1436 6956 6976
1094 1431 6971 6994
1095 1442 6997 7029
1096 1443 7012 7043
1097 1483 7031 7058
1098 1495 7046 7070
1099 1495 7075 7093
1100 1486 7092 7112
1101 1505 7116 7133
1102 1501 7141 7153
1103 1498 7167 7176
1104 1484 7187 7202
1105 1503 7211 7217
1106 1503 7231 7232
1107 1496 7253 7267
1108 1481 7278 7283
1109 1491 7297 7304
1110 1483 7319 7324
1111 1491 7341 7350
1112 1495 7354 7367
1113 1502 7380 7392
1114 1496 7399 7414
1115 1507 7423 7433
1116 1490 7450 7458
1117 1506 7474 7488
1118 1507 7493 7510
1119 1537 7514 7529
1120 1533 7536 7552
1121 1550 7557 7578
1122 1529 7586 7601
1123 1525 7623 7626
1124 1512 7646 7645
1125 1545 7668 7666
1126 1526 7690 7691
1127 1565 7703 7715
1128 1558 7724 7733
1129 1584 7747 7760
1130 1578 7764 7781
1131 1611 7782 7806
1132 1603 7805 7824
1133 1629 7831 7852
1134 1620 7858 7880
1135 1654 7875 7903
1136 1644 7902 7923
1137 1677 7927 7943
1138 1647 7957 7975
1139 1671 7975 8001
1140 1680 7992 8022
1141 1730 8012 8042
1142 1719 8043 8058
1143 1758 8077 8075
1144 1755 8106 8094
1145 1746 8138 8119
1146 1734 8156 8144
1147 1768 8182 8166
1148 1751 8196 8199
1149 1754 8234 8228
1150 1761 8254 8247
1151 1783 8287 8276
1152 1776 8313 8305
1153 1800 8350 8330
1154 1800 8377 8353
1155 1831 8393 8390
1156 1813 8418 8420
1157 1806 8444 8463
1158 1788 8465 8495
1159 1813 8495 8526
1160 1802 8524 8544
1161 1849 8544 8569
1162 1830 8573 8598
1163 1861 8593 8629
1164 1857 8612 8651
1165 1885 8645 8670
1166 1886 8661 8697
1167 1916 8702 8724
1168 1911 8724 8754
1169 1922 8750 8789
1170 1896 8773 8821
1171 1931 8801 8840
1172 1901 8835 8874
1173 1929 8857 8908
1174 1906 8880 8944
1175 1950 8913 8977
1176 1927 8945 9011
1177 1973 8966 9044
1178 1953 8988 9077
1179 1990 9016 9094
1180 1956 9046 9129
1181 1978 9082 9157
1182 1956 9113 9185
1183 2009 9141 9214
1184 1984 9176 9246
1185 2009 9209 9286
1186 1990 9233 9317
1187 2017 9272 9347
1188 1991 9300 9386
1189 2007 9333 9417
1190 1982 9362 9447
1191 2000 9393 9480
1192 1984 9423 9507
1193 1997 9456 9539
1194 1969 9488 9576
1195 2008 9517 9608
1196 1987 9550 9633
1197 2001 9578 9669
1198 1993 9608 9694
1199 2003 9643 9725
1200 1978 9678 9762
1201 1994 9700 9800
1202 1967 9725 9839
1203 2008 9751 9870
1204 2000 9780 9899
1205 2032 9809 9926
1206 2032 9826 9955
1207 2060 9855 9988
1208 2052 9884 10017
1209 2090 9911 10046
1210 2071 9941 10086
1211 2095 9967 10128
1212 2068 10003 10160
1213 2088 10042 10193
1214 2064 10086 10227
1215 2096 10121 10252
1216 2074 10160 10287
1217 2108 10191 10314
1218 2086 10224 10345
1219 2126 10254 10367
1220 2120 10286 10401
1221 2148 10324 10435
1222 2141 10354 10459
1223 2177 10375 10496
1224 2152 10398 10535
1225 2203 10423 10569
1226 2173 10460 10600
1227 2204 10484 10645
1228 2176 10523 10680
1229 2198 10566 10719
1230 2171 10614 10744
1231 2215 10645 10767
1232 2190 10679 10798
1233 2227 10705 10833
1234 2184 10748 10877
1235 2192 10785 10908
1236 2183 10810 10946
1237 2224 10859 10972
1238 2216 10887 11006
1239 2244 10919 11034
1240 2231 10952 11066
1241 2249 10981 11107
1242 2229 11020 11142
1243 2237 11054 11178
1244 2225 11087 11208
1245 2241 11117 11238
1246 2221 11146 11270
1247 2236 11193 11294
1248 2236 11224 11321
1249 2278 11265 11358
1250 2263 11296 11388
1251 2299 11337 11421
1252 2281 11367 11455
1253 2290 11411 11488
1254 2280 11451 11512
1255 2261 11488 11558
1256 2228 11523 11601
1257 2284 11552 11632
1258 2273 11582 11667
1259 2289 11624 11711
1260 2262 11670 11739
1261 2303 11700 11772
1262 2285 11731 11809
1263 2333 11758 11834
1264 2314 11798 11871
1265 2338 11836 11901
1266 2323 11870 11933
1267 2327 11912 11981
1268 2313 11947 12012
1269 2318 11990 12046
1270 2298 12025 12072
1271 2330 12060 12099
1272 2310 12092 12133
1273 2348 12121 12162
1274 2325 12157 12204
1275 2354 12194 12242
1276 2330 12233 12275
1277 2374 12264 12316
1278 2350 12314 12338
1279 2379 12347 12376
1280 2367 12384 12414
1281 2372 12416 12455
1282 2353 12443 12493
1283 2409 12474 12524
1284 2369 12517 12569
1285 2406 12550 12603
1286 2381 12592 12640
1287 2428 12626 12675
1288 2414 12667 12706
1289 2453 12700 12748
1290 2450 12740 12786
1291 2469 12769 12832
1292 2444 12810 12870
1293 2457 12845 12920
1294 2451 12868 12956
1295 2492 12906 12995
1296 2478 12942 13024
1297 2506 12974 13070
1298 2495 13010 13105
1299 2526 13043 13143
1300 2505 13083 13173
1301 2559 13125 13205
1302 2537 13168 13238
1303 2577 13211 13279
1304 2561 13239 13314
1305 2586 13282 13356
1306 2557 13314 13405
1307 2606 13339 13451
1308 2583 13374 13492
1309 2607 13418 13528
1310 2578 13455 13574
1311 2627 13499 13611
1312 2624 13535 13650
1313 2685 13570 13688
1314 2662 13607 13736
1315 2708 13653 13782
1316 2696 13682 13819
1317 2709 13716 13860
1318 2686 13767 13906
1319 2744 13799 13946
1320 2718 13848 13992
1321 2734 13891 14037
1322 2729 13930 14070
1323 2750 13962 14125
1324 2741 13998 14161
1325 2769 14055 14196
1326 2764 14087 14232
1327 2802 14121 14276
1328 2787 14153 14308
1329 2821 14192 14355
1330 2787 14240 14391
1331 2799 14289 14430
1332 2793 14323 14464
1333 2859 14357 14500
1334 2839 14393 14545
1335 2897 14432 14580
1336 2857 14481 14625
1337 2909 14514 14668
1338 2882 14564 14713
1339 2954 14600 14751
1340 2912 14651 14795
1341 2966 14690 14836
1342 2969 14722 14873
1343 3005 14769 14918
1344 2988 14813 14954
1345 3006 14862 15007
1346 3001 14904 15045
1347 3053 14944 15089
1348 3017 14991 15141
1349 3050 15043 15192
1350 3032 15089 15233
1351 3076 15141 15277
1352 3034 15191 15332
1353 3078 15233 15378
1354 3055 15273 15432
1355 3077 15319 15484
1356 3035 15379 15524
1357 3059 15426 15575
1358 3041 15473 15614
1359 3051 15513 15672
1360 3033 15565 15719
1361 3054 15613 15766
1362 3042 15658 15801
1363 3104 15715 15840
1364 3067 15759 15893
1365 3106 15802 15937
1366 3095 15847 15978
1367 3140 15894 16032
1368 3114 15936 16083
1369 3173 15970 16130
1370 3167 16016 16185
1371 3181 16075 16232
1372 3177 16109 16271
1373 3227 16164 16318
1374 3199 16203 16370
1375 3246 16254 16424
1376 3213 16299 16473
1377 3271 16351 16517
1378 3222 16404 16565
1379 3244 16450 16607
1380 3215 16504 16657
1381 3228 16554 16720
1382 3193 16602 16774
1383 3270 16660 16829
1384 3221 16706 16889
1385 3256 16750 16940
1386 3210 16811 16997
1387 3281 16856 17045
1388 3261 16902 17099
1389 3314 16947 17159
1390 3303 16990 17211
1391 3349 17036 17265
1392 3332 17083 17310
1393 3375 17140 17360
1394 3358 17187 17407
1395 3411 17246 17447
1396 3364 17309 17493
1397 3416 17356 17550
1398 3392 17400 17600
1399 3446 17457 17641
1400 3409 17507 17691
1401 3458 17563 17732
1402 3428 17618 17783
1403 3484 17658 17837
1404 3461 17720 17876
1405 3532 17775 17918
1406 3483 17847 17971
1407 3551 17902 18014
1408 3519 17961 18059
1409 3567 18024 18106
1410 3544 18077 18155
1411 3563 18137 18214
1412 3543 18193 18249
1413 3573 18244 18300
1414 3537 18304 18352
1415 3579 18370 18388
1416 3556 18433 18433
1417 3577 18488 18505
1418 3571 18543 18548
1419 3608 18592 18602
1420 3559 18657 18662
1421 3644 18704 18712
1422 3606 18755 18775
1423 3656 18808 18830
1424 3628 18854 18884
1425 3648 18926 18942
1426 3626 18976 19001
1427 3700 19029 19060
1428 3691 19087 19100
1429 3767 19141 19154
1430 3739 19205 19202
1431 3789 19257 19248
1432 3766 19310 19301
1433 3816 19366 19369
1434 3775 19418 19424
1435 3813 19478 19486
1436 3761 19537 19548
1437 3845 19592 19595
1438 3811 19653 19650
1439 3871 19723 19706
1440 3839 19781 19764
1441 3894 19843 19813
1442 3865 19894 19876
1443 3904 19946 19945
1444 3862 19995 20012
1445 3920 20060 20071
1446 3860 20118 20150
1447 3925 20166 20215
1448 3890 20229 20263
1449 3939 20280 20329
1450 3898 20346 20392
1451 3928 20409 20453
1452 3882 20473 20510
1453 3929 20530 20566
1454 3876 20590 20632
1455 3981 20655 20682
1456 3951 20713 20743
1457 3979 20786 20794
1458 3956 20844 20851
1459 4003 20909 20915
1460 3950 20977 20979
1461 4048 21030 21042
1462 4035 21081 21095
1463 4084 21155 21154
1464 4028 21220 21230
1465 4056 21283 21297
1466 4031 21338 21359
1467 4079 21399 21412
1468 4028 21466 21488
1469 4058 21534 21546
1470 4025 21600 21590
1471 4089 21661 21655
1472 4050 21729 21716
1473 4071 21808 21784
1474 4052 21862 21847
1475 4101 21936 21900
1476 4071 22007 21956
1477 4115 22061 22016
1478 4074 22125 22076
1479 4129 22192 22144
1480 4098 22249 22206
1481 4116 22321 22270
1482 4096 22366 22325
1483 4168 22435 22382
1484 4132 22493 22434
1485 4202 22560 22489
1486 4170 22624 22542
1487 4207 22689 22612
1488 4193 22754 22667
1489 4269 22817 22724
1490 4243 22870 22791
1491 4303 22927 22858
1492 4255 22989 22933
1493 4284 23060 22995
1494 4251 23124 23061
1495 4311 23178 23123
1496 4282 23245 23199
1497 4342 23301 23273
1498 4307 23359 23346
1499 4358 23414 23416
1500 4328 23478 23481
1501 4409 23529 23547
1502 4384 23585 23623
1503 4442 23647 23691
1504 4411 23698 23773
1505 4483 23761 23852
1506 4442 23818 23926
1507 4486 23884 23984
1508 4455 23941 24053
1509 4546 24007 24112
1510 4508 24093 24181
1511 4611 24170 24233
1512 4580 24231 24304
1513 4664 24296 24357
1514 4629 24370 24423
1515 4691 24446 24497
1516 4658 24513 24556
1517 4723 24570 24638
1518 4687 24646 24714
1519 4764 24710 24771
1520 4729 24774 24847
1521 4799 24830 24919
1522 4764 24887 24993
1523 4837 24961 25046
1524 4796 25040 25138
1525 4812 25116 25218
1526 4776 25188 25270
1527 4834 25268 25338
1528 4790 25340 25410
1529 4840 25419 25477
1530 4800 25486 25552
1531 4827 25558 25633
1532 4774 25634 25715
1533 4836 25699 25790
1534 4805 25774 25841
1535 4904 25848 25910
1536 4853 25926 25987
1537 4943 25999 26060
1538 4891 26070 26127
1539 4960 26136 26202
1540 4911 26221 26275
1541 4934 26303 26348
1542 4892 26374 26437
1543 4954 26448 26513
1544 4890 26538 26588
1545 4990 26604 26650
1546 4944 26674 26724
1547 5033 26757 26784
