0 50 0 0
1 51 1 0
2 51 2 1
3 49 2 3
4 43 8 4
5 42 8 5
6 43 8 5
7 47 8 5
8 46 9 5
9 47 9 8
10 43 9 12
11 42 9 13
12 41 9 14
13 42 9 15
14 41 9 16
15 40 9 17
16 40 9 17
17 41 9 18
18 42 9 18
19 44 11 18
20 44 11 18
21 46 12 19
22 46 12 21
23 42 15 22
24 42 15 22
25 44 15 22
26 47 15 22
27 47 15 22
28 47 16 22
29 45 17 25
30 46 17 25
31 46 17 27
32 45 18 28
33 43 19 29
34 44 19 29
35 43 20 29
36 42 21 29
37 41 21 30
38 41 22 30
39 49 22 30
40 49 23 30
41 54 24 30
42 53 24 32
43 54 25 32
44 52 25 34
45 51 26 34
46 50 26 35
47 50 28 35
48 49 28 37
49 48 28 38
50 47 28 39
51 47 29 40
52 47 29 40
53 50 29 41
54 51 30 41
55 53 31 42
56 53 31 43
57 52 31 44
58 53 31 44
59 51 33 44
60 51 33 44
61 56 33 45
62 57 34 46
63 63 35 47
64 64 36 47
65 66 36 47
66 64 38 48
67 65 39 48
68 62 41 50
69 61 42 50
70 61 44 52
71 59 46 52
72 55 48 54
73 59 48 56
74 57 49 58
75 58 50 58
76 55 50 61
77 56 50 62
78 52 53 64
79 53 54 66
80 53 54 67
81 55 54 67
82 55 55 67
83 54 55 68
84 53 56 68
85 54 56 69
86 53 57 69
87 54 59 70
88 54 59 70
89 55 60 70
90 57 60 70
91 56 61 70
92 55 65 70
93 55 65 72
94 55 67 72
95 54 67 73
96 55 67 73
97 59 67 73
98 60 67 73
99 59 67 74
100 59 69 74
101 60 69 75
102 61 69 76
103 58 69 79
104 56 69 81
105 56 69 81
106 57 69 82
107 59 71 82
108 58 71 84
109 60 71 86
110 60 73 86
111 59 76 86
112 58 77 87
113 55 80 89
114 55 80 90
115 61 80 90
116 60 82 90
117 61 83 90
118 62 83 91
119 65 86 93
120 60 88 97
121 64 88 97
122 67 88 97
123 66 89 99
124 66 90 99
125 62 91 102
126 60 93 103
127 61 94 105
128 61 95 107
129 68 95 108
130 65 99 108
131 67 99 108
132 68 100 109
133 71 100 110
134 71 102 111
135 79 102 111
136 79 103 112
137 84 105 113
138 83 106 113
139 88 107 113
140 88 107 114
141 91 107 117
142 93 107 119
143 91 107 121
144 89 108 123
145 89 108 123
146 90 109 124
147 87 110 128
148 89 111 128
149 97 111 128
150 96 112 129
151 102 112 131
152 100 114 132
153 98 116 134
154 98 118 135
155 98 119 136
156 100 119 138
157 108 121 140
158 107 122 142
159 110 123 144
160 107 125 146
161 109 129 146
162 104 131 152
163 104 132 153
164 100 135 154
165 99 135 157
166 100 136 158
167 100 138 158
168 99 139 159
169 98 139 162
170 93 140 166
171 93 143 169
172 90 144 171
173 87 146 172
174 89 147 172
175 88 147 175
176 88 147 176
177 91 148 176
178 88 151 177
179 88 152 180
180 87 153 180
181 90 154 180
182 87 155 184
183 88 155 185
184 91 156 185
185 100 156 186
186 99 157 188
187 97 158 189
188 95 158 191
189 94 159 193
190 96 160 193
191 95 163 195
192 96 164 195
193 96 164 199
194 96 164 200
195 98 166 202
196 95 167 205
197 93 170 206
198 92 172 210
199 96 174 212
200 93 175 215
201 91 177 217
202 90 177 218
203 91 178 220
204 87 181 224
205 85 185 224
206 83 187 225
207 79 190 226
208 79 190 226
209 76 192 227
210 74 193 228
211 70 197 230
212 72 197 231
213 69 198 235
214 68 200 236
215 62 203 239
216 59 204 241
217 58 205 241
218 58 205 243
219 60 205 243
220 60 206 244
221 59 206 245
222 61 208 245
223 61 208 245
224 58 210 247
225 58 212 247
226 59 212 248
227 57 213 251
228 58 213 251
229 58 213 253
230 59 213 253
231 60 214 253
232 59 215 253
233 58 215 254
234 57 216 254
235 61 216 254
236 58 219 257
237 61 221 258
238 61 221 260
239 60 221 261
240 57 223 262
241 56 224 262
242 57 225 262
243 59 227 262
244 64 228 262
245 68 228 264
246 65 230 266
247 64 230 267
248 63 233 267
249 63 233 269
250 61 234 271
251 56 237 273
252 57 239 273
253 55 240 274
254 56 241 274
255 55 242 276
256 54 243 277
257 52 244 278
258 53 244 278
259 52 246 279
260 51 246 281
261 57 247 282
262 58 247 283
263 56 248 284
264 55 249 285
265 54 251 286
266 55 251 286
267 58 253 287
268 55 254 289
269 59 254 289
270 58 255 290
271 59 256 290
272 60 256 290
273 59 256 291
274 61 257 291
275 61 258 292
276 60 259 292
277 62 260 293
278 61 262 294
279 65 262 294
280 64 263 295
281 64 264 296
282 64 265 298
283 68 265 300
284 70 265 301
285 65 267 304
286 65 267 305
287 63 269 307
288 63 269 307
289 61 270 308
290 60 271 308
291 61 273 309
292 62 273 310
293 63 274 310
294 63 275 310
295 66 275 311
296 64 276 312
297 64 277 313
298 62 279 315
299 61 280 317
300 62 280 317
301 63 281 317
302 64 281 318
303 61 283 319
304 61 284 319
305 61 284 319
306 58 286 320
307 63 287 320
308 61 287 323
309 60 289 324
310 62 290 325
311 61 292 326
312 60 293 326
313 60 293 328
314 62 294 329
315 59 297 331
316 59 297 332
317 63 297 332
318 61 297 334
319 64 297 335
320 63 297 338
321 59 300 339
322 58 302 340
323 61 305 340
324 58 308 341
325 54 310 343
326 55 310 343
327 60 311 343
328 62 312 343
329 68 312 343
330 64 314 345
331 64 315 348
332 64 315 350
333 67 316 350
334 68 316 350
335 66 317 351
336 65 317 354
337 66 317 355
338 65 319 356
339 64 322 356
340 64 322 357
341 68 323 358
342 66 326 359
343 67 327 361
344 68 327 361
345 67 329 362
346 69 330 362
347 64 334 365
348 67 334 366
349 69 334 366
350 68 335 368
351 68 336 369
352 68 337 369
353 66 339 369
354 65 339 370
355 67 340 371
356 68 340 373
357 69 341 373
358 70 342 373
359 71 343 373
360 70 344 373
361 70 345 374
362 72 345 375
363 72 345 375
364 70 345 378
365 78 345 378
366 76 346 379
367 81 347 379
368 78 350 380
369 76 351 381
370 76 352 382
371 80 352 382
372 78 352 385
373 79 352 388
374 76 355 392
375 73 357 393
376 76 358 393
377 74 361 396
378 71 363 398
379 67 364 401
380 65 366 401
381 62 367 403
382 62 367 403
383 63 367 404
384 60 369 406
385 58 370 407
386 56 370 409
387 62 370 409
388 63 370 409
389 61 371 410
390 61 372 411
391 65 374 413
392 61 377 415
393 63 379 415
394 63 379 416
395 65 380 417
396 66 382 417
397 63 384 420
398 64 384 421
399 62 386 421
400 61 386 423
401 66 386 424
402 64 388 425
403 67 389 425
404 68 390 426
405 67 390 429
406 67 390 429
407 62 393 431
408 62 393 431
409 58 396 432
410 57 397 432
411 58 399 433
412 59 400 433
413 62 401 433
414 63 402 433
415 65 403 434
416 68 404 435
417 64 404 439
418 64 404 440
419 63 404 443
420 63 405 443
421 72 405 444
422 70 408 446
423 70 408 448
424 69 409 450
425 67 410 451
426 67 410 451
427 68 411 453
428 69 412 454
429 70 413 456
430 71 413 457
431 75 413 457
432 74 414 457
433 80 414 457
434 82 414 457
435 84 415 458
436 84 415 459
437 84 417 459
438 86 417 461
439 85 418 463
440 80 421 465
441 84 422 466
442 83 423 469
443 85 425 469
444 79 427 473
445 78 428 473
446 80 430 475
447 81 430 476
448 80 431 477
449 78 432 478
450 76 433 480
451 76 434 481
452 73 439 481
453 71 441 481
454 72 442 481
455 74 444 483
456 74 446 483
457 76 447 484
458 74 447 486
459 71 448 492
460 70 448 493
461 74 448 493
462 74 450 493
463 74 451 496
464 73 451 498
465 73 452 499
466 72 453 499
467 74 454 500
468 71 455 502
469 79 455 502
470 76 457 503
471 80 458 504
472 77 460 505
473 78 465 505
474 77 465 507
475 79 466 508
476 79 466 508
477 83 467 511
478 85 468 511
479 90 469 511
480 92 469 512
481 96 469 514
482 99 469 517
483 101 471 519
484 99 474 519
485 99 475 520
486 100 476 520
487 100 480 522
488 100 480 524
489 105 484 525
490 105 486 525
491 104 486 528
492 102 488 531
493 110 488 533
494 110 489 535
495 108 489 537
496 106 490 539
497 105 493 539
498 102 495 541
499 103 496 541
500 99 499 543
501 104 500 543
502 102 501 546
503 103 503 549
504 101 503 552
505 103 503 554
506 100 506 557
507 109 508 558
508 107 509 559
509 107 512 562
510 103 514 564
511 104 515 566
512 108 515 568
513 114 516 569
514 111 518 571
515 112 521 571
516 110 522 573
517 118 523 574
518 119 523 575
519 121 523 577
520 118 525 579
521 122 527 581
522 121 528 583
523 121 530 585
524 118 533 586
525 126 535 586
526 126 536 587
527 129 536 590
528 134 536 591
529 138 539 592
530 137 541 595
531 141 543 595
532 144 543 596
533 142 544 599
534 140 547 601
535 142 547 603
536 143 547 604
537 145 549 604
538 145 549 607
539 150 550 607
540 145 553 610
541 157 553 610
542 157 553 613
543 159 553 615
544 160 555 617
545 161 558 619
546 160 559 623
547 159 561 626
548 159 566 626
549 164 567 628
550 165 571 632
551 170 573 635
552 174 573 637
553 174 575 641
554 172 578 643
555 168 582 647
556 170 583 649
557 187 583 650
558 179 590 653
559 178 590 656
560 180 591 659
561 183 595 660
562 186 596 664
563 185 598 667
564 183 601 670
565 181 607 670
566 179 609 672
567 178 612 676
568 177 616 678
569 179 619 681
570 182 621 684
571 191 624 686
572 186 628 690
573 188 630 692
574 181 633 698
575 179 637 700
576 182 644 700
577 196 644 702
578 199 648 705
579 202 652 706
580 198 656 708
581 203 660 709
582 201 662 711
583 207 666 711
584 205 669 718
585 205 673 722
586 202 677 726
587 201 682 730
588 199 687 732
589 198 693 735
590 197 696 740
591 204 701 742
592 203 702 743
593 205 707 746
594 207 710 747
595 214 711 749
596 214 713 751
597 221 714 755
598 219 718 757
599 217 721 762
600 220 722 763
601 224 726 765
602 220 727 771
603 224 732 774
604 215 736 781
605 214 738 788
606 217 740 790
607 216 744 793
608 216 745 796
609 220 746 801
610 223 748 804
611 223 750 808
612 224 752 809
613 218 758 815
614 221 759 818
615 215 764 823
616 213 767 827
617 201 774 834
618 201 777 836
619 206 780 842
620 202 784 846
621 203 786 851
622 206 789 852
623 202 793 856
624 194 798 861
625 193 802 866
626 191 805 869
627 189 810 872
628 186 811 876
629 189 812 882
630 185 815 885
631 185 818 888
632 184 820 890
633 185 825 890
634 178 831 894
635 179 834 896
636 178 836 899
637 181 839 901
638 181 840 902
639 180 846 905
640 171 852 910
641 178 854 913
642 178 855 918
643 176 856 923
644 174 860 924
645 168 862 928
646 171 864 928
647 172 867 928
648 171 868 932
649 172 871 934
650 170 873 938
651 169 874 944
652 168 875 948
653 170 877 950
654 167 878 955
655 166 879 961
656 166 881 962
657 171 882 962
658 167 883 967
659 168 889 968
660 163 893 971
661 161 895 973
662 161 896 976
663 168 897 978
664 166 901 979
665 170 901 981
666 169 903 982
667 165 905 986
668 169 907 986
669 170 909 991
670 172 909 994
671 172 913 998
672 171 917 1000
673 171 920 1003
674 171 922 1004
675 173 924 1008
676 171 924 1013
677 175 926 1013
678 173 930 1014
679 169 934 1018
680 167 936 1021
681 172 936 1024
682 178 938 1026
683 178 941 1031
684 173 944 1035
685 177 947 1038
686 176 949 1042
687 179 949 1045
688 178 950 1045
689 184 951 1048
690 179 956 1054
691 190 957 1054
692 186 962 1057
693 184 964 1061
694 184 966 1064
695 184 968 1068
696 185 968 1068
697 189 969 1071
698 190 970 1074
699 190 971 1075
700 184 974 1081
701 183 977 1083
702 182 980 1086
703 184 983 1089
704 183 987 1091
705 187 989 1091
706 185 993 1092
707 188 994 1094
708 183 1001 1097
709 186 1003 1100
710 181 1006 1105
711 179 1008 1109
712 178 1010 1112
713 176 1014 1116
714 171 1018 1120
715 168 1022 1123
716 158 1030 1127
717 161 1034 1130
718 159 1036 1131
719 164 1037 1133
720 162 1039 1136
721 166 1040 1141
722 159 1047 1143
723 161 1049 1145
724 161 1050 1148
725 163 1054 1150
726 157 1061 1151
727 158 1066 1153
728 158 1069 1155
729 161 1070 1157
730 157 1077 1158
731 154 1081 1161
732 146 1084 1167
733 139 1090 1170
734 139 1091 1171
735 146 1091 1176
736 143 1097 1177
737 151 1097 1177
738 152 1100 1177
739 159 1103 1179
740 161 1106 1180
741 161 1108 1182
742 154 1109 1194
743 152 1111 1198
744 154 1112 1201
745 155 1115 1203
746 154 1117 1207
747 150 1122 1210
748 145 1125 1215
749 143 1128 1216
750 148 1129 1216
751 148 1133 1218
752 154 1133 1220
753 152 1135 1224
754 152 1141 1226
755 160 1142 1227
756 159 1143 1231
757 161 1144 1232
758 152 1150 1235
759 158 1151 1236
760 158 1151 1237
761 169 1152 1237
762 175 1153 1237
763 178 1153 1238
764 183 1153 1240
765 192 1156 1242
766 193 1159 1245
767 203 1161 1247
768 204 1164 1249
769 200 1168 1253
770 200 1173 1258
771 212 1173 1262
772 216 1176 1264
773 223 1177 1268
774 214 1180 1275
775 216 1184 1279
776 217 1189 1284
777 223 1195 1288
778 222 1199 1293
779 223 1205 1298
780 214 1209 1307
781 220 1212 1312
782 224 1213 1316
783 233 1217 1319
784 229 1222 1324
785 220 1230 1331
786 216 1236 1332
787 215 1241 1336
788 209 1244 1341
789 218 1246 1344
790 213 1248 1351
791 213 1251 1354
792 214 1257 1355
793 227 1257 1360
794 215 1267 1366
795 216 1272 1370
796 212 1275 1375
797 204 1283 1381
798 198 1287 1386
799 199 1293 1389
800 191 1301 1392
801 194 1302 1394
802 191 1307 1398
803 199 1309 1398
804 194 1316 1400
805 203 1317 1400
806 200 1321 1404
807 196 1322 1407
808 192 1326 1411
809 197 1327 1413
810 194 1330 1418
811 199 1331 1420
812 196 1333 1423
813 193 1339 1424
814 190 1342 1427
815 195 1344 1428
816 192 1344 1432
817 199 1346 1433
818 199 1348 1437
819 202 1349 1439
820 198 1355 1444
821 202 1360 1445
822 195 1366 1449
823 192 1369 1453
824 186 1374 1457
825 189 1377 1459
826 188 1382 1461
827 190 1383 1466
828 193 1383 1469
829 197 1384 1470
830 193 1388 1475
831 190 1388 1478
832 188 1391 1480
833 186 1394 1483
834 181 1398 1486
835 180 1400 1491
836 178 1401 1494
837 180 1404 1495
838 174 1408 1499
839 173 1409 1505
840 175 1411 1507
841 182 1415 1510
842 183 1417 1511
843 188 1419 1514
844 183 1423 1516
845 190 1427 1519
846 193 1430 1521
847 199 1433 1524
848 199 1434 1525
849 196 1438 1528
850 193 1441 1530
851 191 1442 1533
852 188 1444 1536
853 192 1446 1540
854 192 1446 1541
855 203 1448 1542
856 205 1449 1543
857 207 1453 1545
858 206 1455 1549
859 203 1460 1551
860 201 1463 1556
861 217 1465 1560
862 216 1469 1564
863 220 1472 1567
864 222 1475 1570
865 228 1478 1573
866 223 1481 1576
867 229 1486 1579
868 234 1488 1580
869 235 1491 1584
870 233 1495 1585
871 242 1496 1585
872 242 1498 1588
873 244 1500 1592
874 245 1504 1595
875 247 1508 1597
876 247 1511 1599
877 242 1513 1602
878 239 1519 1606
879 251 1521 1608
880 248 1525 1611
881 253 1529 1612
882 244 1536 1619
883 255 1537 1625
884 249 1545 1626
885 260 1547 1627
886 264 1549 1629
887 261 1550 1633
888 262 1551 1640
889 257 1554 1648
890 255 1557 1652
891 270 1557 1653
892 264 1560 1657
893 264 1563 1660
894 270 1565 1663
895 261 1567 1672
896 262 1568 1676
897 268 1573 1679
898 263 1576 1683
899 267 1582 1689
900 272 1584 1691
901 284 1589 1692
902 277 1597 1696
903 288 1600 1702
904 283 1608 1707
905 286 1612 1712
906 281 1616 1719
907 287 1622 1723
908 289 1625 1726
909 299 1628 1731
910 298 1632 1734
911 303 1637 1740
912 301 1641 1743
913 307 1644 1748
914 311 1649 1753
915 303 1653 1763
916 301 1659 1767
917 307 1663 1775
918 306 1666 1779
919 313 1671 1783
920 313 1672 1784
921 317 1674 1792
922 322 1676 1794
923 329 1679 1796
924 325 1687 1800
925 335 1691 1808
926 328 1702 1814
927 321 1711 1818
928 318 1715 1826
929 313 1720 1832
930 311 1725 1833
931 310 1728 1839
932 307 1731 1843
933 320 1732 1849
934 320 1736 1853
935 317 1738 1860
936 322 1739 1864
937 332 1743 1868
938 329 1747 1870
939 332 1756 1874
940 331 1761 1878
941 331 1767 1884
942 334 1768 1889
943 344 1772 1893
944 337 1777 1900
945 346 1781 1905
946 337 1789 1912
947 347 1792 1917
948 342 1799 1922
949 342 1803 1928
950 345 1808 1929
951 346 1817 1939
952 337 1823 1948
953 357 1832 1949
954 361 1835 1953
955 360 1844 1961
956 352 1856 1963
957 358 1863 1970
958 352 1866 1974
959 354 1873 1979
960 343 1881 1987
961 341 1884 1992
962 334 1894 1996
963 335 1901 2000
964 339 1905 2002
965 338 1916 2004
966 334 1922 2008
967 337 1931 2012
968 334 1936 2019
969 343 1943 2025
970 348 1945 2030
971 358 1949 2032
972 358 1955 2037
973 353 1960 2043
974 352 1964 2046
975 349 1969 2052
976 336 1982 2060
977 344 1986 2066
978 349 1987 2070
979 352 1992 2074
980 354 1999 2075
981 346 2007 2085
982 349 2010 2089
983 349 2016 2095
984 350 2020 2100
985 356 2026 2106
986 353 2030 2116
987 356 2033 2122
988 355 2037 2127
989 362 2041 2128
990 362 2044 2135
991 364 2052 2143
992 359 2060 2150
993 357 2071 2159
994 353 2077 2166
995 354 2087 2171
996 357 2088 2174
997 356 2097 2180
998 357 2099 2182
999 362 2107 2185
1000 354 2114 2194
1001 361 2118 2199
1002 360 2122 2205
1003 375 2125 2209
1004 378 2131 2212
1005 384 2138 2215
1006 385 2143 2219
1007 400 2150 2223
1008 395 2157 2228
1009 406 2166 2232
1010 406 2172 2238
1011 418 2176 2244
1012 413 2183 2249
1013 409 2188 2258
1014 404 2194 2263
1015 413 2199 2269
1016 410 2205 2276
1017 417 2211 2277
1018 417 2216 2281
1019 434 2220 2284
1020 435 2225 2290
1021 438 2232 2298
1022 442 2239 2303
1023 448 2248 2308
1024 443 2252 2317
1025 439 2268 2319
1026 444 2274 2326
1027 448 2281 2335
1028 449 2287 2341
1029 456 2292 2345
1030 455 2299 2352
1031 468 2305 2357
1032 470 2311 2364
1033 466 2315 2376
1034 466 2323 2377
1035 474 2333 2389
1036 473 2337 2397
1037 479 2342 2402
1038 471 2352 2408
1039 488 2359 2412
1040 485 2364 2422
1041 504 2367 2426
1042 505 2377 2429
1043 520 2382 2437
1044 522 2387 2445
1045 539 2394 2453
1046 530 2403 2464
1047 551 2405 2471
1048 548 2416 2478
1049 541 2422 2491
1050 530 2434 2501
1051 530 2443 2514
1052 526 2446 2521
1053 539 2458 2528
1054 541 2461 2533
1055 544 2470 2543
1056 533 2479 2554
1057 530 2486 2564
1058 528 2494 2572
1059 538 2501 2583
1060 530 2513 2590
1061 529 2526 2600
1062 523 2534 2608
1063 522 2539 2612
1064 514 2549 2623
1065 526 2555 2631
1066 524 2563 2638
1067 542 2571 2644
1068 537 2577 2655
1069 549 2582 2662
1070 544 2585 2674
1071 557 2594 2678
1072 556 2597 2687
1073 574 2606 2698
1074 565 2615 2705
1075 580 2624 2717
1076 568 2638 2726
1077 578 2645 2737
1078 573 2649 2745
1079 589 2653 2755
1080 577 2666 2766
1081 582 2673 2774
1082 575 2687 2782
1083 578 2698 2790
1084 568 2709 2798
1085 588 2714 2803
1086 589 2722 2811
1087 596 2729 2819
1088 601 2732 2829
1089 616 2738 2836
1090 617 2746 2846
1091 620 2756 2861
1092 601 2772 2874
1093 596 2782 2885
1094 587 2796 2892
1095 613 2800 2896
1096 603 2810 2904
1097 604 2822 2915
1098 596 2837 2923
1099 594 2847 2935
1100 593 2854 2939
1101 592 2866 2948
1102 587 2874 2957
1103 595 2886 2969
1104 590 2894 2976
1105 616 2901 2981
1106 613 2908 2990
1107 615 2914 3000
1108 606 2927 3008
1109 620 2935 3014
1110 615 2946 3021
1111 620 2958 3032
1112 606 2972 3044
1113 622 2980 3052
1114 619 2985 3060
1115 610 2997 3073
1116 612 3005 3079
1117 627 3013 3092
1118 617 3027 3102
1119 615 3038 3115
1120 620 3044 3121
1121 620 3054 3133
1122 623 3059 3147
1123 623 3064 3158
1124 612 3075 3167
1125 608 3085 3177
1126 607 3096 3185
1127 611 3108 3195
1128 615 3111 3200
1129 623 3124 3207
1130 625 3128 3215
1131 639 3134 3223
1132 628 3144 3233
1133 634 3154 3241
1134 628 3161 3250
1135 644 3164 3259
1136 647 3171 3263
1137 656 3184 3273
1138 648 3191 3288
1139 658 3200 3295
1140 658 3206 3308
1141 665 3213 3318
1142 672 3219 3330
1143 679 3224 3342
1144 683 3228 3353
1145 691 3243 3362
1146 693 3248 3370
1147 708 3259 3384
1148 691 3276 3402
1149 721 3289 3409
1150 711 3303 3416
1151 716 3311 3431
1152 707 3324 3446
1153 719 3331 3457
1154 715 3343 3470
1155 725 3356 3483
1156 715 3368 3495
1157 727 3373 3508
1158 731 3378 3515
1159 739 3397 3522
1160 744 3407 3530
1161 754 3420 3541
1162 758 3433 3546
1163 784 3437 3552
1164 774 3448 3567
1165 781 3460 3578
1166 779 3471 3588
1167 805 3482 3597
1168 806 3498 3608
1169 812 3507 3625
1170 798 3521 3640
1171 815 3539 3647
1172 812 3548 3653
1173 823 3560 3668
1174 817 3567 3679
1175 822 3577 3694
1176 819 3590 3702
1177 813 3605 3719
1178 807 3615 3728
1179 834 3627 3737
1180 815 3642 3757
1181 819 3653 3772
1182 817 3670 3779
1183 826 3675 3789
1184 825 3683 3798
1185 844 3693 3809
1186 832 3704 3822
1187 846 3718 3832
1188 831 3737 3847
1189 843 3750 3860
1190 833 3765 3871
1191 829 3778 3880
1192 822 3792 3894
1193 845 3800 3907
1194 850 3810 3915
1195 871 3821 3931
1196 860 3836 3950
1197 881 3844 3963
1198 874 3852 3977
1199 887 3871 3993
1200 885 3884 4000
1201 897 3901 4011
1202 880 3919 4025
1203 879 3932 4041
1204 868 3946 4058
1205 890 3959 4069
1206 882 3973 4080
1207 887 3987 4095
1208 882 3998 4106
1209 878 4009 4115
1210 868 4025 4127
1211 874 4046 4140
1212 872 4056 4151
1213 879 4068 4166
1214 877 4080 4182
1215 888 4091 4192
1216 881 4104 4208
1217 888 4121 4220
1218 885 4133 4231
1219 888 4146 4247
1220 888 4157 4258
1221 917 4167 4267
1222 910 4182 4279
1223 931 4190 4284
1224 924 4209 4297
1225 940 4221 4315
1226 929 4232 4331
1227 942 4251 4343
1228 938 4272 4354
1229 957 4290 4363
1230 957 4299 4375
1231 980 4307 4398
1232 966 4320 4418
1233 989 4332 4427
1234 988 4342 4442
1235 1008 4364 4458
1236 997 4382 4477
1237 988 4397 4495
1238 976 4413 4512
1239 997 4431 4527
1240 1003 4438 4539
1241 1018 4450 4554
1242 1012 4464 4567
1243 1026 4481 4580
1244 1022 4486 4592
1245 1043 4505 4608
1246 1040 4521 4620
1247 1057 4542 4638
1248 1058 4556 4656
1249 1081 4574 4673
1250 1079 4591 4684
1251 1102 4611 4695
1252 1098 4627 4709
1253 1126 4644 4724
1254 1122 4665 4738
1255 1148 4686 4755
1256 1127 4706 4769
1257 1111 4735 4788
1258 1098 4747 4811
1259 1091 4764 4829
1260 1082 4778 4842
1261 1102 4794 4860
1262 1093 4812 4874
1263 1095 4828 4888
1264 1087 4849 4903
1265 1105 4862 4920
1266 1109 4874 4931
1267 1121 4891 4942
1268 1112 4905 4956
1269 1132 4919 4978
1270 1124 4933 4995
1271 1121 4949 5014
1272 1107 4965 5033
1273 1131 4981 5049
1274 1125 4999 5066
1275 1140 5015 5079
1276 1141 5030 5091
1277 1164 5045 5111
1278 1170 5057 5122
1279 1179 5079 5145
1280 1163 5100 5167
1281 1197 5113 5180
1282 1177 5134 5202
1283 1201 5150 5214
1284 1202 5164 5230
1285 1218 5175 5255
1286 1206 5201 5271
1287 1233 5218 5281
1288 1196 5252 5304
1289 1195 5272 5319
1290 1184 5300 5335
1291 1188 5316 5359
1292 1187 5333 5372
1293 1201 5358 5393
1294 1192 5374 5415
1295 1203 5397 5433
1296 1183 5412 5457
1297 1196 5430 5474
1298 1173 5452 5494
1299 1193 5466 5510
1300 1189 5482 5525
1301 1232 5494 5538
1302 1217 5522 5554
1303 1234 5536 5577
1304 1223 5558 5596
1305 1231 5579 5619
1306 1220 5596 5634
1307 1231 5613 5652
1308 1223 5639 5668
1309 1231 5655 5692
1310 1227 5673 5715
1311 1219 5701 5737
1312 1203 5720 5752
1313 1208 5739 5774
1314 1194 5759 5793
1315 1213 5776 5809
1316 1210 5782 5827
1317 1215 5801 5847
1318 1201 5820 5875
1319 1205 5840 5889
1320 1192 5864 5907
1321 1200 5881 5922
1322 1190 5898 5937
1323 1204 5913 5954
1324 1194 5934 5968
1325 1218 5950 5986
1326 1202 5967 6004
1327 1202 5990 6021
1328 1177 6011 6046
1329 1182 6035 6063
1330 1171 6054 6078
1331 1190 6068 6097
1332 1177 6094 6111
1333 1205 6107 6128
1334 1213 6124 6143
1335 1254 6134 6170
1336 1236 6152 6191
1337 1236 6168 6213
1338 1219 6195 6228
1339 1223 6223 6250
1340 1207 6242 6268
1341 1219 6264 6288
1342 1214 6279 6308
1343 1261 6293 6323
1344 1252 6316 6342
1345 1275 6332 6355
1346 1265 6357 6365
1347 1253 6385 6387
1348 1243 6405 6405
1349 1272 6420 6423
1350 1265 6442 6443
1351 1273 6464 6465
1352 1256 6492 6484
1353 1255 6508 6507
1354 1244 6525 6529
1355 1250 6543 6545
1356 1241 6557 6571
1357 1258 6572 6587
1358 1248 6597 6601
1359 1273 6614 6623
1360 1245 6639 6653
1361 1265 6660 6672
1362 1253 6687 6688
1363 1289 6710 6701
1364 1274 6728 6727
1365 1287 6744 6752
1366 1271 6764 6774
1367 1282 6779 6794
1368 1281 6794 6810
1369 1300 6813 6828
1370 1283 6833 6847
1371 1267 6858 6874
1372 1262 6873 6892
1373 1270 6904 6911
1374 1265 6921 6928
1375 1280 6946 6946
1376 1277 6972 6957
1377 1301 6983 6978
1378 1290 7007 6996
1379 1318 7025 7008
1380 1327 7041 7020
1381 1338 7064 7042
1382 1322 7082 7062
1383 1320 7110 7084
1384 1301 7130 7108
1385 1316 7148 7135
1386 1311 7170 7160
1387 1306 7193 7188
1388 1306 7215 7205
1389 1332 7232 7220
1390 1304 7261 7253
1391 1334 7282 7268
1392 1327 7298 7283
1393 1332 7323 7301
1394 1333 7344 7318
1395 1349 7363 7339
1396 1335 7382 7368
1397 1356 7394 7387
1398 1340 7414 7412
1399 1358 7440 7432
1400 1361 7451 7453
1401 1376 7474 7475
1402 1365 7490 7506
1403 1393 7511 7525
1404 1366 7538 7548
1405 1383 7560 7571
1406 1386 7581 7588
1407 1427 7601 7599
1408 1418 7625 7622
1409 1450 7647 7638
1410 1431 7669 7665
1411 1454 7696 7685
1412 1436 7724 7716
1413 1450 7746 7740
1414 1430 7762 7764
1415 1441 7785 7784
1416 1440 7800 7806
1417 1453 7820 7827
1418 1439 7843 7852
1419 1475 7861 7872
1420 1459 7886 7893
1421 1467 7905 7922
1422 1445 7926 7950
1423 1457 7947 7973
1424 1440 7979 7995
1425 1457 7991 8016
1426 1438 8020 8038
1427 1451 8045 8054
1428 1444 8069 8077
1429 1477 8084 8089
1430 1461 8108 8109
1431 1483 8129 8130
1432 1472 8151 8150
1433 1494 8173 8172
1434 1471 8205 8196
1435 1494 8225 8215
1436 1480 8249 8231
1437 1499 8275 8262
1438 1491 8301 8282
1439 1491 8327 8308
1440 1481 8352 8332
1441 1517 8371 8349
1442 1506 8385 8374
1443 1556 8402 8397
1444 1531 8426 8428
1445 1565 8443 8451
1446 1554 8464 8471
1447 1573 8493 8495
1448 1551 8525 8516
1449 1574 8551 8537
1450 1553 8578 8558
1451 1560 8598 8583
1452 1556 8620 8598
1453 1584 8639 8621
1454 1548 8671 8650
1455 1590 8694 8671
1456 1580 8709 8689
1457 1606 8729 8719
1458 1592 8747 8750
1459 1628 8771 8774
1460 1618 8797 8792
1461 1635 8819 8811
1462 1619 8841 8839
1463 1641 8862 8866
1464 1631 8880 8895
1465 1633 8911 8922
1466 1613 8937 8943
1467 1611 8959 8973
1468 1601 8974 9004
1469 1632 8997 9026
1470 1619 9030 9050
1471 1652 9052 9069
1472 1643 9082 9088
1473 1647 9096 9114
1474 1624 9122 9139
1475 1642 9149 9168
1476 1635 9182 9188
1477 1648 9206 9219
1478 1634 9229 9240
1479 1656 9251 9260
1480 1641 9279 9282
1481 1660 9313 9301
1482 1638 9345 9328
1483 1635 9374 9358
1484 1599 9402 9390
1485 1613 9422 9416
1486 1580 9457 9446
1487 1621 9480 9472
1488 1614 9504 9501
1489 1629 9536 9518
1490 1611 9561 9537
1491 1633 9585 9559
1492 1615 9613 9578
1493 1640 9631 9611
1494 1646 9650 9624
1495 1667 9672 9649
1496 1660 9697 9681
1497 1659 9733 9712
1498 1635 9761 9744
1499 1658 9787 9773
1500 1643 9804 9802
1501 1681 9830 9820
1502 1680 9851 9848
1503 1712 9871 9876
1504 1710 9892 9896
1505 1742 9916 9920
1506 1728 9939 9950
1507 1762 9964 9977
1508 1750 9994 9999
1509 1764 10014 10023
1510 1759 10025 10054
1511 1784 10049 10075
1512 1771 10073 10100
1513 1812 10095 10121
1514 1801 10128 10151
1515 1811 10157 10180
1516 1794 10180 10214
1517 1828 10202 10242
1518 1799 10240 10270
1519 1803 10267 10303
1520 1782 10301 10332
1521 1853 10325 10355
1522 1821 10358 10384
1523 1850 10379 10416
1524 1838 10407 10442
1525 1862 10432 10475
1526 1855 10458 10503
1527 1838 10483 10545
1528 1825 10509 10575
1529 1870 10540 10599
1530 1859 10565 10632
1531 1880 10592 10668
1532 1857 10631 10689
1533 1876 10658 10709
1534 1840 10696 10746
1535 1842 10735 10769
1536 1824 10760 10795
1537 1874 10792 10817
1538 1862 10819 10841
1539 1881 10847 10870
1540 1880 10870 10898
1541 1908 10895 10931
1542 1893 10923 10954
1543 1924 10943 10973
1544 1917 10968 10994
1545 1947 10993 11025
1546 1935 11020 11053
1547 1952 11049 11083
1548 1929 11082 11113
1549 1964 11110 11144
1550 1970 11130 11169
1551 1991 11166 11202
1552 1982 11198 11223
1553 2010 11225 11256
1554 1996 11254 11288
1555 2021 11282 11319
1556 2000 11312 11349
1557 2018 11350 11387
1558 2004 11375 11420
1559 2040 11403 11448
1560 2020 11436 11481
1561 2040 11466 11511
1562 2017 11495 11548
1563 2059 11519 11576
1564 2044 11552 11605
1565 2074 11584 11641
1566 2045 11618 11683
1567 2087 11643 11702
1568 2056 11688 11741
1569 2084 11708 11773
1570 2057 11747 11804
1571 2071 11784 11839
1572 2050 11808 11867
1573 2075 11849 11897
1574 2062 11888 11924
1575 2092 11924 11946
1576 2075 11957 11974
1577 2125 11981 12008
1578 2117 12003 12042
1579 2153 12031 12074
1580 2128 12070 12095
1581 2138 12107 12128
1582 2117 12138 12157
1583 2159 12166 12181
1584 2139 12198 12218
1585 2148 12242 12247
1586 2136 12277 12283
1587 2165 12315 12310
1588 2155 12355 12339
1589 2183 12393 12367
1590 2172 12418 12399
1591 2209 12454 12430
1592 2180 12488 12467
1593 2182 12520 12513
1594 2152 12554 12555
1595 2184 12580 12589
1596 2168 12609 12629
1597 2177 12649 12658
1598 2156 12687 12691
1599 2155 12731 12732
1600 2116 12768 12772
1601 2149 12806 12801
1602 2131 12833 12824
1603 2156 12863 12857
1604 2132 12895 12893
1605 2159 12930 12933
1606 2151 12964 12962
1607 2161 13000 12996
1608 2157 13028 13019
1609 2214 13052 13052
1610 2210 13083 13080
1611 2221 13123 13117
1612 2200 13155 13161
1613 2232 13186 13194
1614 2219 13221 13224
1615 2235 13250 13261
1616 2230 13280 13287
1617 2273 13314 13306
1618 2256 13345 13334
1619 2287 13387 13373
1620 2263 13414 13418
1621 2280 13446 13449
1622 2252 13484 13486
1623 2286 13520 13520
1624 2262 13559 13554
1625 2277 13586 13590
1626 2274 13617 13611
1627 2318 13651 13637
1628 2309 13686 13671
1629 2353 13720 13695
1630 2335 13761 13724
1631 2361 13804 13755
1632 2351 13830 13788
1633 2382 13873 13816
1634 2363 13913 13848
1635 2409 13947 13882
1636 2395 13986 13911
1637 2418 14023 13955
1638 2386 14067 13992
1639 2428 14103 14028
1640 2405 14145 14071
1641 2458 14179 14112
1642 2440 14214 14142
1643 2456 14249 14173
1644 2423 14285 14206
1645 2427 14321 14238
1646 2421 14359 14270
1647 2429 14405 14314
1648 2400 14454 14346
1649 2404 14497 14391
1650 2395 14532 14422
1651 2432 14565 14448
1652 2404 14600 14489
1653 2453 14641 14519
1654 2426 14682 14556
1655 2440 14728 14598
1656 2422 14766 14637
1657 2443 14794 14674
1658 2435 14836 14706
1659 2465 14871 14739
1660 2458 14906 14768
1661 2510 14948 14806
1662 2495 14985 14841
1663 2545 15021 14879
1664 2516 15064 14922
1665 2530 15098 14966
1666 2526 15130 15003
1667 2559 15173 15029
1668 2549 15207 15066
1669 2555 15255 15106
1670 2539 15293 15144
1671 2563 15324 15181
1672 2548 15356 15218
1673 2590 15392 15260
1674 2579 15427 15295
1675 2588 15471 15350
1676 2539 15521 15402
1677 2566 15559 15443
1678 2533 15600 15476
1679 2578 15638 15517
1680 2547 15675 15557
1681 2569 15707 15605
1682 2541 15743 15653
1683 2560 15787 15692
1684 2540 15818 15732
1685 2596 15862 15764
1686 2572 15903 15797
1687 2620 15935 15831
1688 2590 15972 15874
1689 2626 16011 15909
1690 2607 16054 15945
1691 2647 16084 15981
1692 2628 16122 16017
1693 2679 16153 16061
1694 2642 16194 16106
1695 2708 16229 16141
1696 2689 16267 16185
1697 2731 16296 16234
1698 2737 16329 16269
1699 2798 16371 16302
1700 2776 16410 16347
1701 2855 16442 16376
1702 2852 16476 16413
1703 2892 16523 16452
1704 2876 16559 16495
1705 2919 16599 16532
1706 2908 16640 16581
1707 2943 16672 16644
1708 2914 16723 16692
1709 2992 16770 16733
1710 2976 16820 16773
1711 3022 16867 16812
1712 3002 16914 16857
1713 3040 16963 16902
1714 3024 17005 16950
1715 3030 17062 16987
1716 2998 17107 17032
1717 3022 17152 17085
1718 3008 17197 17117
1719 3073 17233 17160
1720 3042 17288 17208
1721 3087 17336 17253
1722 3071 17376 17299
1723 3116 17417 17343
1724 3082 17458 17397
1725 3119 17498 17438
1726 3092 17540 17488
1727 3124 17587 17541
1728 3094 17632 17581
1729 3140 17682 17619
1730 3127 17720 17665
1731 3181 17760 17715
1732 3157 17806 17757
1733 3222 17856 17806
1734 3216 17897 17853
1735 3305 17941 17888
1736 3253 18006 17943
1737 3303 18053 17994
1738 3289 18093 18038
1739 3333 18141 18084
1740 3316 18171 18130
1741 3352 18224 18171
1742 3325 18280 18225
1743 3378 18317 18281
1744 3348 18360 18333
1745 3392 18414 18381
1746 3385 18453 18431
1747 3439 18518 18476
1748 3410 18566 18522
1749 3494 18613 18563
1750 3466 18661 18622
1751 3525 18714 18676
1752 3498 18758 18731
1753 3558 18801 18788
1754 3522 18858 18831
1755 3594 18905 18874
1756 3571 18953 18938
1757 3620 19002 18984
1758 3620 19055 19022
1759 3669 19111 19087
1760 3654 19160 19129
1761 3685 19221 19173
1762 3652 19271 19235
1763 3749 19317 19278
1764 3712 19376 19333
1765 3795 19419 19383
1766 3751 19490 19439
1767 3813 19539 19486
1768 3772 19595 19551
1769 3795 19658 19623
1770 3768 19703 19680
1771 3827 19765 19739
1772 3789 19824 19803
1773 3829 19901 19866
1774 3772 19962 19933
1775 3813 20012 19984
1776 3792 20072 20040
1777 3832 20131 20089
1778 3797 20192 20148
1779 3894 20257 20192
1780 3851 20320 20263
1781 3896 20370 20328
1782 3869 20420 20397
1783 3938 20476 20450
1784 3892 20536 20514
1785 3967 20591 20566
1786 3943 20644 20636
1787 3947 20702 20696
1788 3902 20776 20746
1789 3977 20835 20794
1790 3948 20888 20860
1791 4017 20936 20913
1792 3963 20999 20972
1793 4014 21049 21031
1794 3970 21111 21098
1795 4046 21162 21147
1796 3994 21227 21219
1797 4053 21281 21286
1798 4032 21333 21338
1799 4059 21383 21401
1800 4055 21450 21459
1801 4112 21521 21509
1802 4066 21600 21574
1803 4107 21672 21637
1804 4062 21728 21704
1805 4097 21790 21767
1806 4066 21845 21816
1807 4114 21919 21872
1808 4083 21983 21930
1809 4144 22052 21994
1810 4092 22119 22059
1811 4155 22171 22110
1812 4149 22225 22158
1813 4237 22274 22219
1814 4200 22340 22278
1815 4242 22400 22346
1816 4212 22456 22419
1817 4298 22521 22474
1818 4272 22576 22540
1819 4314 22631 22609
1820 4268 22698 22675
1821 4321 22764 22726
1822 4283 22841 22779
1823 4305 22919 22845
1824 4290 22967 22909
1825 4385 23045 22962
1826 4346 23105 23029
1827 4396 23177 23101
1828 4352 23249 23167
1829 4403 23323 23230
1830 4351 23412 23287
1831 4377 23486 23351
1832 4311 23557 23423
1833 4348 23629 23486
1834 4285 23708 23557
1835 4359 23780 23627
1836 4318 23853 23688
1837 4368 23918 23749
1838 4299 24004 23822
1839 4290 24090 23893
1840 4250 24160 23958
1841 4323 24216 24023
1842 4255 24300 24092
1843 4327 24376 24144
1844 4269 24451 24233
1845 4312 24526 24297
1846 4296 24583 24347
1847 4357 24641 24408
1848 4296 24722 24470
1849 4354 24793 24531
1850 4307 24866 24586
1851 4353 24929 24653
1852 4310 24990 24729
1853 4384 25047 24788
1854 4327 25110 24867
1855 4364 25184 24946
1856 4321 25256 25019
1857 4375 25334 25081
1858 4353 25402 25142
1859 4418 25468 25209
1860 4391 25536 25268
1861 4423 25611 25335
1862 4397 25675 25395
1863 4479 25745 25443
1864 4447 25796 25501
1865 4481 25869 25580
1866 4440 25942 25645
1867 4498 26008 25711
1868 4475 26078 25768
1869 4484 26156 25839
1870 4431 26223 25914
1871 4516 26278 25976
1872 4482 26354 26040
1873 4544 26419 26113
1874 4511 26482 26168
1875 4584 26549 26230
1876 4522 26633 26302
1877 4589 26693 26367
1878 4566 26754 26430
1879 4627 26810 26509
1880 4571 26888 26588
1881 4655 26966 26646
1882 4591 27038 26733
1883 4636 27119 26805
1884 4585 27191 26883
1885 4653 27272 26960
1886 4624 27336 27024
1887 4686 27407 27087
1888 4668 27474 27156
1889 4739 27545 27220
1890 4693 27618 27296
1891 4760 27692 27379
1892 4731 27767 27446
1893 4812 27820 27518
1894 4764 27896 27594
1895 4821 27978 27659
1896 4796 28045 27729
1897 4828 28110 27804
1898 4766 28182 27892
1899 4828 28268 27972
1900 4823 28332 28029
1901 4925 28399 28106
1902 4902 28465 28192
1903 4985 28550 28264
1904 4916 28648 28339
1905 4963 28717 28425
1906 4905 28786 28511
1907 4961 28850 28585
1908 4951 28918 28645
1909 5046 28976 28718
