0 50 0 0
1 47 1 2
2 45 2 3
3 45 2 5
4 43 5 5
5 42 6 5
6 41 9 5
7 45 9 5
8 44 10 5
9 52 10 5
10 53 10 5
11 52 10 8
12 51 11 10
13 54 11 11
14 54 13 11
15 53 13 12
16 56 14 12
17 62 14 12
18 62 14 13
19 62 17 14
20 62 19 16
21 66 19 16
22 67 19 17
23 66 21 18
24 65 23 19
25 67 25 19
26 67 25 19
27 68 25 20
28 68 27 20
29 73 28 20
30 75 28 21
31 72 30 22
32 72 31 22
33 76 31 22
34 76 32 23
35 78 33 24
36 78 33 26
37 79 34 26
38 77 35 29
39 79 35 31
40 75 37 33
41 76 39 34
42 77 39 35
43 78 41 36
44 79 41 37
45 79 42 38
46 75 45 40
47 79 47 40
48 81 47 41
49 85 48 42
50 84 48 43
51 84 48 43
52 83 48 44
53 91 48 46
54 91 48 50
55 90 50 53
56 89 50 54
57 96 50 55
58 95 51 56
59 96 52 56
60 95 54 57
61 100 54 58
62 102 55 60
63 106 56 61
64 106 57 62
65 115 58 64
66 111 60 66
67 116 61 66
68 116 63 66
69 119 63 67
70 116 65 70
71 119 66 70
72 119 66 72
73 121 66 74
74 120 68 74
75 124 68 76
76 124 68 77
77 126 70 79
78 127 71 81
79 124 73 82
80 122 75 83
81 126 75 85
82 123 76 87
83 125 76 87
84 124 78 90
85 127 78 91
86 127 80 92
87 123 81 97
88 127 82 97
89 130 83 97
90 132 84 98
91 129 87 100
92 129 90 100
93 125 97 101
94 124 98 104
95 125 99 106
96 123 102 106
97 126 103 112
98 124 107 113
99 123 110 115
100 121 113 117
101 124 114 119
102 121 116 121
103 128 116 122
104 127 117 125
105 124 120 127
106 122 123 129
107 125 123 130
108 123 125 131
109 120 126 135
110 116 128 139
111 116 130 141
112 115 131 143
113 120 132 143
114 115 135 149
115 115 138 150
116 111 139 154
117 111 140 155
118 111 142 156
119 117 142 156
120 120 143 156
121 126 144 157
122 127 145 159
123 130 146 163
124 128 149 164
125 137 149 167
126 137 151 170
127 140 152 172
128 141 155 172
129 141 156 175
130 143 157 176
131 142 159 181
132 138 164 182
133 136 164 184
134 130 167 188
135 126 170 191
136 127 170 192
137 137 172 192
138 137 172 194
139 138 174 195
140 136 176 198
141 136 176 200
142 133 180 203
143 142 180 204
144 143 182 206
145 142 187 208
146 143 187 209
147 144 191 212
148 140 193 218
149 145 193 219
150 141 193 224
151 141 194 227
152 139 197 230
153 134 200 232
154 131 203 233
155 135 203 235
156 141 203 238
157 146 204 240
158 146 204 244
159 148 207 245
160 146 209 249
161 153 209 252
162 151 211 256
163 156 212 256
164 152 215 258
165 152 219 258
166 148 221 263
167 150 221 265
168 152 223 265
169 160 225 267
170 162 226 270
171 172 227 271
172 171 228 273
173 170 232 276
174 171 234 279
175 171 239 282
176 170 242 284
177 165 246 287
178 163 249 289
179 164 250 293
180 161 251 296
181 165 252 297
182 162 254 302
183 170 257 303
184 170 258 304
185 177 260 307
186 175 262 310
187 172 265 318
188 175 268 319
189 177 270 323
190 177 270 327
191 175 272 329
192 176 274 332
193 185 275 332
194 180 278 336
195 176 283 339
196 173 285 341
197 175 289 343
198 173 291 346
199 173 294 347
200 167 302 349
201 166 305 353
202 169 307 354
203 178 309 357
204 176 311 361
205 177 314 365
206 179 315 368
207 179 317 370
208 181 318 370
209 173 324 374
210 176 326 377
211 175 329 381
212 175 332 384
213 175 335 387
214 171 341 389
215 181 341 391
216 181 343 394
217 183 346 395
218 180 348 400
219 186 349 403
220 184 350 406
221 189 352 407
222 188 354 410
223 192 358 412
224 187 363 414
225 191 364 419
226 188 368 422
227 193 370 425
228 186 375 431
229 190 377 433
230 185 379 438
231 191 383 438
232 193 386 441
233 192 389 445
234 185 396 448
235 197 398 450
236 190 403 456
237 192 407 460
238 187 411 465
239 193 414 466
240 195 416 467
241 198 418 470
242 189 426 474
243 190 428 475
244 184 435 477
245 184 439 481
246 187 440 483
247 188 443 485
248 188 445 491
249 193 449 492
250 192 452 492
251 197 453 494
252 205 456 497
253 213 459 502
254 217 461 505
255 222 464 509
256 223 467 513
257 230 469 516
258 233 476 518
259 232 479 520
260 231 483 523
261 240 484 527
262 241 488 529
263 240 492 530
264 234 499 536
265 241 501 537
266 244 505 542
267 241 510 548
268 235 516 554
269 239 519 557
270 238 521 562
271 239 524 566
272 238 526 568
273 245 529 572
274 244 533 574
275 246 539 574
276 243 543 578
277 247 546 583
278 247 550 587
279 246 552 594
280 240 562 596
281 245 565 598
282 242 568 605
283 250 574 609
284 246 577 614
285 257 583 617
286 251 587 623
287 251 592 626
288 246 597 629
289 244 600 632
290 240 604 635
291 242 606 637
292 242 612 642
293 242 616 646
294 239 619 650
295 245 621 652
296 243 623 655
297 246 625 658
298 242 629 664
299 242 632 667
300 239 638 669
301 236 641 677
302 230 645 680
303 230 649 684
304 221 659 686
305 221 666 691
306 213 668 699
307 218 671 703
308 212 680 706
309 214 688 706
310 212 690 710
311 224 692 712
312 223 694 714
313 235 696 714
314 235 701 716
315 240 705 719
316 234 708 725
317 234 712 729
318 227 718 733
319 237 722 735
320 236 726 740
321 236 735 745
322 238 739 746
323 242 741 748
324 234 746 754
325 232 750 758
326 222 757 763
327 222 759 769
328 217 763 774
329 215 765 776
330 217 770 776
331 215 774 780
332 215 779 782
333 218 783 783
334 211 788 787
335 211 790 789
336 216 793 790
337 217 795 791
338 217 798 792
339 222 801 794
340 220 804 797
341 227 805 799
342 220 808 806
343 226 813 809
344 229 814 811
345 225 818 813
346 222 822 815
347 222 825 818
348 219 826 821
349 227 832 825
350 223 836 829
351 225 838 833
352 221 842 836
353 225 844 838
354 218 852 839
355 217 855 841
356 219 857 843
357 214 863 848
358 214 866 850
359 214 867 853
360 210 871 856
361 212 874 859
362 211 881 860
363 219 885 862
364 222 888 863
365 220 892 867
366 215 895 873
367 216 897 874
368 220 898 877
369 225 901 879
370 219 909 880
371 229 914 881
372 222 921 885
373 224 924 890
374 226 927 893
375 218 930 898
376 215 933 905
377 217 937 905
378 217 941 907
379 229 943 909
380 228 944 912
381 225 947 918
382 224 949 921
383 230 951 923
384 233 953 924
385 229 957 930
386 226 959 932
387 231 963 933
388 234 965 935
389 239 967 938
390 242 968 941
391 249 970 944
392 250 973 946
393 253 977 949
394 252 979 953
395 259 983 954
396 256 987 959
397 264 993 961
398 256 998 968
399 267 1003 972
400 268 1005 976
401 273 1011 981
402 273 1014 985
403 285 1019 990
404 281 1023 992
405 293 1025 996
406 292 1025 1004
407 301 1027 1007
408 306 1034 1008
409 313 1038 1013
410 309 1042 1019
411 315 1050 1025
412 317 1056 1029
413 320 1062 1034
414 320 1069 1038
415 320 1075 1046
416 308 1081 1054
417 318 1088 1055
418 318 1094 1056
419 324 1096 1058
420 317 1102 1065
421 333 1104 1069
422 328 1109 1075
423 318 1113 1085
424 306 1121 1096
425 309 1130 1100
426 306 1133 1104
427 308 1135 1108
428 305 1139 1112
429 308 1144 1118
430 306 1150 1124
431 305 1157 1130
432 307 1164 1132
433 306 1167 1138
434 309 1169 1143
435 306 1175 1148
436 306 1180 1151
437 311 1184 1158
438 301 1195 1162
439 321 1200 1167
440 314 1206 1172
441 315 1209 1182
442 316 1212 1186
443 315 1222 1189
444 307 1228 1195
445 308 1232 1198
446 310 1235 1200
447 318 1237 1204
448 309 1241 1212
449 325 1242 1217
450 316 1247 1225
451 310 1255 1229
452 308 1258 1235
453 319 1262 1238
454 317 1265 1242
455 333 1267 1246
456 329 1268 1253
457 334 1271 1257
458 328 1282 1259
459 326 1285 1262
460 329 1289 1264
461 331 1298 1271
462 325 1304 1281
463 340 1311 1285
464 341 1315 1291
465 353 1317 1297
466 355 1320 1302
467 361 1323 1311
468 358 1325 1319
469 368 1330 1324
470 367 1333 1330
471 362 1338 1340
472 355 1348 1347
473 362 1352 1352
474 357 1356 1359
475 360 1358 1362
476 360 1363 1369
477 368 1365 1371
478 361 1367 1381
479 353 1372 1392
480 346 1380 1395
481 360 1386 1399
482 359 1390 1403
483 363 1396 1407
484 364 1402 1409
485 355 1412 1420
486 353 1416 1426
487 359 1421 1431
488 353 1431 1435
489 357 1435 1447
490 355 1437 1452
491 360 1442 1454
492 355 1446 1461
493 355 1450 1471
494 352 1457 1477
495 364 1462 1482
496 364 1463 1490
497 372 1467 1498
498 360 1476 1508
499 354 1481 1517
500 350 1485 1521
501 352 1490 1526
502 343 1497 1535
503 342 1504 1541
504 340 1511 1542
505 357 1516 1546
506 354 1522 1551
507 363 1527 1557
508 359 1533 1561
509 381 1538 1568
510 383 1539 1573
511 381 1545 1577
512 379 1551 1584
513 380 1556 1588
514 382 1560 1593
515 396 1563 1598
516 391 1569 1605
517 397 1577 1611
518 399 1578 1618
519 419 1581 1623
520 405 1585 1637
521 407 1593 1643
522 398 1601 1649
523 402 1607 1653
524 399 1612 1658
525 399 1614 1664
526 397 1617 1671
527 408 1621 1678
528 409 1626 1683
529 404 1636 1690
530 402 1641 1695
531 411 1645 1702
532 404 1651 1712
533 426 1656 1713
534 426 1662 1720
535 437 1668 1723
536 437 1673 1730
537 447 1680 1733
538 441 1686 1740
539 424 1698 1751
540 417 1707 1755
541 430 1714 1759
542 428 1721 1762
543 442 1724 1769
544 438 1725 1777
545 448 1731 1779
546 447 1736 1783
547 461 1738 1785
548 456 1747 1792
549 459 1752 1802
550 454 1758 1811
551 462 1765 1818
552 463 1768 1827
553 475 1776 1829
554 474 1782 1832
555 480 1786 1842
556 471 1794 1849
557 478 1802 1856
558 469 1808 1867
559 483 1813 1872
560 479 1818 1883
561 478 1823 1891
562 480 1828 1900
563 480 1834 1908
564 474 1840 1918
565 485 1847 1922
566 479 1856 1927
567 483 1864 1931
568 477 1874 1940
569 488 1886 1949
570 486 1892 1958
571 482 1901 1967
572 476 1906 1977
573 475 1921 1989
574 469 1935 1995
575 464 1948 1999
576 469 1954 2003
577 483 1963 2008
578 481 1969 2016
579 479 1975 2022
580 473 1984 2027
581 464 1997 2037
582 458 2005 2042
583 460 2016 2049
584 446 2027 2064
585 448 2034 2073
586 443 2039 2081
587 452 2047 2086
588 445 2055 2092
589 459 2059 2100
590 456 2065 2104
591 463 2071 2115
592 462 2079 2117
593 459 2086 2123
594 452 2094 2127
595 452 2104 2137
596 442 2108 2149
597 448 2113 2156
598 448 2121 2162
599 462 2132 2165
600 454 2139 2173
601 461 2144 2179
602 455 2153 2185
603 462 2159 2190
604 462 2162 2196
605 465 2171 2202
606 455 2180 2206
607 464 2192 2209
608 458 2200 2216
609 474 2207 2223
610 465 2217 2235
611 486 2223 2240
612 487 2232 2245
613 488 2234 2254
614 491 2241 2261
615 496 2251 2264
616 493 2256 2272
617 490 2267 2278
618 478 2275 2291
619 497 2283 2300
620 493 2287 2307
621 496 2295 2318
622 494 2302 2323
623 496 2308 2333
624 485 2320 2342
625 507 2323 2347
626 501 2330 2356
627 503 2338 2360
628 496 2345 2368
629 510 2356 2377
630 507 2366 2383
631 515 2374 2389
632 519 2380 2395
633 527 2387 2406
634 522 2394 2417
635 532 2396 2425
636 525 2402 2434
637 532 2409 2444
638 527 2415 2451
639 528 2422 2461
640 533 2426 2462
641 538 2436 2475
642 528 2450 2486
643 536 2458 2490
644 534 2469 2498
645 542 2476 2503
646 534 2484 2513
647 535 2490 2520
648 531 2501 2528
649 530 2518 2540
650 531 2526 2546
651 525 2539 2557
652 523 2549 2569
653 512 2562 2581
654 509 2567 2591
655 536 2572 2593
656 534 2579 2599
657 531 2587 2614
658 528 2596 2620
659 530 2608 2628
660 518 2614 2641
661 537 2616 2648
662 532 2623 2658
663 542 2633 2662
664 549 2639 2668
665 546 2650 2676
666 530 2658 2688
667 522 2672 2696
668 521 2678 2702
669 525 2687 2715
670 530 2689 2720
671 533 2698 2726
672 528 2703 2734
673 532 2708 2741
674 527 2719 2746
675 524 2737 2755
676 520 2745 2762
677 523 2749 2771
678 529 2753 2776
679 539 2757 2784
680 540 2764 2790
681 559 2775 2800
682 556 2782 2808
683 555 2787 2818
684 561 2790 2820
685 569 2797 2831
686 563 2804 2842
687 570 2811 2854
688 563 2820 2864
689 562 2830 2875
690 553 2841 2882
691 553 2847 2894
692 541 2859 2903
693 552 2865 2910
694 559 2871 2918
695 557 2881 2928
696 545 2897 2936
697 542 2905 2945
698 530 2915 2957
699 544 2928 2962
700 534 2937 2975
701 532 2948 2988
702 525 2955 2997
703 524 2962 3005
704 517 2969 3016
705 516 2978 3026
706 506 2984 3036
707 507 2990 3043
708 508 2998 3052
709 516 3004 3064
710 511 3014 3070
711 520 3019 3080
712 513 3029 3091
713 521 3035 3103
714 513 3045 3115
715 526 3055 3124
716 528 3058 3128
717 538 3065 3133
718 532 3074 3140
719 543 3081 3154
720 539 3089 3158
721 547 3096 3169
722 555 3102 3175
723 577 3108 3185
724 571 3111 3197
725 586 3118 3205
726 585 3129 3215
727 610 3137 3222
728 608 3140 3233
729 612 3150 3239
730 607 3153 3253
731 608 3161 3260
732 608 3165 3266
733 631 3172 3276
734 622 3183 3286
735 644 3188 3297
736 632 3195 3312
737 654 3206 3319
738 648 3218 3327
739 653 3232 3332
740 648 3239 3339
741 657 3252 3345
742 653 3262 3352
743 665 3272 3368
744 660 3280 3379
745 662 3292 3389
746 666 3296 3399
747 676 3305 3416
748 667 3313 3433
749 686 3319 3448
750 676 3331 3454
751 697 3342 3458
752 695 3351 3461
753 709 3362 3470
754 694 3376 3480
755 698 3387 3491
756 690 3397 3503
757 699 3399 3518
758 702 3408 3524
759 703 3427 3532
760 698 3438 3542
761 704 3450 3554
762 704 3460 3564
763 712 3472 3580
764 705 3482 3591
765 713 3496 3601
766 707 3503 3612
767 732 3511 3621
768 726 3522 3637
769 732 3535 3652
770 726 3548 3660
771 735 3558 3665
772 726 3574 3677
773 732 3590 3685
774 722 3604 3693
775 737 3615 3699
776 735 3627 3710
777 734 3644 3722
778 746 3649 3728
779 751 3657 3743
780 754 3664 3752
781 755 3672 3777
782 733 3690 3792
783 726 3705 3802
784 723 3714 3811
785 713 3727 3824
786 708 3738 3832
787 732 3750 3836
788 730 3761 3851
789 734 3770 3860
790 731 3779 3871
791 722 3791 3886
792 725 3795 3895
793 722 3811 3906
794 721 3822 3919
795 714 3833 3933
796 715 3845 3944
797 742 3855 3955
798 725 3868 3968
799 737 3879 3977
800 728 3894 3989
801 740 3897 4002
802 740 3912 4014
803 745 3924 4031
804 731 3940 4046
805 746 3947 4060
806 741 3957 4075
807 748 3967 4090
808 738 3984 4097
809 769 3999 4105
810 762 4013 4120
811 776 4021 4134
812 771 4028 4147
813 782 4046 4158
814 772 4057 4173
815 803 4069 4178
816 808 4074 4188
817 800 4091 4201
818 786 4104 4213
819 806 4112 4223
820 798 4133 4232
821 817 4142 4246
822 815 4152 4256
823 827 4162 4268
824 821 4168 4283
825 829 4183 4304
826 830 4193 4318
827 850 4202 4333
828 842 4209 4350
829 854 4220 4361
830 857 4231 4379
831 857 4250 4386
832 862 4261 4392
833 871 4276 4404
834 857 4287 4421
835 888 4296 4437
836 892 4305 4445
837 909 4323 4454
838 895 4333 4478
839 916 4345 4491
840 906 4363 4501
841 926 4376 4514
842 923 4388 4526
843 942 4405 4544
844 934 4417 4558
845 943 4433 4575
846 933 4448 4588
847 952 4457 4608
848 930 4480 4622
849 934 4497 4637
850 924 4509 4648
851 938 4527 4660
852 933 4540 4674
853 948 4558 4685
854 940 4569 4700
855 956 4577 4714
856 951 4588 4726
857 987 4605 4739
858 968 4619 4759
859 990 4634 4768
860 983 4655 4780
861 987 4672 4795
862 973 4690 4813
863 998 4706 4822
864 978 4733 4835
865 988 4751 4849
866 973 4766 4869
867 982 4784 4884
868 971 4801 4902
869 971 4818 4915
870 967 4829 4932
871 977 4843 4946
872 974 4861 4961
873 973 4880 4977
874 968 4891 4989
875 982 4901 5005
876 972 4914 5024
877 980 4937 5037
878 966 4952 5059
879 994 4966 5073
880 968 4985 5099
881 975 4994 5113
882 982 5004 5124
883 987 5017 5136
884 977 5030 5152
885 1000 5044 5169
886 995 5051 5187
887 997 5072 5202
888 996 5085 5221
889 1002 5106 5236
890 991 5125 5248
891 992 5137 5265
892 995 5148 5277
893 1010 5166 5296
894 999 5180 5319
895 1001 5192 5335
896 999 5204 5355
897 1011 5214 5375
898 996 5236 5390
899 1022 5251 5407
900 1015 5262 5424
901 1034 5277 5438
902 1022 5293 5451
903 1026 5311 5471
904 1019 5327 5482
905 1018 5342 5500
906 1016 5352 5515
907 1033 5362 5534
908 1030 5378 5547
909 1050 5391 5568
910 1045 5408 5586
911 1065 5421 5605
912 1053 5434 5620
913 1079 5449 5637
914 1071 5461 5653
915 1091 5474 5666
916 1082 5490 5684
917 1102 5504 5702
918 1093 5527 5713
919 1126 5544 5729
920 1127 5557 5743
921 1149 5572 5758
922 1147 5586 5770
923 1166 5609 5786
924 1150 5631 5808
925 1173 5647 5827
926 1177 5659 5840
927 1217 5673 5850
928 1210 5689 5870
929 1224 5711 5890
930 1215 5729 5910
931 1239 5747 5924
932 1231 5760 5943
933 1246 5778 5968
934 1239 5789 5992
935 1257 5801 6010
936 1251 5822 6029
937 1270 5845 6045
938 1259 5865 6060
939 1284 5884 6076
940 1275 5905 6094
941 1300 5916 6118
942 1278 5942 6143
943 1336 5953 6156
944 1323 5977 6171
945 1350 6000 6185
946 1350 6009 6206
947 1389 6029 6217
948 1365 6050 6240
949 1388 6068 6257
950 1375 6090 6273
951 1421 6110 6291
952 1398 6131 6312
953 1437 6151 6335
954 1448 6165 6353
955 1447 6190 6373
956 1437 6211 6396
957 1469 6235 6408
958 1462 6250 6430
959 1474 6275 6447
960 1457 6299 6473
961 1474 6319 6490
962 1450 6349 6513
963 1463 6368 6535
964 1463 6381 6552
965 1466 6400 6572
966 1460 6416 6594
967 1491 6441 6618
968 1480 6465 6639
969 1499 6490 6661
970 1484 6511 6687
971 1492 6534 6708
972 1482 6560 6723
973 1512 6585 6742
974 1508 6604 6766
975 1504 6624 6792
976 1501 6644 6806
977 1534 6662 6823
978 1511 6688 6847
979 1546 6701 6873
980 1548 6714 6891
981 1570 6734 6909
982 1552 6761 6927
983 1558 6779 6949
984 1539 6805 6972
985 1558 6832 6994
986 1547 6852 7017
987 1580 6869 7043
988 1559 6902 7068
989 1579 6921 7087
990 1567 6946 7111
991 1620 6972 7136
992 1613 6994 7157
993 1645 7015 7180
994 1646 7030 7197
995 1660 7053 7220
996 1626 7084 7252
997 1655 7116 7271
998 1638 7131 7299
999 1639 7154 7327
1000 1614 7185 7359
1001 1628 7212 7384
1002 1632 7227 7402
1003 1678 7252 7431
1004 1655 7286 7459
1005 1670 7311 7487
1006 1660 7335 7505
1007 1676 7350 7536
1008 1658 7382 7563
1009 1682 7401 7592
1010 1664 7431 7614
1011 1709 7458 7632
1012 1691 7485 7658
1013 1710 7516 7682
1014 1685 7547 7708
1015 1693 7583 7738
1016 1682 7601 7765
1017 1708 7622 7794
1018 1695 7646 7818
1019 1742 7665 7838
1020 1713 7695 7867
1021 1748 7724 7887
1022 1722 7754 7914
1023 1772 7775 7939
1024 1764 7797 7961
1025 1786 7828 7996
1026 1793 7848 8014
1027 1812 7869 8040
1028 1799 7896 8067
1029 1817 7924 8093
1030 1790 7960 8120
1031 1805 7987 8152
1032 1792 8013 8181
1033 1801 8033 8214
1034 1790 8057 8239
1035 1782 8089 8269
1036 1762 8115 8299
1037 1772 8145 8325
1038 1776 8164 8345
1039 1787 8194 8372
1040 1779 8218 8403
1041 1823 8239 8430
1042 1800 8273 8452
1043 1796 8299 8486
1044 1777 8334 8509
1045 1808 8366 8536
1046 1784 8399 8571
1047 1797 8436 8597
1048 1786 8463 8618
1049 1835 8492 8636
1050 1817 8518 8664
1051 1839 8542 8688
1052 1832 8569 8711
1053 1837 8608 8741
1054 1806 8646 8765
1055 1833 8670 8798
1056 1815 8699 8828
1057 1824 8726 8862
1058 1803 8752 8891
1059 1822 8775 8915
1060 1809 8808 8938
1061 1817 8832 8966
1062 1794 8855 9000
1063 1799 8878 9040
1064 1790 8903 9067
1065 1805 8931 9098
1066 1784 8957 9122
1067 1808 8983 9146
1068 1787 9015 9174
1069 1812 9042 9200
1070 1794 9062 9238
1071 1818 9087 9271
1072 1803 9114 9299
1073 1814 9138 9332
1074 1794 9170 9356
1075 1813 9203 9382
1076 1812 9227 9403
1077 1839 9255 9428
1078 1825 9283 9453
1079 1845 9315 9481
1080 1823 9340 9514
1081 1843 9366 9540
1082 1837 9388 9568
1083 1898 9409 9590
1084 1899 9425 9615
1085 1909 9458 9644
1086 1900 9491 9666
1087 1907 9518 9692
1088 1888 9545 9724
1089 1897 9569 9765
1090 1887 9590 9796
1091 1894 9629 9828
1092 1874 9660 9857
1093 1903 9689 9893
1094 1882 9722 9928
1095 1898 9749 9961
1096 1889 9780 9983
1097 1919 9804 10011
1098 1900 9828 10043
1099 1943 9854 10066
1100 1918 9885 10095
1101 1946 9912 10118
1102 1946 9939 10142
1103 1952 9979 10166
1104 1934 10014 10194
1105 1941 10047 10228
1106 1920 10075 10261
1107 1939 10101 10308
1108 1939 10123 10333
1109 1966 10155 10358
1110 1948 10171 10397
1111 1966 10202 10422
1112 1956 10235 10450
1113 1993 10262 10480
1114 1976 10290 10509
1115 1983 10323 10539
1116 1976 10349 10567
1117 2025 10365 10596
1118 2003 10400 10629
1119 2030 10420 10668
1120 2026 10449 10695
1121 2060 10477 10721
1122 2057 10506 10752
1123 2101 10533 10783
1124 2098 10563 10812
1125 2112 10596 10851
1126 2098 10623 10883
1127 2141 10654 10909
1128 2106 10686 10955
1129 2126 10730 10987
1130 2117 10761 11015
1131 2159 10791 11039
1132 2131 10828 11078
1133 2180 10855 11108
1134 2161 10887 11146
1135 2184 10923 11177
1136 2161 10962 11207
1137 2194 10995 11251
1138 2183 11030 11278
1139 2208 11058 11309
1140 2184 11087 11354
1141 2217 11120 11384
1142 2185 11158 11419
1143 2213 11193 11446
1144 2200 11226 11474
1145 2230 11259 11513
1146 2219 11289 11540
1147 2239 11314 11569
1148 2226 11349 11604
1149 2277 11381 11629
1150 2270 11420 11652
1151 2290 11453 11687
1152 2257 11485 11728
1153 2305 11526 11767
1154 2301 11553 11806
1155 2331 11579 11840
1156 2326 11610 11878
1157 2385 11639 11904
1158 2384 11677 11935
1159 2440 11707 11975
1160 2444 11735 12008
1161 2480 11764 12047
1162 2452 11800 12077
1163 2488 11839 12112
1164 2470 11872 12157
1165 2478 11918 12203
1166 2448 11961 12248
1167 2476 12000 12285
1168 2441 12047 12327
1169 2457 12084 12376
1170 2450 12115 12415
1171 2476 12147 12453
1172 2451 12194 12490
1173 2483 12229 12521
1174 2465 12267 12560
1175 2492 12319 12613
1176 2470 12354 12652
1177 2493 12395 12684
1178 2465 12437 12730
1179 2482 12467 12775
1180 2456 12506 12816
1181 2487 12545 12862
1182 2465 12580 12898
1183 2487 12620 12940
1184 2470 12658 12974
1185 2514 12693 13007
1186 2500 12726 13042
1187 2532 12776 13078
1188 2513 12820 13119
1189 2561 12859 13152
1190 2558 12890 13192
1191 2561 12930 13235
1192 2547 12961 13275
1193 2573 12998 13314
1194 2586 13028 13345
1195 2626 13065 13382
1196 2605 13101 13419
1197 2627 13138 13454
1198 2602 13172 13498
1199 2640 13205 13545
1200 2636 13244 13576
1201 2647 13286 13611
1202 2621 13321 13654
1203 2672 13351 13687
1204 2641 13406 13726
1205 2655 13441 13765
1206 2647 13478 13796
1207 2686 13514 13827
1208 2671 13548 13866
1209 2700 13588 13917
1210 2682 13624 13955
1211 2696 13660 14001
1212 2680 13695 14044
1213 2672 13742 14095
1214 2645 13786 14132
1215 2703 13823 14169
1216 2667 13857 14217
1217 2721 13889 14249
1218 2707 13926 14290
1219 2738 13980 14331
1220 2707 14019 14378
1221 2742 14063 14421
1222 2713 14104 14461
1223 2760 14154 14506
1224 2729 14196 14558
1225 2771 14245 14591
1226 2741 14286 14630
1227 2782 14333 14668
1228 2757 14375 14715
1229 2814 14417 14756
1230 2807 14445 14802
1231 2842 14479 14841
1232 2816 14526 14880
1233 2871 14569 14912
1234 2842 14618 14955
1235 2878 14666 15007
1236 2871 14708 15038
1237 2922 14751 15076
1238 2906 14788 15117
1239 2975 14830 15154
1240 2948 14881 15196
1241 2983 14931 15237
1242 2965 14973 15279
1243 3015 15010 15332
1244 3001 15054 15374
1245 3032 15109 15420
1246 3025 15160 15461
1247 3097 15203 15514
1248 3070 15253 15555
1249 3144 15296 15604
1250 3140 15340 15634
1251 3192 15393 15681
1252 3174 15440 15727
1253 3198 15490 15775
1254 3155 15536 15834
1255 3209 15582 15880
1256 3186 15632 15921
1257 3203 15675 15981
1258 3167 15730 16028
1259 3207 15779 16071
1260 3166 15829 16114
1261 3231 15866 16156
1262 3203 15921 16198
1263 3247 15973 16246
1264 3204 16036 16289
1265 3222 16090 16355
1266 3181 16148 16403
1267 3221 16197 16452
1268 3208 16241 16493
1269 3277 16282 16539
1270 3264 16330 16576
1271 3292 16375 16633
1272 3249 16428 16687
1273 3287 16486 16727
1274 3269 16537 16775
1275 3318 16591 16820
1276 3288 16641 16871
1277 3343 16688 16929
1278 3321 16736 16975
1279 3364 16780 17028
1280 3328 16831 17084
1281 3374 16885 17122
1282 3360 16937 17174
1283 3414 16977 17228
1284 3412 17016 17264
1285 3467 17052 17307
1286 3409 17114 17364
1287 3446 17169 17424
1288 3420 17216 17484
1289 3484 17282 17526
1290 3464 17336 17574
1291 3523 17376 17623
1292 3485 17436 17677
1293 3588 17475 17715
1294 3579 17516 17762
1295 3627 17566 17814
1296 3615 17607 17858
1297 3665 17659 17910
1298 3633 17702 17970
1299 3717 17744 18024
1300 3683 17802 18084
1301 3738 17852 18135
1302 3698 17915 18190
1303 3748 17973 18244
1304 3733 18022 18294
1305 3833 18064 18338
1306 3803 18116 18405
1307 3866 18177 18455
1308 3838 18239 18508
1309 3889 18294 18562
1310 3860 18337 18617
1311 3891 18395 18692
1312 3850 18460 18752
1313 3900 18515 18793
1314 3879 18584 18840
1315 3946 18638 18895
1316 3922 18705 18949
1317 3974 18743 19019
1318 3946 18792 19071
1319 4018 18838 19123
1320 3977 18890 19180
1321 4000 18956 19243
1322 3969 19008 19296
1323 4018 19087 19352
1324 3981 19158 19416
1325 4023 19212 19472
1326 4000 19268 19536
1327 4047 19336 19599
1328 4016 19395 19669
1329 4098 19447 19737
1330 4082 19494 19797
1331 4101 19543 19869
1332 4065 19607 19915
1333 4100 19672 19977
1334 4067 19729 20045
1335 4153 19790 20104
1336 4124 19855 20164
1337 4202 19915 20226
1338 4131 19990 20295
1339 4206 20055 20343
1340 4183 20123 20392
1341 4245 20175 20466
1342 4219 20229 20530
1343 4327 20283 20586
1344 4264 20348 20653
1345 4339 20397 20719
1346 4287 20462 20789
1347 4331 20522 20853
1348 4311 20578 20921
1349 4401 20633 20978
1350 4371 20708 21044
1351 4410 20791 21094
1352 4379 20849 21165
1353 4421 20907 21225
1354 4359 20971 21310
1355 4398 21051 21371
1356 4376 21121 21432
1357 4454 21186 21483
1358 4429 21247 21555
1359 4479 21318 21616
1360 4433 21378 21692
1361 4481 21438 21760
1362 4456 21500 21827
1363 4483 21580 21896
1364 4451 21647 21964
1365 4516 21710 22042
1366 4497 21775 22101
1367 4586 21843 22152
1368 4525 21932 22220
1369 4544 22013 22298
1370 4494 22083 22378
1371 4546 22168 22447
1372 4520 22238 22513
1373 4539 22325 22573
1374 4510 22383 22643
1375 4585 22453 22708
1376 4530 22531 22783
1377 4568 22590 22868
1378 4544 22644 22926
1379 4617 22712 22987
1380 4553 22786 23065
1381 4586 22858 23156
1382 4558 22926 23228
1383 4603 22983 23296
1384 4563 23050 23378
1385 4604 23119 23444
1386 4537 23205 23517
1387 4580 23282 23583
1388 4556 23341 23640
1389 4627 23403 23715
1390 4611 23473 23782
1391 4691 23521 23846
1392 4664 23586 23921
1393 4690 23671 23986
1394 4639 23752 24051
1395 4682 23814 24128
1396 4648 23882 24214
1397 4706 23946 24296
1398 4693 24012 24365
1399 4762 24078 24436
1400 4744 24138 24494
1401 4838 24211 24551
1402 4767 24296 24626
1403 4895 24354 24696
1404 4877 24420 24775
1405 4929 24481 24856
1406 4873 24575 24926
1407 4928 24655 24999
1408 4873 24731 25079
1409 4961 24803 25149
1410 4908 24871 25227
1411 4973 24944 25287
1412 4918 25018 25363
1413 4974 25097 25434
1414 4935 25176 25492
1415 5005 25249 25567
