0 50 0 0
1 46 2 2
2 44 2 5
3 44 2 7
4 45 3 7
5 43 4 8
6 43 4 9
7 41 5 10
8 38 6 12
9 40 6 12
10 39 6 13
11 42 7 13
12 39 9 14
13 41 9 14
14 43 9 14
15 43 9 16
16 42 10 17
17 42 10 17
18 42 10 17
19 42 10 17
20 43 10 17
21 45 10 17
22 45 11 17
23 47 11 17
24 46 12 17
25 48 12 17
26 50 13 18
27 52 13 18
28 53 14 18
29 53 15 19
30 52 17 20
31 52 18 21
32 50 20 22
33 50 21 23
34 50 21 24
35 49 21 25
36 49 22 25
37 53 22 25
38 50 24 27
39 54 24 29
40 55 25 29
41 59 25 31
42 58 25 32
43 58 27 32
44 56 28 33
45 56 29 34
46 59 29 34
47 59 29 34
48 58 29 36
49 59 30 36
50 59 30 36
51 58 30 37
52 56 31 38
53 60 31 38
54 59 33 39
55 64 34 41
56 63 36 41
57 61 37 42
58 64 37 42
59 62 38 43
60 61 39 46
61 61 43 46
62 61 44 46
63 63 44 46
64 62 44 48
65 62 44 48
66 63 44 48
67 69 44 48
68 67 44 51
69 70 44 52
70 71 44 53
71 73 44 55
72 75 44 56
73 73 45 59
74 71 48 60
75 66 52 63
76 67 53 63
77 67 55 65
78 63 58 69
79 60 59 73
80 61 59 73
81 64 59 74
82 64 60 74
83 68 60 74
84 69 60 74
85 72 61 76
86 72 61 78
87 77 62 78
88 76 65 79
89 77 66 81
90 78 66 81
91 81 67 83
92 83 67 83
93 86 69 84
94 87 70 84
95 84 72 85
96 83 72 86
97 80 73 88
98 77 73 91
99 83 73 91
100 82 74 93
101 83 75 95
102 83 75 97
103 85 75 99
104 85 76 99
105 86 76 100
106 85 79 102
107 89 79 106
108 93 80 107
109 89 83 108
110 88 84 109
111 95 85 109
112 95 86 110
113 98 87 110
114 102 87 110
115 101 88 112
116 101 89 114
117 99 91 116
118 98 94 117
119 97 97 117
120 97 99 117
121 102 103 118
122 98 104 121
123 102 105 122
124 102 105 123
125 102 106 124
126 104 108 125
127 107 111 127
128 104 114 130
129 112 114 130
130 114 116 130
131 117 119 130
132 116 121 131
133 113 124 133
134 112 124 135
135 118 126 137
136 120 127 138
137 121 127 143
138 119 127 145
139 124 127 146
140 126 129 148
141 133 132 150
142 130 136 150
143 137 136 151
144 136 137 154
145 140 140 155
146 135 143 158
147 135 147 162
148 138 147 164
149 142 149 166
150 140 150 169
151 149 151 171
152 146 155 173
153 144 159 179
154 142 163 180
155 146 164 181
156 142 166 185
157 144 168 187
158 146 168 188
159 151 168 189
160 150 170 190
161 149 172 197
162 149 174 198
163 153 175 199
164 150 178 203
165 151 179 205
166 148 180 208
167 148 181 211
168 147 182 213
169 148 184 214
170 151 185 216
171 160 189 217
172 158 190 221
173 164 194 221
174 164 195 222
175 161 198 226
176 157 201 228
177 156 203 231
178 149 209 233
179 143 213 237
180 141 215 238
181 148 216 240
182 144 219 244
183 143 220 246
184 134 225 251
185 138 230 252
186 135 233 253
187 135 236 254
188 139 236 255
189 137 237 260
190 140 237 264
191 136 239 266
192 135 240 266
193 137 241 267
194 135 243 269
195 136 244 271
196 136 244 274
197 139 246 275
198 134 251 278
199 133 253 281
200 135 254 284
201 136 256 285
202 136 258 287
203 137 260 288
204 135 262 289
205 134 262 292
206 136 263 294
207 134 264 299
208 134 265 301
209 139 265 304
210 138 266 307
211 145 266 308
212 141 270 309
213 146 274 310
214 141 278 314
215 137 281 319
216 131 286 321
217 131 290 321
218 131 292 323
219 125 296 327
220 123 300 328
221 119 303 329
222 116 306 331
223 113 308 332
224 108 313 335
225 111 314 335
226 113 315 336
227 117 317 338
228 115 318 340
229 117 319 341
230 115 322 341
231 112 327 343
232 107 331 344
233 107 332 345
234 106 333 348
235 110 333 348
236 108 333 352
237 107 336 354
238 107 337 357
239 110 340 359
240 105 342 362
241 105 343 365
242 105 344 366
243 107 345 367
244 107 346 368
245 113 349 369
246 112 351 370
247 112 352 371
248 111 355 372
249 111 357 374
250 109 358 376
251 112 359 376
252 109 360 380
253 109 364 382
254 107 365 384
255 106 365 387
256 101 368 392
257 97 370 394
258 94 371 396
259 94 373 396
260 94 375 398
261 94 375 400
262 93 376 401
263 93 377 402
264 96 377 403
265 98 378 406
266 98 380 407
267 105 381 409
268 105 382 410
269 103 384 412
270 98 387 416
271 94 390 417
272 93 391 417
273 95 391 417
274 93 392 419
275 90 394 420
276 89 396 420
277 91 398 420
278 88 401 423
279 92 401 425
280 91 404 427
281 97 404 427
282 98 406 429
283 103 406 430
284 104 406 431
285 106 406 431
286 108 407 434
287 110 409 434
288 114 411 435
289 110 414 438
290 110 416 439
291 109 416 442
292 105 419 445
293 104 421 448
294 105 421 449
295 102 422 453
296 104 423 455
297 104 425 455
298 101 427 457
299 104 430 457
300 97 435 459
301 95 437 459
302 94 439 460
303 96 440 463
304 98 441 464
305 97 442 466
306 95 445 468
307 92 447 471
308 90 448 473
309 97 449 473
310 92 450 478
311 90 451 483
312 87 452 485
313 86 452 486
314 81 454 490
315 85 457 491
316 86 458 492
317 88 460 494
318 87 462 496
319 92 464 497
320 93 464 498
321 92 466 499
322 91 470 500
323 92 471 500
324 88 473 503
325 92 474 504
326 91 475 505
327 95 476 506
328 96 476 509
329 104 477 510
330 102 480 511
331 99 485 511
332 99 486 512
333 100 486 515
334 96 490 517
335 99 491 517
336 99 493 518
337 104 494 520
338 102 498 520
339 100 500 522
340 101 501 522
341 101 507 524
342 101 507 525
343 110 507 526
344 108 510 527
345 108 513 528
346 110 513 529
347 120 515 529
348 120 516 529
349 128 517 530
350 128 520 531
351 130 521 534
352 130 522 536
353 132 524 540
354 127 527 543
355 133 527 547
356 128 529 554
357 123 530 558
358 127 530 559
359 127 531 562
360 131 534 565
361 131 535 568
362 128 537 572
363 130 539 576
364 130 540 578
365 129 542 579
366 127 543 582
367 129 546 585
368 131 548 585
369 131 550 587
370 127 553 591
371 124 556 593
372 120 559 595
373 124 559 597
374 124 560 598
375 126 561 601
376 126 561 605
377 127 562 609
378 122 566 612
379 132 566 614
380 131 570 614
381 133 570 616
382 131 574 616
383 133 575 617
384 135 576 619
385 134 578 620
386 132 580 621
387 138 583 622
388 140 584 623
389 146 584 625
390 151 585 625
391 148 588 627
392 146 589 629
393 152 590 630
394 148 592 633
395 149 592 636
396 152 593 637
397 158 593 639
398 156 596 640
399 148 602 642
400 144 602 648
401 145 606 649
402 144 607 652
403 146 610 653
404 144 611 657
405 148 612 658
406 141 617 661
407 146 622 661
408 142 627 663
409 144 627 665
410 148 628 669
411 150 631 670
412 153 632 672
413 166 634 675
414 165 635 679
415 165 637 681
416 161 641 686
417 161 646 689
418 158 651 691
419 154 653 695
420 148 658 699
421 149 660 700
422 150 666 701
423 149 669 705
424 144 675 706
425 144 679 708
426 143 680 709
427 136 685 715
428 137 685 717
429 136 688 719
430 132 691 721
431 136 693 723
432 137 696 725
433 135 697 726
434 134 698 729
435 139 698 730
436 141 698 733
437 138 701 733
438 133 704 735
439 132 706 736
440 131 708 738
441 133 710 738
442 128 713 741
443 141 714 741
444 139 716 744
445 145 718 744
446 146 719 745
447 148 721 747
448 147 723 749
449 146 723 752
450 141 728 754
451 142 729 756
452 140 729 760
453 139 735 761
454 136 736 766
455 138 738 768
456 137 740 768
457 140 743 770
458 139 744 773
459 139 748 775
460 143 748 775
461 140 751 779
462 139 752 782
463 145 752 784
464 144 753 785
465 155 757 786
466 152 757 789
467 161 757 790
468 164 758 794
469 161 760 797
470 160 764 800
471 165 765 802
472 168 768 803
473 172 769 804
474 167 772 807
475 167 772 809
476 167 774 810
477 171 775 813
478 171 777 814
479 180 779 815
480 180 780 819
481 181 782 822
482 175 787 824
483 176 790 826
484 176 792 829
485 176 793 830
486 174 796 833
487 185 797 835
488 176 799 844
489 175 803 849
490 171 805 854
491 175 807 856
492 174 809 858
493 173 811 859
494 174 811 862
495 183 811 865
496 181 815 868
497 189 819 870
498 183 826 873
499 186 829 877
500 180 834 880
501 182 838 882
502 182 840 884
503 190 844 886
504 191 846 888
505 185 851 893
506 183 855 897
507 187 858 898
508 186 861 898
509 185 867 903
510 178 872 906
511 181 876 909
512 178 880 913
513 183 883 915
514 184 885 917
515 182 887 923
516 177 889 928
517 176 891 933
518 174 894 936
519 177 897 938
520 175 900 939
521 182 902 940
522 174 908 943
523 169 911 947
524 164 915 950
525 168 920 951
526 159 925 958
527 153 929 964
528 154 930 966
529 159 931 968
530 157 935 970
531 160 939 973
532 154 944 976
533 146 946 982
534 143 948 984
535 138 952 987
536 136 957 989
537 137 958 991
538 132 961 995
539 130 963 997
540 131 965 999
541 140 966 999
542 140 969 1001
543 145 970 1003
544 145 971 1007
545 142 973 1010
546 142 975 1012
547 141 980 1014
548 138 980 1019
549 133 982 1022
550 130 983 1026
551 137 986 1028
552 132 990 1030
553 138 992 1032
554 138 995 1033
555 133 998 1039
556 128 1003 1040
557 130 1004 1041
558 132 1005 1044
559 132 1007 1046
560 129 1007 1051
561 131 1008 1052
562 133 1008 1053
563 143 1008 1053
564 140 1010 1056
565 136 1014 1058
566 135 1017 1059
567 133 1021 1059
568 135 1023 1060
569 135 1024 1061
570 134 1024 1065
571 134 1025 1066
572 137 1026 1066
573 140 1029 1070
574 138 1032 1072
575 134 1038 1074
576 131 1042 1077
577 140 1047 1079
578 137 1049 1081
579 146 1049 1082
580 148 1049 1082
581 151 1051 1085
582 150 1052 1088
583 149 1052 1091
584 148 1055 1095
585 149 1058 1097
586 149 1059 1098
587 153 1060 1099
588 153 1063 1099
589 162 1065 1102
590 162 1067 1102
591 168 1070 1105
592 165 1076 1105
593 169 1078 1105
594 169 1080 1107
595 171 1082 1107
596 171 1084 1108
597 177 1084 1110
598 178 1085 1112
599 179 1087 1115
600 180 1089 1116
601 187 1091 1119
602 185 1094 1122
603 190 1097 1122
604 191 1099 1125
605 194 1100 1129
606 188 1102 1134
607 190 1105 1139
608 191 1106 1141
609 195 1107 1142
610 197 1109 1143
611 202 1109 1146
612 204 1110 1152
613 204 1114 1158
614 204 1116 1161
615 214 1118 1161
616 217 1121 1164
617 221 1123 1166
618 222 1127 1169
619 226 1128 1176
620 220 1133 1180
621 215 1140 1182
622 211 1142 1186
623 210 1143 1190
624 208 1146 1190
625 223 1148 1191
626 226 1149 1193
627 227 1156 1195
628 227 1159 1196
629 227 1162 1199
630 223 1162 1204
631 231 1166 1208
632 234 1168 1212
633 234 1172 1218
634 229 1177 1222
635 231 1179 1230
636 227 1183 1236
637 227 1188 1243
638 229 1192 1243
639 232 1197 1245
640 232 1200 1247
641 236 1206 1249
642 226 1212 1256
643 227 1215 1260
644 223 1217 1266
645 226 1220 1268
646 221 1224 1272
647 234 1227 1276
648 226 1233 1282
649 234 1235 1284
650 243 1236 1284
651 255 1237 1289
652 254 1242 1290
653 248 1246 1296
654 249 1248 1299
655 246 1252 1306
656 244 1259 1308
657 254 1262 1309
658 253 1265 1316
659 255 1268 1319
660 243 1274 1325
661 245 1278 1325
662 245 1280 1329
663 250 1283 1335
664 246 1286 1341
665 246 1287 1346
666 242 1291 1352
667 249 1296 1356
668 247 1301 1357
669 244 1303 1364
670 244 1305 1367
671 243 1307 1370
672 241 1312 1373
673 243 1315 1378
674 236 1323 1382
675 237 1325 1389
676 234 1329 1393
677 239 1330 1399
678 234 1335 1404
679 234 1339 1406
680 227 1346 1409
681 230 1349 1413
682 226 1351 1418
683 237 1355 1423
684 235 1360 1426
685 239 1364 1428
686 234 1369 1431
687 237 1375 1434
688 235 1378 1438
689 239 1384 1440
690 235 1388 1443
691 246 1393 1445
692 245 1396 1448
693 252 1398 1449
694 248 1399 1456
695 243 1407 1463
696 240 1412 1466
697 233 1421 1470
698 228 1427 1475
699 239 1429 1476
700 236 1434 1481
701 244 1435 1482
702 248 1435 1485
703 255 1438 1487
704 254 1443 1489
705 262 1446 1490
706 259 1452 1493
707 264 1454 1496
708 264 1460 1498
709 271 1462 1505
710 271 1465 1509
711 276 1469 1512
712 271 1474 1517
713 266 1477 1523
714 257 1480 1531
715 261 1486 1535
716 260 1488 1541
717 264 1492 1543
718 263 1495 1545
719 263 1500 1548
720 260 1508 1553
721 258 1514 1557
722 260 1518 1561
723 262 1523 1568
724 258 1529 1572
725 261 1533 1573
726 263 1534 1577
727 264 1535 1579
728 259 1541 1583
729 275 1541 1589
730 276 1542 1593
731 288 1543 1594
732 286 1543 1600
733 296 1544 1605
734 293 1547 1610
735 303 1551 1620
736 293 1560 1626
737 305 1564 1630
738 301 1568 1636
739 305 1573 1641
740 310 1574 1642
741 314 1580 1644
742 310 1588 1645
743 308 1594 1651
744 304 1603 1655
745 305 1611 1658
746 304 1614 1662
747 307 1619 1664
748 304 1627 1666
749 308 1630 1671
750 309 1632 1673
751 319 1634 1677
752 319 1638 1680
753 321 1642 1684
754 320 1647 1687
755 326 1654 1690
756 326 1660 1693
757 326 1664 1703
758 323 1669 1707
759 326 1675 1714
760 329 1681 1717
761 336 1683 1718
762 330 1691 1724
763 331 1698 1730
764 324 1705 1734
765 320 1708 1743
766 319 1710 1748
767 316 1717 1756
768 321 1718 1759
769 333 1724 1761
770 326 1733 1766
771 318 1741 1770
772 320 1743 1774
773 316 1749 1782
774 312 1751 1790
775 316 1754 1797
776 314 1759 1801
777 317 1763 1806
778 308 1767 1813
779 307 1775 1820
780 306 1778 1822
781 308 1782 1826
782 312 1785 1828
783 308 1795 1834
784 306 1797 1838
785 316 1801 1840
786 308 1809 1845
787 314 1811 1851
788 315 1816 1854
789 321 1822 1858
790 313 1830 1864
791 317 1836 1872
792 315 1843 1876
793 317 1844 1883
794 316 1851 1886
795 324 1859 1888
796 315 1866 1894
797 312 1878 1897
798 316 1882 1900
799 315 1884 1909
800 308 1890 1919
801 310 1894 1925
802 310 1898 1928
803 313 1903 1930
804 310 1907 1934
805 325 1910 1940
806 321 1918 1943
807 321 1924 1947
808 318 1929 1951
809 317 1932 1953
810 313 1938 1956
811 311 1944 1964
812 312 1947 1970
813 322 1952 1973
814 318 1953 1979
815 324 1956 1982
816 318 1961 1988
817 327 1968 1990
818 328 1971 1994
819 344 1974 1999
820 338 1982 2003
821 343 1984 2008
822 342 1987 2012
823 354 1989 2016
824 351 1994 2019
825 345 1998 2029
826 340 2004 2037
827 340 2007 2046
828 332 2014 2055
829 346 2016 2057
830 344 2020 2063
831 348 2023 2070
832 346 2027 2076
833 351 2030 2084
834 345 2033 2091
835 358 2037 2094
836 356 2045 2097
837 364 2052 2104
838 362 2058 2111
839 374 2059 2114
840 370 2063 2121
841 373 2069 2128
842 367 2076 2133
843 362 2082 2136
844 370 2086 2136
845 380 2092 2138
846 381 2097 2142
847 375 2103 2148
848 368 2111 2157
849 362 2120 2166
850 362 2123 2170
851 370 2127 2174
852 366 2135 2180
853 374 2138 2189
854 380 2142 2191
855 381 2145 2197
856 385 2147 2200
857 394 2151 2207
858 384 2156 2216
859 394 2164 2218
860 398 2167 2222
861 398 2175 2230
862 398 2183 2236
863 407 2189 2241
864 403 2198 2249
865 406 2209 2257
866 405 2212 2263
867 408 2218 2268
868 400 2232 2271
869 420 2234 2277
870 419 2243 2284
871 418 2248 2288
872 414 2256 2297
873 419 2265 2303
874 417 2270 2308
875 415 2281 2313
876 413 2288 2319
877 411 2297 2324
878 399 2305 2332
879 403 2317 2340
880 393 2325 2349
881 396 2334 2351
882 391 2343 2355
883 395 2352 2362
884 399 2356 2365
885 404 2362 2370
886 395 2370 2377
887 404 2374 2382
888 405 2377 2389
889 416 2384 2397
890 406 2393 2406
891 403 2400 2416
892 406 2401 2422
893 419 2409 2427
894 415 2422 2430
895 422 2431 2438
896 422 2441 2441
897 427 2446 2449
898 420 2452 2459
899 430 2456 2463
900 419 2466 2471
901 411 2472 2479
902 413 2476 2487
903 428 2481 2491
904 422 2490 2499
905 421 2495 2503
906 427 2496 2505
907 445 2502 2511
908 439 2511 2517
909 470 2515 2522
910 469 2523 2528
911 475 2533 2534
912 477 2539 2540
913 476 2544 2548
914 470 2551 2555
915 475 2555 2564
916 481 2560 2566
917 495 2568 2572
918 495 2576 2577
919 507 2580 2579
920 509 2585 2581
921 519 2591 2589
922 511 2596 2602
923 523 2603 2611
924 525 2605 2622
925 544 2614 2630
926 555 2619 2633
927 555 2623 2645
928 546 2631 2658
929 553 2638 2670
930 540 2646 2685
931 543 2656 2694
932 537 2666 2703
933 537 2677 2714
934 535 2683 2720
935 548 2688 2724
936 548 2696 2732
937 549 2708 2741
938 530 2721 2752
939 544 2730 2759
940 538 2737 2764
941 540 2742 2775
942 539 2750 2778
943 540 2758 2787
944 538 2766 2796
945 552 2773 2803
946 544 2782 2812
947 551 2790 2821
948 535 2799 2832
949 550 2805 2841
950 542 2811 2850
951 541 2815 2861
952 539 2822 2867
953 558 2827 2875
954 557 2832 2885
955 581 2838 2889
956 583 2845 2900
957 591 2853 2908
958 580 2860 2921
959 588 2871 2932
960 599 2875 2934
961 599 2882 2941
962 586 2894 2953
963 579 2901 2965
964 575 2909 2975
965 584 2915 2984
966 579 2927 2989
967 602 2931 2994
968 606 2937 2999
969 622 2943 3009
970 623 2949 3016
971 632 2965 3023
972 627 2977 3029
973 629 2988 3036
974 621 2994 3049
975 633 3007 3052
976 638 3014 3062
977 656 3021 3071
978 646 3029 3081
979 664 3038 3090
980 662 3051 3096
981 657 3062 3112
982 646 3076 3122
983 657 3082 3133
984 658 3089 3141
985 670 3096 3146
986 663 3106 3158
987 675 3122 3166
988 671 3133 3174
989 684 3139 3183
990 676 3148 3196
991 702 3155 3205
992 698 3162 3214
993 712 3169 3221
994 700 3175 3233
995 717 3179 3244
996 712 3188 3258
997 726 3197 3271
998 732 3207 3278
999 731 3216 3292
1000 717 3235 3302
1001 725 3250 3309
1002 720 3257 3318
1003 738 3268 3329
1004 734 3280 3339
1005 731 3294 3352
1006 718 3308 3366
1007 726 3317 3375
1008 720 3326 3385
1009 729 3339 3395
1010 727 3347 3403
1011 731 3354 3418
1012 734 3362 3429
1013 762 3372 3437
1014 765 3378 3445
1015 762 3391 3461
1016 759 3402 3472
1017 768 3418 3483
1018 763 3425 3494
1019 771 3433 3508
1020 764 3438 3521
1021 794 3443 3532
1022 793 3447 3542
1023 818 3455 3551
1024 816 3462 3565
1025 811 3476 3582
1026 798 3486 3597
1027 807 3499 3607
1028 790 3515 3620
1029 807 3524 3630
1030 794 3538 3649
1031 786 3557 3660
1032 775 3572 3671
1033 790 3584 3678
1034 788 3595 3687
1035 807 3611 3700
1036 806 3622 3714
1037 809 3641 3730
1038 805 3656 3740
1039 821 3662 3752
1040 820 3675 3759
1041 839 3679 3770
1042 838 3687 3787
1043 864 3697 3803
1044 854 3705 3819
1045 859 3720 3829
1046 844 3736 3844
1047 853 3749 3858
1048 851 3760 3866
1049 842 3776 3879
1050 844 3781 3894
1051 854 3792 3909
1052 839 3807 3923
1053 870 3815 3932
1054 864 3822 3955
1055 888 3832 3967
1056 884 3851 3980
1057 890 3864 3989
1058 883 3877 4002
1059 900 3892 4018
1060 889 3908 4031
1061 903 3920 4045
1062 892 3934 4059
1063 914 3949 4072
1064 906 3962 4083
1065 914 3975 4100
1066 902 3987 4118
1067 924 3998 4127
1068 916 4009 4145
1069 936 4020 4162
1070 934 4032 4171
1071 918 4054 4193
1072 906 4073 4203
1073 913 4090 4217
1074 901 4098 4239
1075 917 4110 4247
1076 913 4122 4258
1077 919 4136 4274
1078 906 4162 4285
1079 939 4174 4302
1080 934 4184 4322
1081 949 4194 4333
1082 942 4215 4345
1083 964 4221 4357
1084 955 4235 4374
1085 972 4249 4389
1086 955 4267 4409
1087 968 4281 4422
1088 957 4299 4437
1089 965 4318 4450
1090 946 4338 4467
1091 945 4359 4481
1092 935 4374 4498
1093 953 4400 4510
1094 942 4417 4525
1095 956 4432 4538
1096 951 4443 4553
1097 948 4459 4570
1098 931 4475 4586
1099 933 4496 4593
1100 917 4512 4609
1101 922 4526 4628
1102 920 4536 4646
1103 950 4548 4652
1104 946 4562 4669
1105 951 4579 4685
1106 945 4590 4697
1107 968 4607 4705
1108 954 4622 4724
1109 961 4639 4742
1110 948 4657 4754
1111 971 4678 4764
1112 963 4690 4777
1113 980 4698 4794
1114 970 4715 4809
1115 994 4727 4823
1116 976 4746 4840
1117 994 4766 4856
1118 985 4777 4872
1119 987 4794 4883
1120 974 4810 4901
1121 993 4825 4913
1122 988 4839 4922
1123 1015 4851 4939
1124 1009 4868 4953
1125 1021 4879 4970
1126 1009 4896 4985
1127 1012 4912 5002
1128 1021 4927 5018
1129 1043 4943 5030
1130 1048 4954 5043
1131 1058 4969 5062
1132 1042 4986 5081
1133 1065 5003 5091
1134 1056 5016 5108
1135 1071 5028 5127
1136 1067 5043 5142
1137 1077 5059 5156
1138 1084 5070 5172
1139 1104 5080 5188
1140 1095 5092 5209
1141 1095 5107 5226
1142 1092 5126 5242
1143 1115 5145 5254
1144 1117 5155 5266
1145 1128 5167 5281
1146 1113 5183 5298
1147 1118 5200 5312
1148 1116 5219 5331
1149 1115 5239 5350
1150 1095 5260 5374
1151 1113 5275 5387
1152 1115 5285 5402
1153 1139 5306 5411
1154 1133 5324 5425
1155 1142 5339 5447
1156 1119 5360 5472
1157 1121 5382 5492
1158 1108 5398 5508
1159 1129 5409 5528
1160 1113 5421 5544
1161 1128 5432 5560
1162 1117 5451 5577
1163 1126 5465 5588
1164 1115 5482 5605
1165 1122 5504 5618
1166 1123 5514 5634
1167 1145 5530 5648
1168 1135 5547 5667
1169 1141 5569 5681
1170 1135 5580 5701
1171 1171 5597 5716
1172 1165 5614 5733
1173 1177 5630 5755
1174 1166 5648 5766
1175 1158 5671 5791
1176 1135 5692 5810
1177 1135 5712 5828
1178 1128 5732 5840
1179 1145 5746 5855
1180 1144 5764 5869
1181 1138 5787 5886
1182 1146 5797 5900
1183 1187 5804 5916
1184 1178 5820 5939
1185 1206 5835 5958
1186 1190 5851 5982
1187 1208 5864 6003
1188 1200 5886 6011
1189 1219 5902 6026
1190 1206 5920 6050
1191 1213 5940 6065
1192 1192 5962 6081
1193 1210 5979 6092
1194 1198 6002 6106
1195 1236 6011 6123
1196 1221 6033 6145
1197 1245 6049 6161
1198 1253 6067 6171
1199 1263 6089 6191
1200 1249 6107 6211
1201 1269 6126 6234
1202 1265 6143 6251
1203 1272 6158 6265
1204 1258 6180 6284
1205 1276 6195 6301
1206 1256 6217 6322
1207 1275 6227 6339
1208 1269 6240 6361
1209 1283 6254 6385
1210 1266 6276 6407
1211 1274 6293 6428
1212 1248 6316 6457
1213 1248 6341 6482
1214 1232 6362 6498
1215 1250 6394 6512
1216 1244 6410 6531
1217 1253 6438 6550
1218 1251 6452 6569
1219 1276 6472 6584
1220 1260 6489 6607
1221 1263 6504 6631
1222 1250 6525 6653
1223 1265 6544 6667
1224 1257 6560 6690
1225 1274 6584 6709
1226 1265 6597 6729
1227 1270 6611 6748
1228 1252 6632 6772
1229 1288 6652 6794
1230 1253 6682 6822
1231 1288 6694 6839
1232 1269 6718 6860
1233 1282 6740 6881
1234 1274 6766 6893
1235 1288 6785 6916
1236 1278 6806 6930
1237 1270 6840 6950
1238 1268 6857 6971
1239 1286 6881 6985
1240 1282 6896 7003
1241 1288 6918 7023
1242 1281 6933 7045
1243 1301 6958 7056
1244 1287 6981 7079
1245 1309 7000 7102
1246 1302 7017 7120
1247 1328 7035 7146
1248 1320 7050 7168
1249 1340 7072 7188
1250 1332 7092 7209
1251 1340 7118 7229
1252 1330 7139 7247
1253 1342 7160 7262
1254 1329 7185 7275
1255 1333 7213 7293
1256 1329 7231 7309
1257 1322 7254 7331
1258 1317 7269 7351
1259 1347 7287 7363
1260 1338 7303 7384
1261 1372 7325 7396
1262 1362 7346 7412
1263 1381 7364 7431
1264 1379 7380 7447
1265 1396 7398 7466
1266 1384 7415 7485
1267 1404 7433 7505
1268 1391 7448 7528
1269 1434 7469 7544
1270 1438 7488 7564
1271 1447 7516 7587
1272 1430 7536 7608
1273 1446 7558 7626
1274 1449 7576 7645
1275 1462 7603 7665
1276 1455 7624 7682
1277 1480 7641 7706
1278 1481 7660 7724
1279 1487 7689 7743
1280 1468 7708 7769
1281 1490 7719 7790
1282 1473 7740 7824
1283 1484 7767 7848
1284 1475 7787 7863
1285 1490 7812 7883
1286 1458 7846 7907
1287 1507 7861 7931
1288 1498 7883 7954
1289 1521 7903 7967
1290 1501 7922 8005
1291 1515 7942 8035
1292 1497 7965 8060
1293 1525 7989 8092
1294 1516 8011 8113
1295 1560 8040 8126
1296 1528 8060 8163
1297 1531 8086 8182
1298 1518 8111 8203
1299 1527 8141 8222
1300 1517 8162 8242
1301 1526 8187 8270
1302 1517 8210 8288
1303 1530 8233 8310
1304 1518 8261 8327
1305 1547 8280 8351
1306 1534 8302 8371
1307 1541 8329 8397
1308 1526 8353 8425
1309 1553 8372 8447
1310 1537 8400 8467
1311 1555 8421 8484
1312 1539 8440 8508
1313 1550 8459 8532
1314 1548 8481 8555
1315 1579 8509 8570
1316 1566 8536 8594
1317 1579 8555 8618
1318 1564 8575 8640
1319 1595 8595 8667
1320 1591 8615 8692
1321 1603 8645 8728
1322 1580 8664 8759
1323 1608 8691 8780
1324 1596 8714 8810
1325 1608 8737 8831
1326 1598 8760 8849
1327 1612 8774 8875
1328 1613 8795 8897
1329 1647 8812 8916
1330 1632 8844 8934
1331 1672 8869 8955
1332 1661 8890 8983
1333 1678 8912 9006
1334 1660 8935 9035
1335 1697 8957 9058
1336 1700 8978 9079
1337 1710 9001 9112
1338 1703 9019 9136
1339 1753 9050 9149
1340 1738 9069 9182
1341 1752 9092 9215
1342 1737 9121 9239
1343 1763 9144 9262
1344 1757 9169 9285
1345 1753 9201 9313
1346 1746 9226 9343
1347 1773 9250 9366
1348 1765 9273 9389
1349 1775 9304 9424
1350 1771 9327 9447
1351 1781 9365 9477
1352 1759 9396 9505
1353 1776 9425 9527
1354 1758 9459 9556
1355 1767 9489 9587
1356 1746 9521 9618
1357 1758 9551 9642
1358 1724 9580 9682
1359 1745 9599 9710
1360 1722 9626 9746
1361 1754 9656 9776
1362 1745 9679 9804
1363 1778 9707 9829
1364 1762 9737 9855
1365 1769 9772 9885
1366 1768 9804 9909
1367 1766 9838 9937
1368 1762 9860 9960
1369 1792 9884 9980
1370 1781 9906 10006
1371 1787 9935 10033
1372 1781 9959 10060
1373 1807 9984 10089
1374 1801 10007 10113
1375 1828 10032 10147
1376 1827 10062 10171
1377 1856 10090 10200
1378 1847 10109 10227
1379 1865 10137 10255
1380 1846 10164 10287
1381 1905 10194 10306
1382 1888 10221 10342
1383 1919 10254 10370
1384 1906 10284 10392
1385 1923 10315 10422
1386 1914 10345 10450
1387 1956 10371 10482
1388 1956 10397 10506
1389 1957 10428 10540
1390 1929 10460 10568
1391 1962 10487 10600
1392 1941 10516 10631
1393 1980 10555 10667
1394 1968 10583 10695
1395 1978 10610 10732
1396 1953 10637 10776
1397 1996 10660 10796
1398 2004 10680 10823
1399 2050 10706 10847
1400 2034 10725 10885
1401 2045 10753 10920
1402 2042 10771 10947
1403 2040 10801 10983
1404 2018 10839 11012
1405 2067 10866 11028
1406 2047 10898 11063
1407 2060 10931 11089
1408 2040 10963 11116
1409 2074 10988 11145
1410 2063 11016 11181
1411 2058 11052 11216
1412 2044 11090 11245
1413 2069 11129 11275
1414 2058 11160 11306
1415 2093 11187 11332
1416 2073 11218 11362
1417 2113 11247 11393
1418 2099 11271 11432
1419 2123 11306 11467
1420 2103 11341 11498
1421 2150 11372 11530
1422 2130 11402 11563
1423 2149 11449 11597
1424 2128 11483 11632
1425 2159 11513 11665
1426 2136 11550 11702
1427 2140 11589 11737
1428 2124 11618 11764
1429 2138 11653 11797
1430 2121 11683 11826
1431 2151 11728 11853
1432 2111 11771 11896
1433 2146 11805 11923
1434 2127 11834 11963
1435 2149 11872 11997
1436 2124 11903 12030
1437 2154 11932 12065
1438 2133 11962 12111
1439 2137 12009 12142
1440 2112 12045 12172
1441 2155 12075 12199
1442 2108 12116 12239
1443 2143 12145 12261
1444 2126 12165 12293
1445 2144 12199 12321
1446 2112 12240 12360
1447 2132 12267 12409
1448 2133 12297 12439
1449 2143 12329 12469
1450 2133 12359 12502
1451 2162 12394 12532
1452 2169 12428 12557
1453 2213 12456 12591
1454 2208 12489 12617
1455 2206 12538 12660
1456 2201 12572 12682
1457 2258 12604 12709
1458 2232 12643 12742
1459 2270 12687 12762
1460 2241 12721 12801
1461 2270 12753 12838
1462 2245 12796 12863
1463 2278 12827 12893
1464 2259 12863 12931
1465 2280 12890 12965
1466 2259 12923 13001
1467 2274 12962 13041
1468 2276 12995 13069
1469 2329 13024 13095
1470 2313 13060 13127
1471 2319 13091 13166
1472 2301 13136 13189
1473 2337 13180 13221
1474 2316 13214 13257
1475 2353 13258 13292
1476 2328 13304 13337
1477 2367 13342 13374
1478 2357 13371 13408
1479 2389 13413 13444
1480 2366 13447 13477
1481 2412 13471 13509
1482 2382 13513 13542
1483 2385 13558 13584
1484 2387 13589 13617
1485 2422 13623 13656
1486 2397 13664 13692
1487 2442 13696 13729
1488 2407 13738 13771
1489 2430 13781 13817
1490 2395 13834 13850
1491 2432 13875 13882
1492 2411 13900 13916
1493 2404 13945 13954
1494 2386 13987 13984
1495 2431 14021 14017
1496 2423 14050 14054
1497 2488 14084 14095
1498 2509 14104 14122
1499 2554 14140 14163
1500 2556 14168 14186
1501 2636 14194 14216
1502 2608 14235 14266
1503 2640 14272 14309
1504 2609 14316 14350
1505 2627 14361 14393
1506 2612 14393 14434
1507 2620 14442 14471
1508 2604 14488 14507
1509 2659 14519 14541
1510 2652 14549 14577
1511 2669 14601 14620
1512 2640 14651 14661
1513 2662 14692 14696
1514 2656 14732 14731
1515 2674 14775 14774
1516 2670 14819 14808
1517 2698 14863 14846
1518 2681 14903 14893
1519 2723 14940 14924
1520 2711 14977 14955
1521 2747 15018 14998
1522 2717 15055 15050
1523 2749 15092 15089
1524 2728 15136 15135
1525 2749 15173 15181
1526 2734 15207 15227
1527 2800 15250 15260
1528 2792 15288 15303
1529 2836 15330 15339
1530 2809 15370 15385
1531 2875 15414 15425
1532 2834 15463 15470
1533 2885 15493 15523
1534 2866 15528 15571
1535 2885 15560 15622
1536 2886 15595 15664
1537 2918 15637 15708
1538 2880 15685 15754
1539 2893 15735 15793
1540 2854 15779 15835
1541 2894 15814 15880
1542 2878 15855 15919
1543 2952 15900 15958
1544 2932 15943 16003
1545 2964 15987 16045
1546 2960 16027 16083
1547 3037 16072 16123
1548 3015 16111 16170
1549 3079 16165 16226
1550 3042 16214 16279
1551 3120 16253 16320
1552 3089 16305 16365
1553 3109 16355 16403
1554 3076 16405 16452
1555 3131 16457 16509
1556 3105 16506 16552
1557 3145 16543 16597
1558 3122 16593 16646
1559 3172 16640 16687
1560 3158 16682 16731
1561 3221 16717 16775
1562 3202 16769 16828
1563 3178 16821 16878
1564 3164 16871 16915
1565 3212 16939 16955
1566 3195 16987 16997
1567 3224 17041 17054
1568 3196 17081 17102
1569 3257 17135 17149
1570 3239 17186 17191
1571 3284 17245 17229
1572 3256 17296 17276
1573 3295 17348 17311
1574 3254 17389 17374
1575 3296 17433 17426
1576 3264 17477 17487
1577 3302 17538 17538
1578 3260 17598 17590
1579 3311 17657 17650
1580 3290 17704 17693
1581 3321 17764 17746
1582 3293 17811 17797
1583 3339 17863 17853
1584 3306 17926 17896
1585 3347 17981 17940
1586 3342 18036 17972
1587 3402 18104 18020
1588 3363 18166 18064
1589 3426 18215 18112
1590 3405 18261 18161
1591 3459 18297 18215
1592 3423 18347 18279
1593 3455 18401 18329
1594 3417 18452 18385
1595 3472 18501 18437
1596 3448 18551 18483
1597 3491 18596 18531
1598 3452 18648 18581
1599 3508 18702 18649
1600 3465 18759 18695
1601 3536 18808 18745
1602 3485 18858 18813
1603 3499 18917 18858
1604 3474 18957 18919
1605 3524 19005 18977
1606 3489 19053 19025
1607 3557 19113 19071
1608 3524 19168 19130
1609 3557 19218 19187
1610 3533 19275 19238
1611 3591 19335 19294
1612 3576 19372 19349
1613 3650 19417 19400
1614 3627 19473 19447
1615 3689 19533 19491
1616 3637 19598 19554
1617 3672 19660 19603
1618 3623 19721 19661
1619 3719 19775 19705
1620 3690 19837 19766
1621 3755 19888 19818
1622 3732 19943 19862
1623 3773 20008 19916
1624 3721 20072 19975
1625 3829 20127 20042
1626 3821 20178 20096
1627 3858 20241 20160
1628 3808 20298 20220
1629 3839 20358 20271
1630 3819 20417 20325
1631 3853 20475 20385
1632 3826 20525 20442
1633 3870 20585 20508
1634 3845 20643 20569
1635 3913 20694 20634
1636 3862 20755 20696
1637 3900 20824 20755
1638 3876 20884 20805
1639 3936 20946 20865
1640 3910 21004 20926
1641 3976 21056 20992
1642 3929 21124 21048
1643 3968 21191 21102
1644 3951 21243 21159
1645 4019 21311 21219
1646 3992 21365 21288
1647 4066 21430 21341
1648 4034 21490 21411
1649 4099 21557 21455
1650 4067 21612 21523
1651 4098 21673 21581
1652 4046 21725 21651
1653 4118 21797 21695
1654 4076 21858 21770
1655 4166 21917 21821
1656 4143 21981 21878
1657 4217 22033 21928
1658 4198 22098 21973
1659 4258 22169 22040
1660 4216 22218 22115
1661 4250 22280 22171
1662 4210 22346 22233
1663 4239 22416 22306
1664 4213 22488 22370
1665 4247 22556 22442
1666 4210 22616 22511
1667 4253 22691 22577
1668 4229 22743 22641
1669 4289 22804 22696
1670 4246 22872 22766
1671 4279 22929 22836
1672 4264 22978 22891
1673 4282 23050 22965
1674 4263 23106 23027
1675 4280 23183 23097
1676 4246 23248 23161
1677 4297 23313 23243
1678 4267 23381 23311
1679 4296 23439 23372
1680 4245 23502 23432
1681 4296 23565 23500
1682 4268 23625 23563
1683 4308 23702 23630
1684 4278 23759 23685
1685 4323 23824 23751
1686 4308 23878 23820
1687 4360 23933 23893
1688 4323 24000 23952
1689 4376 24057 24022
1690 4341 24125 24089
1691 4388 24196 24157
1692 4358 24261 24228
1693 4412 24326 24303
1694 4384 24398 24360
1695 4468 24458 24434
1696 4425 24522 24514
1697 4488 24597 24578
1698 4451 24662 24653
1699 4517 24728 24723
1700 4490 24800 24799
1701 4500 24874 24875
1702 4458 24945 24948
1703 4540 25018 25011
1704 4508 25068 25073
1705 4587 25138 25140
1706 4553 25201 25207
1707 4593 25271 25265
1708 4543 25340 25359
1709 4628 25423 25423
1710 4558 25497 25507
1711 4603 25577 25568
1712 4563 25646 25636
1713 4571 25714 25704
1714 4558 25770 25772
1715 4626 25829 25851
1716 4577 25907 25916
1717 4642 25969 25977
1718 4593 26037 26055
1719 4671 26103 26113
1720 4634 26179 26182
1721 4719 26249 26249
1722 4691 26309 26318
1723 4735 26366 26395
1724 4703 26427 26465
1725 4719 26519 26543
1726 4687 26596 26604
1727 4752 26658 26681
1728 4705 26727 26751
1729 4769 26798 26816
1730 4718 26869 26904
1731 4763 26944 26974
1732 4734 27012 27032
1733 4775 27086 27117
1734 4754 27143 27180
1735 4839 27205 27253
1736 4801 27280 27322
1737 4892 27365 27402
1738 4869 27430 27469
1739 4918 27512 27546
1740 4900 27588 27599
1741 4967 27652 27674
1742 4920 27735 27734
1743 4993 27805 27805
1744 4984 27873 27870
1745 5067 27949 27947
