0 50 0 0
1 51 2 1
2 50 2 2
3 48 3 3
4 48 3 5
5 56 3 5
6 57 4 5
7 57 6 5
8 56 7 6
9 55 7 7
10 56 7 7
11 64 7 9
12 64 8 9
13 65 11 11
14 69 11 11
15 68 11 12
16 68 11 14
17 65 13 15
18 63 14 16
19 71 14 16
20 72 14 17
21 69 14 20
22 68 14 22
23 68 15 23
24 68 15 24
25 72 16 25
26 70 17 27
27 72 17 29
28 73 17 29
29 76 17 30
30 77 17 31
31 76 17 32
32 77 18 32
33 80 18 35
34 77 18 38
35 79 21 41
36 78 21 42
37 76 22 45
38 76 22 46
39 77 22 47
40 73 24 50
41 77 25 51
42 76 26 51
43 78 27 52
44 79 28 52
45 78 29 54
46 77 29 56
47 84 29 57
48 85 29 58
49 84 30 58
50 84 32 58
51 87 33 60
52 88 35 60
53 90 35 62
54 92 35 64
55 92 36 67
56 93 36 69
57 97 37 70
58 98 38 71
59 104 38 71
60 103 39 72
61 107 40 73
62 109 42 73
63 108 43 75
64 106 45 75
65 107 46 77
66 104 47 80
67 106 49 82
68 109 50 83
69 117 52 83
70 117 54 84
71 118 57 84
72 117 58 85
73 118 59 87
74 118 61 89
75 119 63 90
76 121 64 90
77 124 65 90
78 120 66 93
79 116 67 98
80 117 67 100
81 123 69 100
82 121 70 104
83 126 70 105
84 122 73 107
85 122 74 108
86 124 74 108
87 131 75 110
88 129 77 111
89 128 77 116
90 128 77 119
91 131 77 120
92 128 78 123
93 132 78 123
94 130 80 125
95 126 83 128
96 129 84 128
97 127 87 129
98 121 92 132
99 125 93 133
100 123 95 137
101 125 97 139
102 125 98 141
103 129 99 142
104 131 100 142
105 136 100 143
106 135 101 145
107 135 104 146
108 139 107 147
109 145 109 149
110 145 110 151
111 146 111 153
112 145 112 155
113 145 113 156
114 142 113 160
115 148 115 160
116 148 116 162
117 150 118 164
118 151 121 164
119 152 122 168
120 152 122 170
121 155 122 171
122 155 123 174
123 160 124 174
124 162 126 175
125 166 129 176
126 172 129 177
127 173 131 180
128 173 132 182
129 172 135 186
130 177 135 187
131 183 135 191
132 181 138 193
133 184 140 194
134 185 144 194
135 194 146 195
136 192 146 200
137 195 148 203
138 196 149 206
139 200 150 207
140 197 152 211
141 203 152 213
142 204 153 214
143 211 154 216
144 216 155 218
145 222 159 218
146 224 159 220
147 227 160 226
148 227 161 230
149 225 162 235
150 223 164 238
151 223 165 243
152 222 166 245
153 226 168 251
154 225 171 253
155 230 174 255
156 229 177 259
157 230 179 262
158 229 184 262
159 237 187 265
160 235 189 271
161 238 192 275
162 236 196 279
163 231 200 286
164 227 205 289
165 233 209 293
166 238 210 294
167 239 213 298
168 240 215 302
169 251 215 305
170 253 217 308
171 252 223 311
172 253 226 313
173 251 232 317
174 245 236 323
175 258 242 324
176 259 243 327
177 258 252 331
178 257 252 336
179 272 254 339
180 270 258 341
181 274 261 344
182 272 265 346
183 268 273 350
184 270 278 351
185 275 282 354
186 274 285 359
187 281 287 362
188 282 291 366
189 293 292 366
190 290 297 374
191 292 302 377
192 294 305 380
193 300 310 383
194 299 313 386
195 302 314 390
196 296 319 399
197 313 320 401
198 310 325 404
199 317 329 411
200 321 332 412
201 327 335 419
202 325 337 427
203 326 339 432
204 324 346 436
205 331 348 441
206 322 355 447
207 316 361 451
208 314 363 458
209 307 368 464
210 305 371 468
211 301 377 474
212 296 379 483
213 301 381 490
214 304 383 493
215 307 384 497
216 301 388 503
217 303 391 510
218 298 398 513
219 295 400 520
220 295 403 525
221 299 404 530
222 293 409 534
223 311 411 536
224 308 416 540
225 309 423 542
226 311 424 545
227 317 425 552
228 320 428 554
229 330 430 558
230 329 433 567
231 325 435 569
232 320 439 576
233 316 443 580
234 318 446 587
235 331 448 594
236 333 451 596
237 334 454 600
238 335 457 602
239 331 462 611
240 331 465 614
241 341 467 618
242 341 469 622
243 359 471 628
244 356 474 633
245 354 477 644
246 348 479 651
247 352 482 658
248 353 484 661
249 363 488 665
250 366 488 669
251 375 492 672
252 374 499 678
253 391 500 686
254 396 502 692
255 392 507 699
256 393 511 703
257 396 516 707
258 394 522 711
259 414 524 715
260 412 527 723
261 426 531 729
262 420 537 736
263 428 539 744
264 424 545 748
265 426 550 753
266 424 555 762
267 439 560 768
268 443 566 771
269 451 571 780
270 442 578 793
271 455 582 798
272 459 585 803
273 471 589 807
274 469 593 816
275 476 599 823
276 481 602 826
277 479 610 834
278 469 614 849
279 486 615 855
280 485 619 862
281 505 621 868
282 505 623 874
283 507 630 881
284 510 632 892
285 523 636 895
286 522 643 900
287 519 645 913
288 515 652 922
289 540 654 927
290 541 661 931
291 546 666 943
292 545 670 953
293 562 673 959
294 555 678 967
295 572 683 977
296 570 686 990
297 585 686 999
298 586 689 1008
299 602 692 1013
300 594 698 1026
301 603 707 1036
302 605 710 1043
303 605 715 1058
304 605 719 1069
305 628 723 1080
306 621 729 1091
307 628 738 1101
308 623 747 1112
309 622 754 1120
310 624 762 1127
311 644 767 1138
312 654 771 1144
313 658 774 1161
314 657 780 1171
315 661 785 1180
316 659 794 1189
317 668 800 1202
318 663 804 1216
319 670 813 1228
320 672 818 1239
321 677 825 1245
322 673 831 1253
323 687 834 1266
324 680 842 1281
325 675 856 1296
326 667 865 1310
327 676 871 1315
328 669 878 1330
329 678 885 1342
330 675 890 1355
331 694 895 1359
332 692 902 1373
333 696 910 1383
334 688 916 1398
335 706 925 1403
336 705 928 1413
337 734 933 1421
338 739 935 1432
339 752 946 1440
340 752 949 1454
341 767 959 1461
342 764 971 1467
343 770 984 1480
344 761 994 1489
345 795 998 1501
346 799 1013 1505
347 814 1021 1516
348 807 1030 1527
349 814 1037 1543
350 812 1041 1556
351 827 1049 1567
352 824 1056 1575
353 839 1069 1589
354 829 1080 1605
355 851 1087 1618
356 856 1091 1627
357 871 1099 1636
358 880 1105 1647
359 897 1116 1661
360 885 1132 1678
361 889 1149 1689
362 874 1166 1707
363 889 1177 1723
364 876 1186 1744
365 898 1199 1753
366 898 1204 1771
367 902 1216 1787
368 890 1229 1802
369 927 1239 1811
370 926 1253 1825
371 948 1264 1828
372 935 1278 1844
373 946 1288 1861
374 930 1300 1883
375 919 1315 1901
376 914 1323 1916
377 927 1331 1933
378 925 1342 1941
379 927 1361 1954
380 933 1368 1965
381 953 1374 1975
382 948 1385 1990
383 980 1394 2003
384 977 1401 2014
385 983 1412 2031
386 985 1418 2049
387 995 1436 2071
388 986 1452 2079
389 1018 1468 2087
390 1006 1477 2107
391 1032 1486 2120
392 1033 1495 2140
393 1049 1511 2152
394 1044 1524 2168
395 1074 1536 2186
396 1074 1549 2202
397 1087 1559 2223
398 1074 1567 2246
399 1097 1578 2270
400 1092 1589 2292
401 1119 1603 2309
402 1108 1616 2328
403 1149 1627 2348
404 1150 1638 2362
405 1173 1655 2376
406 1157 1671 2399
407 1191 1683 2417
408 1190 1693 2432
409 1215 1707 2449
410 1221 1718 2462
411 1246 1726 2477
412 1245 1739 2496
413 1268 1753 2513
414 1268 1769 2531
415 1297 1784 2543
416 1286 1799 2568
417 1313 1814 2584
418 1303 1829 2605
419 1330 1844 2619
420 1333 1855 2639
421 1341 1872 2656
422 1326 1889 2677
423 1353 1901 2698
424 1351 1917 2718
425 1371 1937 2742
426 1378 1953 2760
427 1421 1969 2775
428 1417 1982 2792
429 1430 2007 2816
430 1430 2024 2836
431 1455 2043 2864
432 1444 2058 2888
433 1476 2068 2910
434 1465 2079 2936
435 1486 2092 2956
436 1469 2104 2992
437 1502 2123 3020
438 1495 2136 3045
439 1524 2150 3060
440 1524 2175 3079
441 1537 2188 3103
442 1531 2212 3117
443 1553 2227 3136
444 1541 2242 3163
445 1541 2267 3188
446 1537 2280 3209
447 1565 2294 3227
448 1561 2312 3245
449 1575 2328 3269
450 1564 2351 3289
451 1633 2359 3308
452 1634 2374 3331
453 1655 2389 3349
454 1661 2402 3366
455 1695 2411 3395
456 1712 2426 3413
457 1760 2432 3437
458 1763 2449 3467
459 1804 2462 3493
460 1807 2473 3506
461 1865 2492 3523
462 1869 2508 3545
463 1912 2525 3575
464 1909 2544 3612
465 1937 2569 3641
466 1935 2591 3680
467 1970 2612 3710
468 1961 2626 3740
469 2004 2655 3774
470 2011 2671 3806
471 2073 2686 3827
472 2076 2713 3848
473 2127 2733 3875
474 2108 2755 3916
475 2145 2778 3952
476 2129 2797 3990
477 2153 2824 4027
478 2166 2841 4050
479 2168 2867 4086
480 2156 2886 4124
481 2181 2903 4160
482 2173 2937 4190
483 2201 2955 4224
484 2197 2978 4256
485 2213 3004 4294
486 2200 3026 4328
487 2217 3058 4363
488 2207 3081 4395
489 2278 3100 4423
490 2265 3120 4461
491 2294 3147 4499
492 2268 3187 4526
493 2301 3212 4572
494 2284 3233 4612
495 2320 3256 4639
496 2332 3272 4665
497 2361 3299 4699
498 2347 3330 4731
499 2373 3360 4759
500 2388 3378 4793
501 2419 3399 4825
502 2398 3425 4868
503 2453 3450 4902
504 2458 3466 4937
505 2539 3483 4965
506 2529 3511 5008
507 2561 3537 5046
508 2549 3556 5085
509 2617 3586 5121
510 2596 3617 5158
511 2665 3635 5187
512 2650 3674 5229
513 2674 3711 5274
514 2636 3743 5330
515 2688 3771 5366
516 2680 3801 5403
517 2732 3833 5445
518 2729 3858 5480
519 2794 3881 5512
520 2774 3902 5556
521 2820 3933 5597
522 2803 3955 5644
523 2902 3980 5672
524 2902 4000 5721
525 2972 4034 5753
526 2955 4073 5798
527 2999 4103 5854
528 2988 4132 5904
529 3056 4155 5947
530 3049 4182 5986
531 3103 4221 6031
532 3077 4255 6084
533 3146 4295 6117
534 3128 4332 6167
535 3195 4354 6216
536 3182 4386 6273
537 3238 4420 6317
538 3256 4444 6357
539 3311 4471 6409
540 3308 4494 6467
541 3374 4530 6511
542 3370 4559 6562
543 3426 4585 6616
544 3416 4634 6657
545 3467 4667 6701
546 3461 4695 6747
547 3495 4733 6799
548 3461 4772 6864
549 3555 4800 6910
550 3542 4834 6967
551 3621 4860 7014
552 3620 4894 7069
553 3684 4930 7115
554 3646 4977 7174
555 3718 5012 7237
556 3705 5051 7296
557 3801 5086 7359
558 3752 5134 7423
559 3835 5172 7474
560 3812 5217 7535
561 3842 5260 7592
562 3848 5299 7635
563 3913 5338 7691
564 3892 5386 7748
565 3933 5424 7821
566 3901 5478 7876
567 4015 5515 7927
568 4000 5560 7985
569 4087 5593 8041
570 4067 5636 8111
571 4136 5672 8174
572 4121 5711 8241
573 4235 5739 8305
574 4227 5780 8367
575 4282 5833 8423
576 4270 5866 8497
577 4386 5913 8568
578 4354 5964 8632
579 4415 6009 8698
580 4396 6049 8764
581 4452 6092 8835
582 4428 6139 8915
583 4529 6178 8987
584 4517 6228 9049
585 4577 6273 9132
586 4542 6327 9207
587 4628 6363 9295
588 4586 6416 9373
589 4669 6456 9444
590 4665 6498 9509
591 4758 6536 9570
592 4745 6582 9646
593 4851 6626 9716
594 4822 6690 9777
595 4910 6745 9844
596 4910 6792 9915
597 5007 6840 9982
