0 50 0 0
1 52 0 0
2 52 2 0
3 61 3 0
4 58 3 3
5 58 5 3
6 57 5 5
7 56 5 6
8 55 5 7
9 58 5 8
10 59 6 8
11 61 7 9
12 63 7 10
13 64 7 11
14 64 7 12
15 70 7 14
16 73 7 14
17 71 8 17
18 70 10 17
19 69 10 18
20 70 11 18
21 69 13 19
22 70 13 20
23 73 13 21
24 73 14 21
25 77 15 22
26 78 17 22
27 81 18 22
28 80 18 23
29 81 18 24
30 82 18 24
31 86 19 25
32 83 20 27
33 80 20 30
34 77 21 32
35 78 21 33
36 80 21 33
37 84 21 33
38 84 21 34
39 84 23 34
40 86 24 35
41 89 24 36
42 91 25 36
43 94 26 36
44 95 26 37
45 98 27 39
46 99 27 41
47 104 29 42
48 104 29 45
49 110 30 48
50 113 33 48
51 111 34 49
52 113 35 49
53 115 37 49
54 113 38 51
55 119 39 52
56 118 40 56
57 119 40 57
58 115 42 59
59 123 43 60
60 125 44 61
61 123 46 65
62 120 48 68
63 122 50 70
64 123 50 71
65 126 51 73
66 120 56 76
67 122 57 77
68 121 58 78
69 128 58 79
70 123 61 82
71 125 62 83
72 121 65 85
73 120 67 90
74 119 69 94
75 123 70 97
76 121 70 99
77 128 70 100
78 128 70 103
79 130 73 104
80 131 75 105
81 134 75 106
82 132 75 111
83 130 75 115
84 130 77 116
85 134 77 116
86 133 79 117
87 135 80 120
88 133 82 122
89 132 83 124
90 134 83 124
91 136 84 127
92 138 84 129
93 139 86 132
94 136 87 135
95 138 88 138
96 141 89 139
97 137 91 143
98 133 93 145
99 131 95 147
100 133 95 148
101 139 97 148
102 133 99 153
103 131 99 157
104 132 100 158
105 135 102 159
106 135 103 160
107 135 105 162
108 131 108 163
109 132 109 165
110 132 110 167
111 130 110 171
112 130 110 172
113 125 113 174
114 125 113 175
115 119 115 179
116 115 118 182
117 121 118 182
118 121 119 184
119 121 119 188
120 121 120 190
121 119 123 193
122 117 125 194
123 116 126 196
124 119 126 196
125 123 130 196
126 120 133 198
127 122 133 200
128 118 137 203
129 122 138 206
130 122 140 207
131 133 140 208
132 135 141 208
133 137 141 210
134 134 142 213
135 137 143 215
136 135 146 217
137 139 146 221
138 140 147 221
139 141 148 223
140 140 149 225
141 140 150 228
142 139 151 232
143 142 151 233
144 138 154 235
145 142 154 237
146 141 156 238
147 146 156 241
148 148 159 242
149 152 159 244
150 151 160 246
151 152 161 248
152 155 162 249
153 166 163 251
154 169 164 252
155 170 166 257
156 170 168 259
157 181 169 261
158 182 169 262
159 181 170 264
160 175 172 271
161 179 172 275
162 183 173 277
163 186 175 280
164 190 177 283
165 192 178 290
166 198 179 290
167 201 181 295
168 199 183 298
169 213 184 299
170 215 185 304
171 226 186 308
172 232 187 309
173 229 188 315
174 227 189 323
175 232 192 329
176 239 192 330
177 244 194 335
178 246 195 339
179 248 199 341
180 249 202 345
181 254 205 347
182 249 207 354
183 248 210 362
184 242 214 367
185 254 216 369
186 249 220 373
187 250 223 375
188 257 226 377
189 258 229 381
190 256 231 386
191 256 235 392
192 257 239 393
193 264 241 396
194 264 243 400
195 273 244 404
196 274 245 406
197 282 246 409
198 279 248 416
199 289 248 418
200 288 248 424
201 299 248 425
202 297 252 428
203 306 254 433
204 303 257 436
205 309 259 440
206 309 260 445
207 309 262 449
208 311 266 451
209 322 268 454
210 324 271 456
211 339 271 463
212 330 276 470
213 331 277 476
214 336 278 482
215 347 281 484
216 345 283 493
217 339 287 505
218 335 290 511
219 334 291 515
220 333 292 519
221 325 294 529
222 324 296 535
223 317 301 541
224 315 305 550
225 328 309 555
226 328 313 563
227 331 317 570
228 330 320 572
229 335 324 577
230 333 331 583
231 331 336 588
232 336 338 590
233 347 340 597
234 349 342 599
235 348 347 603
236 352 349 607
237 353 355 610
238 342 359 622
239 347 365 625
240 341 369 631
241 344 371 638
242 347 374 639
243 351 378 645
244 343 381 655
245 353 384 658
246 358 385 663
247 365 388 669
248 365 392 677
249 379 395 682
250 377 396 687
251 384 400 692
252 382 401 697
253 387 404 705
254 393 407 706
255 403 412 709
256 401 418 718
257 400 426 727
258 405 431 730
259 414 437 733
260 417 439 740
261 432 445 745
262 432 448 749
263 454 454 755
264 454 458 761
265 454 469 768
266 457 470 775
267 464 471 783
268 473 474 785
269 475 476 793
270 474 479 799
271 486 488 806
272 480 492 815
273 484 500 825
274 482 502 834
275 485 505 840
276 485 512 848
277 494 515 858
278 487 522 865
279 488 528 872
280 489 530 880
281 499 535 887
282 496 541 892
283 511 543 901
284 508 550 908
285 525 556 915
286 518 566 919
287 523 570 926
288 523 571 935
289 533 578 944
290 532 587 949
291 546 590 954
292 546 596 964
293 557 601 970
294 555 606 978
295 555 613 989
296 550 618 1002
297 568 623 1007
298 563 631 1016
299 578 635 1029
300 577 642 1037
301 581 650 1043
302 577 657 1052
303 578 661 1063
304 564 667 1076
305 570 668 1085
306 568 677 1093
307 574 681 1099
308 579 685 1106
309 593 691 1112
310 594 697 1121
311 590 706 1130
312 594 711 1137
313 603 717 1144
314 603 725 1155
315 613 731 1163
316 614 736 1170
317 646 740 1180
318 640 748 1187
319 642 757 1200
320 636 761 1213
321 655 766 1219
322 652 771 1234
323 666 775 1242
324 659 784 1254
325 671 789 1265
326 673 796 1276
327 679 805 1287
328 678 813 1298
329 690 820 1305
330 699 821 1315
331 717 830 1326
332 718 832 1340
333 734 837 1355
334 724 844 1374
335 732 853 1387
336 733 861 1401
337 745 867 1411
338 746 872 1420
339 761 876 1435
340 759 881 1449
341 778 884 1461
342 773 895 1476
343 786 904 1488
344 787 908 1499
345 794 923 1513
346 789 928 1527
347 803 936 1535
348 816 943 1540
349 836 953 1552
350 830 964 1563
351 850 976 1573
352 844 988 1583
353 860 995 1594
354 852 1007 1603
355 876 1014 1614
356 877 1018 1631
357 875 1027 1648
358 872 1037 1661
359 877 1050 1675
360 886 1057 1687
361 875 1073 1698
362 873 1088 1713
363 873 1097 1734
364 870 1109 1744
365 900 1115 1754
366 900 1123 1762
367 925 1126 1774
368 922 1136 1789
369 921 1144 1812
370 924 1150 1822
371 947 1155 1836
372 944 1165 1853
373 945 1176 1869
374 950 1188 1875
375 967 1198 1890
376 968 1209 1902
377 1001 1221 1909
378 998 1227 1924
379 1030 1233 1938
380 1026 1250 1946
381 1066 1259 1957
382 1060 1271 1969
383 1088 1277 1981
384 1082 1286 1999
385 1083 1291 2021
386 1082 1303 2028
387 1102 1312 2041
388 1093 1330 2050
389 1102 1337 2068
390 1105 1346 2076
391 1136 1347 2086
392 1136 1358 2097
393 1142 1367 2118
394 1132 1384 2139
395 1139 1394 2154
396 1123 1407 2176
397 1132 1420 2194
398 1119 1435 2215
399 1136 1444 2229
400 1133 1454 2246
401 1128 1464 2259
402 1145 1471 2266
403 1176 1484 2288
404 1181 1490 2295
405 1195 1504 2319
406 1201 1520 2328
407 1227 1531 2339
408 1210 1545 2367
409 1231 1554 2383
410 1230 1568 2401
411 1238 1583 2430
412 1235 1592 2446
413 1265 1603 2465
414 1259 1616 2486
415 1283 1630 2504
416 1290 1639 2519
417 1306 1650 2548
418 1299 1663 2570
419 1323 1677 2588
420 1324 1686 2606
421 1329 1700 2631
422 1319 1717 2654
423 1350 1727 2671
424 1348 1741 2686
425 1370 1760 2703
426 1373 1769 2722
427 1413 1780 2743
428 1398 1797 2772
429 1417 1811 2793
430 1419 1824 2817
431 1465 1833 2836
432 1463 1841 2858
433 1479 1856 2895
434 1483 1866 2916
435 1499 1888 2936
436 1485 1904 2963
437 1513 1917 2982
438 1514 1936 3005
439 1550 1948 3035
440 1540 1963 3058
441 1574 1980 3081
442 1559 1992 3113
443 1578 2015 3133
444 1566 2036 3161
445 1574 2053 3192
446 1573 2065 3213
447 1584 2080 3243
448 1566 2098 3266
449 1593 2112 3287
450 1619 2123 3301
451 1651 2138 3330
452 1652 2152 3356
453 1663 2175 3378
454 1667 2192 3407
455 1723 2205 3428
456 1722 2218 3450
457 1756 2235 3477
458 1755 2251 3495
459 1788 2268 3525
460 1778 2288 3551
461 1796 2309 3576
462 1787 2321 3606
463 1820 2336 3634
464 1819 2355 3657
465 1859 2371 3675
466 1840 2392 3703
467 1876 2409 3728
468 1863 2425 3763
469 1891 2439 3793
470 1893 2453 3819
471 1944 2469 3846
472 1948 2482 3870
473 1980 2501 3893
474 1956 2525 3932
475 1993 2537 3967
476 1990 2553 3999
477 2014 2577 4033
478 2004 2591 4064
479 2024 2620 4099
480 2023 2648 4126
481 2036 2676 4159
482 2037 2698 4184
483 2071 2719 4211
484 2061 2743 4242
485 2101 2766 4271
486 2090 2790 4302
487 2136 2806 4336
488 2121 2836 4358
489 2180 2864 4391
490 2182 2881 4423
491 2213 2896 4453
492 2207 2916 4492
493 2229 2939 4531
494 2214 2948 4572
495 2230 2975 4613
496 2215 2995 4659
497 2250 3021 4686
498 2243 3044 4717
499 2262 3071 4753
500 2256 3091 4791
501 2291 3113 4830
502 2288 3139 4865
503 2372 3165 4897
504 2383 3185 4931
505 2430 3204 4965
506 2428 3231 4994
507 2496 3257 5034
508 2500 3283 5076
509 2569 3308 5106
510 2542 3343 5146
511 2604 3354 5183
512 2583 3381 5227
513 2642 3406 5283
514 2632 3427 5322
515 2691 3450 5368
516 2689 3475 5404
517 2715 3505 5450
518 2716 3529 5490
519 2767 3559 5525
520 2730 3593 5574
521 2802 3614 5611
522 2775 3648 5665
523 2832 3665 5703
524 2834 3693 5734
525 2872 3724 5771
526 2864 3752 5817
527 2958 3771 5860
528 2944 3804 5910
529 2991 3831 5950
530 2985 3858 5991
531 3055 3882 6021
532 3034 3909 6068
533 3110 3927 6112
534 3123 3946 6158
535 3143 3982 6212
536 3136 4007 6263
537 3201 4034 6295
538 3218 4063 6333
539 3264 4093 6391
540 3228 4129 6452
541 3283 4149 6495
542 3284 4179 6537
543 3299 4221 6588
544 3292 4243 6643
545 3342 4279 6707
546 3325 4308 6756
547 3401 4347 6805
548 3407 4388 6848
549 3471 4416 6910
550 3463 4452 6965
551 3529 4484 7021
552 3531 4520 7068
553 3571 4551 7127
554 3566 4581 7169
555 3630 4619 7213
556 3626 4652 7265
557 3690 4685 7320
558 3649 4724 7384
559 3731 4758 7428
560 3732 4797 7475
561 3821 4828 7539
562 3803 4865 7606
563 3881 4903 7668
564 3870 4940 7727
565 3947 4979 7787
566 3922 5013 7858
567 4042 5046 7907
568 4022 5077 7987
569 4098 5117 8057
570 4081 5159 8106
571 4175 5193 8162
572 4137 5232 8236
573 4204 5277 8292
574 4196 5317 8358
575 4257 5369 8421
576 4240 5412 8490
577 4327 5450 8557
578 4316 5496 8617
579 4381 5548 8676
580 4386 5590 8728
581 4469 5641 8790
582 4455 5682 8860
583 4524 5711 8928
584 4490 5766 9003
585 4523 5820 9070
586 4530 5863 9128
587 4632 5904 9199
588 4629 5954 9262
589 4711 6002 9334
590 4687 6051 9399
591 4811 6087 9465
592 4816 6130 9529
593 4914 6180 9603
594 4893 6234 9674
595 4993 6274 9742
596 4948 6329 9818
597 5027 6381 9903
