0 50 0 0
1 50 1 1
2 52 1 1
3 52 1 1
4 52 2 3
5 50 3 4
6 48 4 5
7 46 5 6
8 47 5 6
9 49 7 6
10 49 7 6
11 49 7 8
12 49 7 8
13 53 7 8
14 54 7 8
15 56 9 8
16 56 9 8
17 59 10 8
18 59 11 8
19 57 13 8
20 54 15 9
21 55 15 12
22 53 17 12
23 54 18 12
24 54 18 13
25 54 18 13
26 55 18 13
27 58 18 14
28 59 18 15
29 58 18 16
30 60 19 16
31 59 19 17
32 60 19 18
33 64 19 18
34 65 19 18
35 66 19 19
36 65 21 19
37 63 22 22
38 63 22 23
39 64 23 25
40 62 25 26
41 68 25 26
42 67 26 26
43 68 27 26
44 67 27 28
45 66 28 28
46 65 30 28
47 66 31 28
48 64 31 30
49 66 31 32
50 65 33 33
51 74 33 34
52 73 34 34
53 76 35 36
54 76 36 37
55 75 36 40
56 76 36 41
57 77 36 42
58 78 37 42
59 78 37 44
60 77 37 45
61 74 38 47
62 76 38 47
63 80 39 48
64 77 40 50
65 78 40 53
66 78 40 54
67 78 40 54
68 80 40 54
69 77 41 56
70 78 41 58
71 76 41 62
72 77 41 63
73 77 41 65
74 78 42 67
75 82 42 67
76 80 44 68
77 84 45 69
78 86 45 70
79 87 46 72
80 86 48 73
81 85 49 75
82 86 51 76
83 84 52 79
84 86 53 79
85 86 53 81
86 86 53 82
87 85 53 83
88 84 53 85
89 89 53 86
90 91 55 86
91 94 55 87
92 95 55 87
93 97 56 88
94 95 56 90
95 97 56 92
96 95 57 93
97 95 57 95
98 94 58 97
99 94 59 100
100 93 61 100
101 95 61 102
102 97 61 103
103 96 63 104
104 94 65 105
105 94 65 107
106 93 66 110
107 105 66 110
108 106 66 111
109 113 66 112
110 113 66 113
111 113 66 117
112 114 66 118
113 123 67 118
114 121 67 120
115 117 69 126
116 118 69 129
117 122 69 131
118 124 69 132
119 127 70 132
120 131 70 132
121 133 71 133
122 131 72 136
123 137 73 137
124 138 74 138
125 140 75 139
126 139 75 141
127 134 78 145
128 137 78 145
129 137 79 148
130 138 81 148
131 136 82 149
132 133 82 154
133 138 83 154
134 136 83 158
135 137 85 159
136 135 86 161
137 137 87 162
138 135 89 163
139 136 91 164
140 136 91 167
141 144 93 167
142 143 94 168
143 141 99 171
144 140 100 173
145 141 103 175
146 143 103 177
147 145 105 177
148 147 105 180
149 146 106 184
150 144 109 184
151 149 111 185
152 151 112 186
153 155 114 188
154 156 115 191
155 153 117 194
156 152 122 194
157 154 122 198
158 154 122 201
159 158 127 202
160 155 129 203
161 160 129 204
162 157 130 209
163 162 130 210
164 162 132 210
165 163 133 212
166 165 135 215
167 176 135 218
168 171 140 219
169 175 142 223
170 175 145 226
171 178 149 229
172 177 151 231
173 189 151 233
174 189 153 234
175 200 154 236
176 199 156 239
177 206 159 241
178 210 160 243
179 210 161 244
180 203 163 251
181 206 164 257
182 204 169 258
183 210 171 260
184 209 173 263
185 211 174 268
186 216 176 272
187 226 177 273
188 218 180 281
189 221 181 283
190 219 183 286
191 226 186 288
192 228 187 291
193 230 190 292
194 225 193 296
195 228 195 297
196 227 200 299
197 225 203 304
198 226 205 307
199 232 207 309
200 234 209 311
201 242 212 312
202 242 217 314
203 257 217 315
204 255 219 318
205 262 220 324
206 262 222 326
207 265 224 329
208 270 226 335
209 277 227 341
210 274 229 348
211 283 230 350
212 285 231 351
213 302 232 353
214 297 236 359
215 306 242 362
216 301 245 369
217 311 248 376
218 310 252 380
219 318 256 380
220 325 258 384
221 336 262 385
222 330 270 392
223 325 275 398
224 321 280 405
225 324 283 409
226 323 287 416
227 331 292 421
228 336 297 424
229 339 300 434
230 333 306 440
231 336 311 444
232 333 314 450
233 332 321 456
234 337 323 461
235 340 326 465
236 343 329 471
237 351 334 478
238 347 339 485
239 361 341 487
240 353 346 495
241 346 351 501
242 346 353 506
243 345 358 510
244 342 358 518
245 356 362 526
246 354 363 529
247 366 364 534
248 366 367 539
249 373 370 543
250 373 371 550
251 384 373 555
252 379 380 562
253 382 384 567
254 378 391 572
255 391 393 577
256 390 397 583
257 395 400 591
258 396 403 596
259 406 403 602
260 401 408 610
261 417 412 616
262 415 418 622
263 422 418 627
264 411 425 636
265 421 430 645
266 423 432 652
267 439 437 659
268 426 440 677
269 426 444 683
270 424 446 689
271 424 452 695
272 426 456 702
273 430 458 710
274 428 467 715
275 436 469 725
276 431 475 730
277 442 477 739
278 431 481 753
279 425 485 763
280 424 488 773
281 428 493 778
282 423 495 786
283 436 498 790
284 432 505 794
285 435 508 804
286 432 512 815
287 446 512 821
288 445 517 827
289 455 522 832
290 452 525 838
291 461 528 846
292 460 531 852
293 470 534 859
294 472 537 863
295 479 543 870
296 486 546 875
297 506 552 881
298 503 556 892
299 506 561 904
300 500 570 911
301 502 574 923
302 502 579 929
303 513 580 937
304 514 584 943
305 521 590 948
306 521 598 952
307 536 604 959
308 532 609 967
309 546 615 977
310 545 624 982
311 554 628 987
312 540 639 1002
313 555 647 1011
314 553 656 1017
315 558 658 1024
316 552 669 1033
317 556 677 1041
318 554 682 1046
319 569 690 1055
320 570 696 1064
321 563 703 1080
322 557 711 1089
323 559 716 1098
324 561 720 1106
325 571 723 1113
326 571 728 1122
327 593 733 1127
328 593 739 1133
329 586 745 1148
330 598 748 1152
331 589 761 1162
332 585 768 1170
333 594 780 1177
334 584 788 1187
335 603 796 1196
336 600 806 1202
337 596 819 1213
338 594 823 1219
339 603 829 1230
340 599 834 1240
341 616 836 1253
342 612 844 1262
343 618 856 1272
344 610 863 1288
345 617 866 1302
346 616 876 1311
347 630 884 1321
348 628 891 1331
349 637 895 1342
350 628 906 1355
351 625 912 1366
352 629 919 1380
353 635 926 1391
354 642 933 1396
355 654 936 1405
356 647 946 1417
357 664 955 1429
358 661 964 1439
359 697 967 1448
360 708 974 1454
361 717 981 1464
362 719 988 1474
363 732 992 1479
364 735 998 1492
365 756 1007 1506
366 750 1020 1514
367 765 1026 1523
368 761 1036 1534
369 775 1043 1549
370 778 1050 1555
371 788 1060 1565
372 791 1067 1575
373 783 1083 1589
374 776 1095 1601
375 779 1103 1612
376 776 1106 1622
377 777 1115 1640
378 788 1120 1648
379 812 1126 1660
380 812 1134 1676
381 828 1141 1689
382 824 1152 1701
383 821 1164 1718
384 810 1173 1732
385 821 1177 1743
386 824 1189 1752
387 833 1199 1765
388 833 1210 1776
389 868 1214 1781
390 868 1224 1793
391 896 1231 1804
392 906 1238 1820
393 922 1243 1841
394 916 1257 1862
395 929 1267 1871
396 932 1272 1885
397 943 1281 1899
398 932 1286 1919
399 936 1291 1938
400 926 1303 1953
401 947 1314 1971
402 940 1329 1983
403 969 1336 1995
404 967 1348 2007
405 977 1354 2027
406 966 1370 2043
407 986 1378 2057
408 981 1390 2069
409 1022 1396 2082
410 1030 1403 2095
411 1039 1414 2107
412 1027 1426 2122
413 1054 1431 2136
414 1049 1442 2152
415 1073 1448 2172
416 1073 1455 2189
417 1076 1464 2209
418 1082 1471 2223
419 1095 1483 2240
420 1089 1491 2257
421 1119 1497 2275
422 1110 1508 2293
423 1133 1516 2312
424 1136 1528 2331
425 1164 1542 2345
426 1158 1558 2363
427 1190 1562 2377
428 1177 1579 2399
429 1197 1589 2415
430 1199 1599 2430
431 1232 1609 2443
432 1218 1622 2463
433 1240 1629 2480
434 1225 1648 2499
435 1244 1658 2518
436 1266 1663 2535
437 1308 1676 2544
438 1310 1687 2558
439 1323 1696 2580
440 1323 1702 2603
441 1351 1716 2625
442 1342 1727 2647
443 1344 1742 2674
444 1329 1759 2701
445 1346 1767 2726
446 1340 1782 2744
447 1363 1794 2769
448 1351 1806 2799
449 1366 1819 2821
450 1367 1833 2840
451 1407 1855 2854
452 1412 1868 2868
453 1427 1882 2893
454 1432 1893 2911
455 1436 1920 2934
456 1424 1937 2962
457 1449 1948 2982
458 1437 1964 3008
459 1480 1977 3022
460 1474 1996 3047
461 1486 2019 3078
462 1472 2037 3110
463 1524 2042 3129
464 1532 2057 3144
465 1531 2071 3173
466 1523 2086 3200
467 1591 2099 3215
468 1576 2117 3242
469 1629 2130 3262
470 1610 2145 3294
471 1642 2161 3316
472 1632 2181 3344
473 1660 2196 3363
474 1660 2210 3390
475 1724 2224 3414
476 1728 2240 3439
477 1752 2253 3468
478 1741 2269 3500
479 1778 2292 3524
480 1779 2307 3548
481 1808 2323 3579
482 1799 2344 3611
483 1820 2370 3640
484 1825 2379 3662
485 1875 2391 3692
486 1879 2402 3714
487 1911 2414 3740
488 1892 2428 3776
489 1945 2443 3798
490 1939 2458 3832
491 1966 2477 3860
492 1959 2491 3893
493 2003 2506 3920
494 2003 2527 3944
495 2044 2541 3973
496 2041 2560 4003
497 2097 2576 4029
498 2095 2595 4063
499 2102 2623 4100
500 2090 2643 4129
501 2100 2674 4158
502 2111 2690 4185
503 2175 2715 4214
504 2167 2733 4248
505 2180 2765 4283
506 2162 2792 4321
507 2216 2813 4348
508 2215 2839 4370
509 2243 2861 4412
510 2239 2885 4444
511 2264 2915 4475
512 2252 2937 4505
513 2312 2955 4537
514 2330 2969 4561
515 2371 2986 4601
516 2362 3009 4645
517 2399 3029 4680
518 2400 3051 4718
519 2458 3068 4753
520 2448 3100 4787
521 2489 3123 4823
522 2479 3143 4868
523 2536 3176 4898
524 2542 3193 4937
525 2589 3218 4967
526 2584 3242 5006
527 2651 3266 5041
528 2661 3289 5069
529 2712 3319 5106
530 2712 3346 5136
531 2779 3370 5171
532 2779 3394 5208
533 2861 3420 5248
534 2854 3445 5295
535 2926 3474 5336
536 2917 3503 5384
537 2967 3527 5420
538 2957 3555 5462
539 3000 3584 5498
540 3008 3612 5538
541 3083 3642 5567
542 3064 3669 5617
543 3163 3698 5671
544 3162 3730 5710
545 3256 3760 5750
546 3239 3798 5800
547 3288 3833 5846
548 3294 3866 5889
549 3323 3900 5954
550 3339 3927 6003
551 3421 3957 6059
552 3408 3997 6112
553 3442 4027 6170
554 3431 4061 6217
555 3483 4088 6278
556 3489 4120 6333
557 3568 4147 6389
558 3578 4180 6445
559 3608 4218 6505
560 3593 4248 6560
561 3624 4290 6615
562 3613 4327 6667
563 3667 4366 6720
564 3668 4399 6776
565 3753 4446 6820
566 3735 4480 6891
567 3783 4522 6955
568 3783 4556 7003
569 3879 4592 7045
570 3877 4627 7095
571 3931 4663 7159
572 3907 4701 7219
573 3977 4743 7289
574 3960 4787 7344
575 4026 4822 7421
576 4025 4851 7484
577 4069 4891 7546
578 4065 4930 7606
579 4136 4966 7665
580 4128 4999 7717
581 4184 5050 7778
582 4145 5101 7840
583 4209 5147 7912
584 4201 5192 7973
585 4291 5231 8032
586 4279 5266 8091
587 4375 5307 8150
588 4359 5352 8213
589 4438 5395 8303
590 4412 5441 8376
591 4486 5483 8438
592 4449 5528 8523
593 4523 5577 8586
594 4485 5642 8659
595 4558 5701 8733
596 4535 5760 8798
597 4620 5799 8876
598 4600 5842 8953
599 4676 5891 9012
600 4663 5941 9079
601 4729 5982 9154
602 4685 6023 9244
603 4717 6086 9327
604 4698 6141 9396
605 4804 6197 9464
606 4802 6240 9551
607 4926 6291 9618
608 4920 6338 9690
609 5023 6383 9770
