0 50 0 0
1 50 2 0
2 49 2 2
3 53 2 2
4 52 4 2
5 52 4 2
6 53 4 2
7 51 5 3
8 49 6 4
9 49 7 5
10 48 9 5
11 50 9 5
12 49 9 6
13 48 9 7
14 49 9 7
15 48 10 7
16 48 10 8
17 47 11 8
18 48 11 9
19 52 11 9
20 52 11 9
21 51 11 10
22 53 13 10
23 53 14 11
24 53 14 12
25 51 14 14
26 52 14 14
27 51 14 15
28 52 14 16
29 54 14 16
30 53 14 18
31 54 15 18
32 54 16 19
33 57 17 19
34 56 17 21
35 57 17 22
36 55 18 23
37 57 18 23
38 57 19 23
39 58 19 24
40 61 19 24
41 59 20 27
42 58 21 28
43 59 21 29
44 57 21 32
45 60 21 33
46 61 21 33
47 64 22 33
48 63 22 34
49 65 22 34
50 66 22 34
51 66 23 35
52 63 24 37
53 64 24 38
54 63 25 39
55 66 26 39
56 67 26 39
57 69 26 39
58 69 27 39
59 67 27 41
60 64 28 43
61 65 28 44
62 70 28 45
63 77 29 45
64 77 30 47
65 79 30 49
66 80 31 51
67 83 32 51
68 82 34 51
69 83 35 51
70 82 35 53
71 85 36 53
72 91 36 53
73 96 37 53
74 93 39 55
75 99 39 55
76 104 39 55
77 108 39 57
78 106 41 59
79 106 44 60
80 105 44 63
81 108 45 65
82 108 46 66
83 110 48 68
84 109 49 69
85 112 50 71
86 116 50 73
87 116 50 77
88 116 52 77
89 120 53 78
90 119 55 80
91 123 55 84
92 121 58 86
93 123 59 87
94 125 60 89
95 126 61 91
96 128 63 93
97 131 65 94
98 137 65 94
99 136 67 99
100 138 69 100
101 143 70 104
102 146 72 104
103 149 72 105
104 148 76 106
105 147 80 109
106 145 82 113
107 146 82 116
108 141 85 120
109 151 87 120
110 151 87 123
111 153 88 124
112 148 91 130
113 149 92 130
114 150 93 134
115 150 93 136
116 156 93 137
117 164 94 138
118 163 95 142
119 162 95 147
120 160 96 152
121 154 101 153
122 153 103 154
123 151 106 157
124 153 108 158
125 153 110 158
126 151 111 162
127 152 111 165
128 149 116 167
129 143 120 171
130 143 121 172
131 141 125 176
132 143 126 179
133 143 126 183
134 145 126 184
135 143 127 187
136 137 131 191
137 139 133 195
138 137 135 197
139 141 136 198
140 145 136 199
141 151 137 200
142 148 139 203
143 154 141 207
144 157 141 208
145 159 143 210
146 165 143 211
147 166 143 216
148 163 147 217
149 162 150 219
150 164 151 220
151 159 154 224
152 159 154 226
153 162 157 228
154 163 157 229
155 164 158 233
156 164 160 233
157 164 163 234
158 166 163 234
159 171 166 236
160 173 167 238
161 177 170 243
162 172 172 248
163 177 173 250
164 175 174 254
165 172 175 258
166 171 177 258
167 167 178 263
168 171 179 263
169 172 180 267
170 177 180 268
171 178 182 271
172 174 182 275
173 182 183 278
174 176 185 285
175 180 187 289
176 175 187 296
177 187 190 297
178 187 190 301
179 186 193 303
180 186 194 307
181 192 195 308
182 191 197 310
183 196 201 313
184 196 204 316
185 200 208 318
186 198 212 320
187 210 212 322
188 210 213 326
189 209 215 333
190 213 216 335
191 217 217 338
192 214 218 343
193 221 222 344
194 220 224 348
195 231 226 353
196 232 227 354
197 222 229 362
198 220 232 364
199 234 232 364
200 233 234 368
201 239 237 369
202 235 239 374
203 238 242 378
204 230 246 385
205 232 247 388
206 231 248 390
207 240 249 392
208 241 252 393
209 250 254 398
210 256 255 401
211 256 257 405
212 261 259 406
213 266 261 409
214 267 262 412
215 274 262 419
216 277 263 421
217 278 266 425
218 276 267 429
219 281 271 432
220 277 275 439
221 282 279 444
222 277 282 452
223 280 287 456
224 281 288 458
225 296 288 463
226 296 289 467
227 301 293 472
228 298 293 480
229 303 297 485
230 301 299 489
231 311 304 492
232 306 307 500
233 307 310 504
234 310 312 505
235 320 314 513
236 317 319 515
237 325 322 520
238 320 328 524
239 329 330 527
240 325 332 534
241 318 338 541
242 317 340 547
243 322 345 549
244 318 348 555
245 328 352 559
246 325 355 563
247 339 359 567
248 340 363 572
249 343 368 580
250 346 371 581
251 356 373 583
252 358 374 588
253 374 376 592
254 366 378 601
255 371 382 606
256 369 387 612
257 378 389 621
258 368 391 631
259 372 395 635
260 370 396 644
261 377 399 650
262 371 403 658
263 374 410 666
264 369 413 674
265 379 417 678
266 381 419 689
267 388 422 695
268 383 428 701
269 395 430 707
270 399 432 711
271 403 437 716
272 398 447 719
273 413 451 726
274 415 453 730
275 403 463 740
276 400 471 745
277 406 475 751
278 402 481 759
279 410 486 762
280 414 491 766
281 422 499 774
282 414 505 783
283 419 507 790
284 417 513 797
285 420 519 800
286 422 524 805
287 431 529 811
288 445 529 814
289 444 533 823
290 440 535 828
291 457 539 831
292 458 541 841
293 467 544 855
294 467 547 863
295 487 550 868
296 491 556 875
297 489 558 883
298 490 561 890
299 508 566 893
300 511 571 899
301 534 575 904
302 538 579 912
303 542 588 915
304 543 594 920
305 562 603 926
306 560 607 934
307 576 612 943
308 575 615 956
309 587 621 962
310 583 624 973
311 608 629 979
312 609 635 985
313 613 640 1000
314 610 649 1008
315 631 657 1015
316 625 662 1027
317 646 668 1032
318 640 677 1039
319 665 685 1046
320 670 691 1053
321 700 698 1058
322 689 704 1071
323 706 711 1079
324 702 715 1089
325 717 728 1095
326 724 735 1099
327 734 742 1114
328 725 749 1130
329 721 756 1147
330 708 764 1163
331 724 768 1177
332 724 773 1189
333 752 779 1193
334 756 786 1204
335 761 796 1219
336 762 807 1229
337 784 814 1240
338 782 820 1250
339 796 829 1265
340 794 836 1279
341 798 851 1298
342 799 862 1310
343 831 873 1321
344 823 886 1330
345 855 897 1333
346 859 906 1347
347 876 913 1357
348 861 928 1373
349 890 936 1382
350 888 945 1398
351 901 955 1415
352 905 968 1428
353 924 975 1442
354 913 986 1463
355 952 1000 1474
356 943 1014 1488
357 959 1023 1503
358 965 1029 1516
359 990 1036 1530
360 997 1044 1541
361 999 1055 1552
362 993 1063 1571
363 1009 1077 1585
364 999 1085 1607
365 1004 1099 1616
366 1006 1104 1629
367 1040 1111 1646
368 1048 1117 1657
369 1073 1124 1669
370 1073 1131 1681
371 1097 1141 1693
372 1091 1152 1714
373 1123 1164 1730
374 1126 1179 1744
375 1135 1192 1770
376 1140 1205 1788
377 1179 1217 1805
378 1182 1224 1827
379 1198 1235 1844
380 1190 1247 1868
381 1228 1253 1880
382 1237 1262 1890
383 1263 1277 1915
384 1255 1296 1927
385 1278 1304 1950
386 1289 1314 1965
387 1299 1335 1982
388 1301 1343 2005
389 1313 1357 2023
390 1319 1367 2034
391 1330 1383 2063
392 1327 1398 2080
393 1339 1413 2105
394 1339 1427 2121
395 1371 1439 2145
396 1376 1449 2165
397 1400 1462 2186
398 1397 1476 2206
399 1406 1489 2224
400 1405 1498 2243
401 1427 1516 2259
402 1421 1525 2284
403 1474 1540 2308
404 1472 1551 2335
405 1506 1559 2363
406 1511 1578 2383
407 1533 1596 2397
408 1519 1608 2428
409 1567 1627 2439
410 1563 1644 2466
411 1578 1669 2490
412 1571 1683 2513
413 1608 1701 2526
414 1595 1712 2558
415 1608 1728 2577
416 1608 1734 2604
417 1640 1749 2619
418 1638 1766 2638
419 1656 1781 2661
420 1639 1797 2699
421 1668 1812 2737
422 1671 1829 2762
423 1712 1833 2789
424 1712 1841 2820
425 1750 1859 2846
426 1765 1874 2864
427 1815 1893 2889
428 1812 1907 2918
429 1855 1920 2952
430 1833 1949 2975
431 1879 1957 3003
432 1866 1976 3039
433 1914 1989 3068
434 1909 2008 3098
435 1957 2029 3113
436 1943 2048 3140
437 1979 2070 3170
438 1980 2088 3194
439 2018 2102 3230
440 2021 2116 3257
441 2086 2134 3286
442 2090 2153 3314
443 2177 2171 3341
444 2188 2182 3369
445 2215 2193 3413
446 2206 2215 3445
447 2273 2231 3474
448 2260 2257 3513
449 2299 2283 3552
450 2281 2302 3596
451 2305 2325 3631
452 2289 2350 3662
453 2353 2368 3698
454 2361 2386 3732
455 2423 2411 3755
456 2414 2438 3792
457 2472 2458 3828
458 2474 2486 3867
459 2517 2509 3899
460 2518 2531 3931
461 2582 2560 3962
462 2571 2584 4007
463 2627 2605 4052
464 2620 2628 4093
465 2662 2652 4129
466 2648 2674 4171
467 2696 2693 4218
468 2691 2715 4264
469 2711 2738 4307
470 2727 2755 4348
471 2779 2784 4395
472 2765 2821 4430
473 2817 2849 4458
474 2818 2873 4485
475 2866 2902 4522
476 2864 2932 4552
477 2896 2960 4598
478 2871 2991 4642
479 2942 3026 4680
480 2914 3061 4728
481 2954 3080 4783
482 2951 3106 4824
483 3011 3135 4861
484 3028 3156 4901
485 3073 3185 4949
486 3054 3208 5000
487 3106 3245 5045
488 3081 3283 5087
489 3143 3313 5129
490 3127 3346 5175
491 3183 3366 5233
492 3137 3410 5298
493 3168 3440 5347
494 3155 3470 5390
495 3210 3493 5434
496 3194 3517 5476
497 3237 3545 5527
498 3233 3571 5568
499 3285 3613 5608
500 3279 3644 5657
501 3360 3675 5705
502 3349 3700 5760
503 3361 3747 5825
504 3338 3781 5879
505 3406 3815 5935
506 3376 3861 5986
507 3464 3890 6033
508 3455 3921 6084
509 3505 3965 6132
510 3500 3998 6186
511 3553 4041 6242
512 3539 4084 6290
513 3591 4126 6340
514 3586 4177 6394
515 3628 4216 6457
516 3613 4255 6511
517 3704 4280 6575
518 3681 4313 6631
519 3767 4348 6670
520 3781 4381 6724
521 3863 4423 6770
522 3864 4456 6821
523 3916 4494 6885
524 3919 4533 6929
525 3995 4568 6986
526 3980 4609 7046
527 4029 4647 7091
528 4009 4682 7160
529 4124 4720 7217
530 4122 4759 7280
531 4168 4786 7343
532 4167 4823 7405
533 4229 4869 7477
534 4198 4893 7556
535 4263 4932 7614
536 4257 4970 7681
537 4342 5008 7748
538 4330 5038 7822
539 4452 5075 7875
540 4436 5112 7939
541 4489 5156 8000
542 4471 5188 8079
543 4569 5240 8151
544 4579 5267 8217
545 4672 5307 8284
546 4681 5353 8342
547 4752 5404 8422
548 4760 5444 8488
549 4857 5488 8567
550 4853 5527 8641
551 4927 5571 8717
552 4921 5612 8793
553 4993 5661 8864
554 4954 5710 8945
555 5031 5759 9029
