0 50 0 0
1 48 2 2
2 48 2 2
3 50 2 2
4 48 3 4
5 50 3 4
6 50 3 5
7 49 3 6
8 48 3 7
9 48 3 7
10 49 3 7
11 48 4 9
12 47 4 10
13 50 4 11
14 51 4 11
15 51 4 13
16 51 4 14
17 50 4 15
18 47 4 18
19 46 4 19
20 45 4 21
21 43 5 22
22 44 6 22
23 46 6 22
24 48 6 22
25 51 6 23
26 51 6 24
27 53 6 26
28 50 7 28
29 49 7 29
30 51 7 29
31 55 8 30
32 57 8 30
33 67 8 32
34 69 8 33
35 71 8 35
36 72 8 35
37 76 9 36
38 79 9 36
39 84 9 37
40 88 10 38
41 89 10 39
42 90 10 43
43 92 10 45
44 94 10 46
45 94 11 47
46 90 12 50
47 92 13 51
48 94 14 52
49 94 15 55
50 93 15 56
51 92 16 58
52 90 18 59
53 93 18 60
54 94 19 61
55 91 21 64
56 95 21 65
57 94 21 66
58 93 22 68
59 94 25 74
60 90 25 79
61 93 26 81
62 89 28 84
63 94 29 84
64 92 34 85
65 91 34 86
66 90 34 88
67 94 35 91
68 93 38 92
69 92 42 93
70 90 44 93
71 87 44 96
72 89 45 96
73 95 45 98
74 93 45 100
75 94 46 102
76 94 48 103
77 96 50 103
78 97 51 103
79 97 51 103
80 98 52 104
81 100 52 106
82 97 53 109
83 106 53 112
84 103 56 113
85 101 56 115
86 100 57 117
87 106 57 117
88 105 57 120
89 102 58 122
90 102 59 123
91 104 59 127
92 106 61 128
93 116 61 128
94 118 62 129
95 118 63 130
96 112 67 133
97 111 67 134
98 111 67 136
99 111 69 138
100 107 70 141
101 108 73 141
102 108 73 141
103 110 73 143
104 109 75 145
105 116 77 148
106 114 78 152
107 112 78 154
108 113 78 156
109 114 80 157
110 116 80 158
111 119 82 161
112 122 82 161
113 131 82 162
114 132 85 163
115 136 86 164
116 137 87 165
117 152 87 166
118 155 89 166
119 162 89 167
120 168 89 167
121 168 90 170
122 166 92 175
123 177 95 177
124 178 97 180
125 180 99 184
126 179 99 186
127 181 102 189
128 182 105 190
129 187 108 190
130 194 109 191
131 199 112 193
132 201 114 194
133 204 114 197
134 201 118 200
135 212 119 202
136 208 122 206
137 211 123 210
138 212 124 213
139 227 124 214
140 227 124 219
141 226 127 225
142 225 129 227
143 228 129 230
144 226 133 232
145 226 137 236
146 228 139 238
147 233 139 241
148 240 139 244
149 246 142 247
150 250 145 250
151 265 145 251
152 266 147 254
153 272 148 257
154 269 151 263
155 275 152 266
156 275 157 268
157 281 158 273
158 278 164 275
159 284 165 278
160 289 165 282
161 305 168 285
162 311 170 287
163 313 173 292
164 310 174 298
165 317 177 302
166 318 178 306
167 323 179 310
168 329 179 313
169 329 183 317
170 335 184 321
171 353 187 324
172 355 191 328
173 358 194 334
174 354 197 340
175 361 200 346
176 361 203 351
177 370 206 357
178 378 206 359
179 381 207 365
180 381 208 374
181 391 210 378
182 392 211 383
183 403 219 388
184 403 223 391
185 411 227 397
186 412 230 406
187 414 235 413
188 414 238 423
189 420 239 434
190 415 244 444
191 420 248 451
192 421 253 454
193 427 256 463
194 422 259 469
195 440 261 473
196 432 263 486
197 433 269 501
198 432 276 506
199 437 279 510
200 438 281 516
201 468 285 522
202 470 289 527
203 495 293 538
204 499 297 543
205 512 301 554
206 504 305 567
207 518 309 575
208 508 317 583
209 518 322 586
210 515 325 597
211 525 332 602
212 526 336 609
213 556 344 617
214 550 352 628
215 559 359 634
216 547 366 648
217 556 370 653
218 555 376 662
219 561 383 671
220 550 387 686
221 561 393 697
222 558 399 707
223 569 403 716
224 567 411 727
225 568 415 732
226 559 425 744
227 551 433 758
228 554 438 761
229 578 443 764
230 581 447 771
231 607 449 777
232 602 453 789
233 604 462 802
234 606 470 809
235 611 477 815
236 607 480 826
237 600 485 836
238 598 487 847
239 607 491 852
240 606 500 858
241 620 506 864
242 623 511 874
243 626 518 882
244 637 520 889
245 651 528 897
246 659 536 902
247 671 541 917
248 671 545 926
249 684 553 935
250 674 559 953
251 692 562 964
252 689 568 979
253 687 577 992
254 692 580 1000
255 695 588 1011
256 697 595 1018
257 722 600 1024
258 727 606 1031
259 741 613 1040
260 743 620 1050
261 771 626 1056
262 763 633 1069
263 776 641 1080
264 773 645 1091
265 794 654 1101
266 787 660 1115
267 801 669 1126
268 802 678 1136
269 828 681 1145
270 846 688 1159
271 858 697 1172
272 855 706 1182
273 871 712 1202
274 866 716 1214
275 890 725 1225
276 883 738 1239
277 900 746 1250
278 880 758 1272
279 884 772 1288
280 887 781 1293
281 897 796 1304
282 888 809 1317
283 902 817 1331
284 898 824 1348
285 897 843 1364
286 903 855 1370
287 919 866 1379
288 909 871 1392
289 916 884 1406
290 911 890 1420
291 915 898 1434
292 936 901 1445
293 969 913 1462
294 960 921 1485
295 980 933 1501
296 973 940 1523
297 986 952 1532
298 985 958 1547
299 989 970 1569
300 983 976 1587
301 1024 983 1597
302 1029 990 1611
303 1037 998 1629
304 1033 1005 1652
305 1063 1016 1667
306 1069 1022 1682
307 1073 1033 1707
308 1072 1041 1721
309 1107 1052 1737
310 1113 1057 1753
311 1139 1067 1763
312 1141 1076 1780
313 1164 1085 1796
314 1159 1095 1813
315 1188 1115 1826
316 1203 1123 1838
317 1213 1142 1857
318 1210 1153 1877
319 1225 1168 1891
320 1222 1176 1909
321 1255 1187 1931
322 1256 1200 1951
323 1270 1211 1966
324 1263 1224 1992
325 1289 1236 2016
326 1270 1251 2040
327 1281 1266 2056
328 1276 1277 2071
329 1295 1288 2091
330 1283 1305 2110
331 1300 1318 2132
332 1287 1330 2158
333 1308 1341 2178
334 1318 1350 2194
335 1336 1368 2210
336 1334 1379 2235
337 1348 1395 2249
338 1354 1403 2264
339 1396 1420 2277
340 1386 1433 2300
341 1426 1444 2319
342 1427 1456 2346
343 1438 1476 2365
344 1436 1488 2385
345 1471 1499 2411
346 1470 1505 2437
347 1490 1515 2459
348 1484 1528 2489
349 1503 1546 2512
350 1509 1565 2529
351 1555 1587 2545
352 1568 1603 2562
353 1603 1618 2586
354 1593 1638 2609
355 1633 1652 2627
356 1619 1675 2646
357 1669 1694 2667
358 1667 1711 2686
359 1686 1730 2708
360 1691 1742 2734
361 1730 1761 2758
362 1741 1777 2777
363 1799 1786 2802
364 1777 1808 2830
365 1812 1826 2855
366 1809 1840 2878
367 1835 1859 2897
368 1818 1879 2930
369 1849 1897 2955
370 1832 1924 2986
371 1849 1939 3020
372 1841 1951 3045
373 1870 1965 3068
374 1858 1983 3101
375 1880 2001 3131
376 1878 2015 3162
377 1894 2039 3200
378 1894 2055 3230
379 1928 2078 3257
380 1939 2093 3281
381 1976 2110 3309
382 1971 2133 3339
383 2015 2159 3365
384 2002 2181 3389
385 2051 2205 3422
386 2046 2229 3453
387 2104 2245 3483
388 2095 2266 3510
389 2139 2290 3536
390 2114 2315 3581
391 2145 2344 3613
392 2140 2364 3653
393 2182 2387 3684
394 2179 2407 3714
395 2221 2423 3754
396 2233 2437 3783
397 2281 2456 3816
398 2278 2473 3847
399 2340 2491 3879
400 2330 2520 3914
401 2370 2543 3945
402 2375 2561 3979
403 2424 2579 4016
404 2421 2599 4046
405 2448 2617 4083
406 2423 2658 4123
407 2438 2690 4150
408 2416 2723 4195
409 2479 2753 4234
410 2474 2778 4268
411 2553 2801 4298
412 2539 2821 4342
413 2592 2852 4366
414 2577 2879 4412
415 2614 2905 4455
416 2602 2941 4484
417 2654 2968 4521
418 2635 3002 4563
419 2703 3034 4595
420 2697 3062 4630
421 2760 3090 4679
422 2742 3129 4722
423 2792 3159 4756
424 2786 3183 4799
425 2836 3212 4844
426 2845 3231 4883
427 2924 3256 4923
428 2920 3284 4964
429 2964 3318 5000
430 2952 3343 5045
431 3037 3360 5089
432 3013 3393 5140
433 3072 3431 5187
434 3049 3463 5239
435 3120 3486 5279
436 3106 3516 5325
437 3152 3543 5368
438 3133 3587 5418
439 3179 3616 5465
440 3190 3653 5503
441 3275 3683 5552
442 3267 3719 5594
443 3325 3755 5638
444 3321 3792 5680
445 3386 3821 5746
446 3359 3861 5803
447 3430 3892 5845
448 3396 3929 5911
449 3474 3966 5952
450 3463 4006 6008
451 3528 4041 6068
452 3505 4083 6128
453 3592 4114 6180
454 3582 4146 6244
455 3696 4178 6294
456 3675 4208 6348
457 3724 4240 6425
458 3708 4280 6482
459 3769 4318 6535
460 3750 4352 6599
461 3831 4384 6658
462 3817 4421 6712
463 3882 4464 6770
464 3885 4510 6821
465 3931 4550 6891
466 3924 4583 6950
467 4001 4615 7023
468 3979 4649 7092
469 4078 4679 7151
470 4061 4728 7207
471 4159 4762 7269
472 4148 4803 7314
473 4235 4854 7364
474 4215 4904 7417
475 4334 4941 7469
476 4336 4981 7516
477 4403 5021 7587
478 4363 5074 7650
479 4429 5116 7720
480 4374 5164 7811
481 4448 5206 7877
482 4416 5252 7951
483 4527 5290 8010
484 4504 5323 8089
485 4599 5365 8160
486 4595 5411 8227
487 4689 5444 8302
488 4659 5503 8374
489 4751 5551 8444
490 4752 5598 8498
491 4855 5645 8550
492 4851 5693 8623
493 4909 5747 8693
494 4887 5788 8776
495 4945 5840 8860
496 4927 5889 8945
497 5016 5936 9029
