0 50 0 0
1 51 0 1
2 52 2 3
3 55 2 4
4 56 2 5
5 57 2 6
6 57 2 6
7 59 2 8
8 58 2 10
9 59 2 11
10 59 2 11
11 61 2 11
12 64 2 12
13 66 3 13
14 68 3 13
15 71 3 14
16 75 3 14
17 76 4 16
18 78 4 17
19 77 5 17
20 78 5 17
21 76 7 21
22 74 8 23
23 81 8 24
24 81 8 25
25 82 9 25
26 81 10 27
27 81 10 27
28 81 11 28
29 78 11 31
30 76 12 32
31 77 13 32
32 79 13 32
33 78 14 34
34 75 14 38
35 79 14 40
36 76 17 40
37 74 17 42
38 75 18 42
39 78 18 43
40 77 18 46
41 81 18 46
42 78 19 51
43 80 19 51
44 79 19 52
45 77 20 53
46 78 20 53
47 80 20 55
48 79 21 57
49 80 21 58
50 82 21 58
51 89 21 59
52 89 22 60
53 88 22 61
54 89 22 62
55 88 22 65
56 87 22 66
57 88 22 67
58 89 23 69
59 91 24 70
60 89 24 73
61 95 24 73
62 95 24 74
63 97 24 74
64 98 24 77
65 95 26 78
66 96 27 78
67 100 27 78
68 101 27 79
69 106 28 79
70 103 30 83
71 106 31 83
72 108 31 84
73 116 31 84
74 117 32 85
75 117 32 87
76 118 32 89
77 121 33 91
78 115 33 98
79 118 33 101
80 119 34 101
81 123 34 105
82 121 34 109
83 121 34 111
84 124 34 113
85 127 35 113
86 127 37 116
87 130 37 117
88 133 38 118
89 139 38 120
90 142 38 121
91 146 38 123
92 144 39 125
93 147 40 127
94 143 41 132
95 147 42 133
96 148 42 133
97 155 42 134
98 159 44 135
99 162 45 135
100 166 45 136
101 170 46 139
102 170 47 142
103 171 50 144
104 168 51 148
105 168 52 149
106 167 53 151
107 170 54 153
108 171 57 153
109 168 58 159
110 170 61 159
111 170 63 163
112 168 66 167
113 175 66 170
114 177 66 171
115 183 68 173
116 183 69 176
117 194 71 177
118 202 72 177
119 198 74 181
120 199 74 184
121 202 75 186
122 208 76 186
123 210 77 191
124 209 79 197
125 214 81 200
126 220 83 201
127 221 85 202
128 216 86 209
129 218 88 213
130 219 89 217
131 216 90 223
132 219 90 224
133 220 91 228
134 217 91 234
135 220 91 239
136 220 92 242
137 223 94 247
138 219 98 249
139 220 100 254
140 225 100 254
141 234 104 257
142 233 106 262
143 243 107 265
144 243 109 270
145 252 109 275
146 254 109 280
147 254 112 285
148 259 113 287
149 261 114 294
150 256 119 298
151 266 123 298
152 264 124 305
153 273 126 308
154 277 126 311
155 291 127 314
156 289 128 320
157 290 130 327
158 289 132 333
159 301 134 339
160 304 136 344
161 310 139 351
162 306 139 362
163 319 143 367
164 323 145 372
165 340 148 374
166 335 148 381
167 346 151 387
168 347 154 393
169 361 159 396
170 361 160 400
171 370 163 404
172 377 163 409
173 383 166 414
174 379 170 422
175 383 171 429
176 386 174 432
177 389 176 439
178 390 178 443
179 409 183 445
180 410 185 450
181 415 185 457
182 410 190 464
183 428 190 468
184 429 195 473
185 440 200 477
186 436 202 485
187 440 206 491
188 446 206 493
189 455 207 499
190 457 211 504
191 473 214 511
192 473 215 520
193 494 218 528
194 493 219 538
195 499 223 546
196 505 223 555
197 517 230 562
198 511 232 571
199 515 235 582
200 515 238 590
201 521 244 604
202 517 246 613
203 532 250 620
204 530 253 629
205 533 260 639
206 531 264 647
207 547 267 652
208 553 270 658
209 564 279 664
210 557 281 678
211 570 285 689
212 572 285 694
213 571 289 705
214 574 291 713
215 593 293 720
216 596 293 731
217 603 294 741
218 606 299 750
219 615 301 763
220 610 303 777
221 627 307 784
222 626 310 798
223 636 316 814
224 637 319 822
225 651 321 832
226 661 326 839
227 667 330 851
228 668 335 862
229 701 336 868
230 702 339 877
231 719 344 885
232 720 349 892
233 744 354 899
234 744 358 909
235 762 362 923
236 774 366 930
237 787 369 942
238 789 370 957
239 801 374 967
240 800 379 981
241 815 385 990
242 815 389 1000
243 832 392 1008
244 838 397 1021
245 866 401 1031
246 869 405 1043
247 895 409 1057
248 876 414 1080
249 889 420 1101
250 903 422 1109
251 939 426 1121
252 942 433 1134
253 975 435 1149
254 977 439 1163
255 1020 443 1178
256 1022 448 1201
257 1026 456 1213
258 1027 460 1228
259 1056 469 1246
260 1051 470 1272
261 1067 474 1288
262 1065 482 1307
263 1078 488 1322
264 1072 499 1334
265 1088 507 1350
266 1093 516 1370
267 1129 521 1387
268 1139 526 1397
269 1169 533 1410
270 1172 539 1429
271 1211 546 1449
272 1221 549 1465
273 1254 555 1484
274 1246 561 1510
275 1256 565 1530
276 1253 573 1549
277 1288 577 1566
278 1292 586 1586
279 1302 592 1606
280 1293 605 1625
281 1295 613 1649
282 1300 621 1663
283 1310 634 1674
284 1323 640 1690
285 1343 646 1706
286 1341 651 1733
287 1351 655 1755
288 1350 666 1778
289 1404 674 1790
290 1417 679 1802
291 1433 687 1836
292 1440 694 1854
293 1480 703 1867
294 1491 710 1887
295 1522 722 1910
296 1526 727 1931
297 1555 732 1949
298 1552 739 1976
299 1585 743 2001
300 1582 747 2031
301 1639 753 2052
302 1636 765 2075
303 1668 776 2098
304 1666 793 2119
305 1699 804 2149
306 1709 813 2168
307 1743 824 2201
308 1742 834 2230
309 1802 846 2258
310 1803 858 2282
311 1848 868 2309
312 1856 873 2336
313 1896 887 2376
314 1902 901 2408
315 1940 914 2433
316 1951 919 2470
317 2014 928 2502
318 2005 937 2545
319 2065 944 2576
320 2067 952 2613
321 2101 957 2654
322 2092 967 2696
323 2117 983 2727
324 2109 998 2764
325 2149 1006 2796
326 2169 1012 2821
327 2229 1022 2851
328 2235 1033 2883
329 2257 1048 2906
330 2259 1055 2943
331 2335 1067 2963
332 2329 1076 3000
333 2360 1088 3039
334 2368 1100 3072
335 2436 1111 3109
336 2463 1121 3136
337 2532 1131 3169
338 2527 1144 3202
339 2585 1156 3242
340 2590 1168 3278
341 2644 1185 3313
342 2648 1198 3354
343 2726 1206 3402
344 2728 1220 3439
345 2773 1234 3488
346 2795 1245 3528
347 2885 1256 3575
348 2899 1267 3620
349 2958 1277 3665
350 2980 1287 3702
351 3080 1299 3740
352 3099 1314 3772
353 3183 1332 3816
354 3191 1356 3859
355 3274 1365 3907
356 3288 1380 3946
357 3363 1387 3998
358 3378 1404 4039
359 3454 1420 4089
360 3474 1431 4136
361 3573 1442 4186
362 3587 1463 4235
363 3681 1487 4291
364 3690 1502 4340
365 3769 1525 4404
366 3762 1552 4469
367 3838 1571 4524
368 3863 1594 4577
369 3946 1615 4627
370 3962 1624 4676
371 4085 1644 4727
372 4070 1665 4791
373 4172 1681 4859
374 4207 1702 4905
375 4304 1725 4973
376 4299 1750 5041
377 4419 1776 5093
378 4444 1797 5144
379 4556 1820 5211
380 4555 1845 5278
381 4708 1869 5337
382 4725 1898 5407
383 4820 1930 5490
384 4826 1958 5554
385 4975 1971 5622
386 4971 2002 5696
387 5088 2036 5771
