0 50 0 0
1 49 0 1
2 51 1 2
3 54 1 3
4 54 2 3
5 53 2 4
6 52 3 4
7 49 5 5
8 52 5 5
9 51 6 5
10 53 6 5
11 57 6 7
12 53 6 11
13 55 9 12
14 56 11 12
15 60 11 12
16 58 13 12
17 62 14 13
18 60 17 14
19 61 17 15
20 62 17 16
21 66 18 17
22 66 18 18
23 72 18 18
24 74 18 18
25 74 18 18
26 73 19 19
27 76 19 20
28 73 20 22
29 74 20 25
30 75 20 26
31 79 22 26
32 79 22 28
33 79 22 30
34 78 22 33
35 81 22 34
36 77 23 37
37 79 23 37
38 77 23 39
39 79 23 39
40 77 24 43
41 77 24 45
42 76 25 45
43 79 25 46
44 78 25 47
45 80 25 49
46 82 25 49
47 82 25 49
48 80 25 52
49 84 25 54
50 85 25 54
51 93 25 56
52 92 25 57
53 93 25 58
54 95 25 60
55 97 25 62
56 99 25 62
57 96 26 66
58 98 26 67
59 101 26 68
60 100 26 70
61 101 29 70
62 103 30 70
63 105 30 70
64 109 30 71
65 115 30 71
66 113 30 74
67 111 30 78
68 112 30 79
69 113 30 80
70 114 30 81
71 124 30 81
72 121 30 84
73 119 31 87
74 120 31 92
75 117 32 96
76 118 34 97
77 120 34 99
78 118 34 102
79 123 34 103
80 120 34 107
81 123 35 107
82 118 36 112
83 121 37 112
84 122 37 114
85 124 37 116
86 124 38 118
87 131 38 119
88 131 38 122
89 135 38 126
90 134 38 128
91 129 39 132
92 128 39 134
93 129 39 137
94 125 40 140
95 128 40 141
96 131 40 142
97 133 40 146
98 133 41 148
99 139 41 148
100 139 41 149
101 139 42 152
102 134 43 157
103 133 43 160
104 132 46 161
105 131 46 162
106 129 48 165
107 132 48 166
108 129 50 169
109 129 51 170
110 130 51 170
111 127 51 173
112 125 51 176
113 130 51 177
114 130 51 178
115 131 52 178
116 131 52 180
117 131 54 182
118 130 54 183
119 129 54 186
120 130 54 187
121 132 56 189
122 135 57 191
123 135 57 195
124 132 58 199
125 137 58 200
126 136 59 202
127 132 60 207
128 133 60 208
129 134 61 210
130 134 61 211
131 139 61 212
132 139 61 214
133 138 64 214
134 142 64 217
135 140 64 219
136 141 64 221
137 146 65 223
138 145 68 226
139 158 69 228
140 159 69 230
141 162 71 233
142 162 71 234
143 168 72 237
144 172 72 240
145 184 73 243
146 185 73 246
147 187 76 253
148 186 79 257
149 194 81 259
150 197 81 260
151 211 81 262
152 209 84 265
153 214 87 267
154 217 87 270
155 224 88 274
156 233 88 277
157 242 88 280
158 249 89 284
159 254 89 285
160 254 89 288
161 259 89 293
162 260 89 295
163 273 89 298
164 272 90 300
165 286 91 305
166 290 92 307
167 298 92 313
168 301 93 314
169 298 94 320
170 301 96 325
171 309 96 331
172 304 97 339
173 308 97 347
174 305 97 352
175 310 97 355
176 301 100 363
177 305 103 370
178 306 105 376
179 311 107 385
180 312 108 389
181 324 109 394
182 328 109 396
183 336 111 402
184 336 112 407
185 341 112 408
186 339 116 413
187 348 118 420
188 345 122 425
189 342 124 428
190 342 124 435
191 356 125 440
192 354 125 446
193 359 129 453
194 360 129 457
195 370 132 464
196 375 133 469
197 386 136 473
198 389 140 481
199 395 143 484
200 403 146 491
201 402 150 500
202 400 154 504
203 408 156 514
204 409 157 519
205 414 159 524
206 416 160 530
207 426 163 533
208 426 165 539
209 438 171 541
210 441 174 544
211 451 176 548
212 451 178 555
213 464 181 563
214 458 183 573
215 462 187 581
216 457 193 587
217 464 198 591
218 463 202 600
219 475 203 611
220 475 205 621
221 499 207 631
222 500 207 639
223 522 211 647
224 523 214 653
225 526 218 660
226 528 218 666
227 537 223 668
228 532 225 679
229 535 232 691
230 537 233 696
231 552 239 703
232 558 241 708
233 567 244 718
234 567 247 727
235 575 250 738
236 586 251 745
237 609 256 753
238 609 258 762
239 611 262 776
240 613 266 784
241 615 267 795
242 620 270 806
243 634 275 817
244 636 278 827
245 646 283 836
246 644 287 844
247 662 291 854
248 659 299 867
249 675 299 875
250 668 303 884
251 694 305 890
252 691 309 900
253 709 316 911
254 710 320 920
255 711 324 935
256 711 326 948
257 742 329 958
258 750 333 966
259 781 334 976
260 784 336 991
261 797 343 1007
262 805 346 1018
263 827 348 1034
264 816 351 1055
265 855 354 1063
266 854 359 1076
267 867 365 1091
268 879 368 1101
269 897 375 1106
270 896 380 1117
271 933 386 1132
272 931 393 1147
273 955 399 1163
274 968 406 1177
275 1001 414 1190
276 1007 420 1203
277 1022 424 1212
278 1020 431 1231
279 1045 440 1245
280 1047 444 1262
281 1092 447 1276
282 1098 452 1295
283 1124 456 1309
284 1130 461 1329
285 1160 465 1345
286 1159 475 1367
287 1179 480 1384
288 1190 487 1398
289 1204 492 1417
290 1214 495 1432
291 1228 503 1452
292 1241 507 1470
293 1251 514 1487
294 1253 520 1508
295 1270 530 1525
296 1272 538 1544
297 1301 541 1566
298 1297 550 1586
299 1324 566 1597
300 1325 574 1618
301 1376 581 1634
302 1376 592 1653
303 1401 607 1673
304 1398 611 1697
305 1437 614 1717
306 1425 629 1743
307 1471 636 1764
308 1478 642 1784
309 1514 652 1806
310 1537 658 1817
311 1561 666 1835
312 1568 674 1862
313 1601 681 1890
314 1602 694 1914
315 1631 709 1944
316 1621 724 1973
317 1649 733 2002
318 1641 745 2031
319 1655 758 2058
320 1660 761 2079
321 1706 771 2101
322 1695 779 2139
323 1733 787 2167
324 1741 793 2200
325 1794 799 2227
326 1793 804 2256
327 1838 810 2273
328 1831 826 2300
329 1884 845 2324
330 1900 853 2344
331 1928 863 2378
332 1927 869 2407
333 1990 884 2429
334 2001 896 2464
335 2058 907 2494
336 2063 916 2522
337 2115 928 2558
338 2123 936 2596
339 2153 947 2637
340 2149 959 2671
341 2215 972 2688
342 2211 982 2728
343 2269 989 2757
344 2259 1000 2796
345 2300 1015 2830
346 2296 1030 2869
347 2359 1043 2905
348 2350 1060 2947
349 2389 1072 2988
350 2394 1085 3023
351 2463 1100 3053
352 2464 1112 3088
353 2528 1121 3115
354 2526 1136 3147
355 2576 1152 3189
356 2580 1160 3236
357 2634 1173 3277
358 2647 1193 3306
359 2739 1206 3339
360 2749 1215 3373
361 2836 1229 3404
362 2825 1254 3448
363 2879 1271 3485
364 2880 1285 3524
365 2957 1293 3569
366 2954 1311 3611
367 3029 1330 3655
368 3049 1345 3706
369 3135 1365 3750
370 3147 1381 3794
371 3233 1393 3826
372 3230 1411 3871
373 3325 1429 3920
374 3339 1442 3973
375 3416 1463 4029
376 3420 1480 4073
377 3522 1503 4116
378 3532 1519 4165
379 3553 1538 4219
380 3563 1555 4261
381 3669 1578 4306
382 3697 1592 4358
383 3784 1616 4405
384 3764 1642 4477
385 3861 1658 4518
386 3885 1676 4566
387 3952 1702 4633
388 3971 1724 4680
389 4076 1745 4740
390 4063 1769 4802
391 4185 1791 4860
392 4172 1816 4930
393 4278 1849 4983
394 4285 1870 5051
395 4371 1892 5097
396 4365 1918 5167
397 4455 1942 5239
398 4481 1966 5302
399 4588 1983 5370
400 4600 2008 5431
401 4703 2029 5499
402 4698 2058 5576
403 4816 2080 5638
404 4831 2107 5712
405 4968 2132 5790
406 4989 2156 5854
407 5103 2184 5920
