0 50 0 0
1 48 2 0
2 47 3 1
3 50 3 2
4 50 3 3
5 52 3 5
6 54 3 5
7 52 3 7
8 52 3 7
9 51 3 8
10 53 3 9
11 52 3 10
12 53 3 10
13 53 3 10
14 55 3 11
15 56 4 11
16 56 4 12
17 56 5 13
18 57 5 13
19 59 5 13
20 57 7 15
21 59 7 15
22 58 7 16
23 61 7 17
24 62 7 18
25 62 7 18
26 58 9 20
27 64 9 20
28 68 9 21
29 72 10 22
30 72 11 24
31 72 11 26
32 73 12 26
33 82 12 27
34 82 12 28
35 83 12 33
36 81 12 35
37 86 12 36
38 86 12 37
39 89 12 38
40 90 13 39
41 91 14 41
42 94 14 42
43 100 14 42
44 97 14 45
45 104 14 46
46 108 14 47
47 104 15 50
48 106 15 50
49 112 15 50
50 115 15 51
51 113 16 54
52 116 16 55
53 121 16 56
54 120 16 59
55 125 18 60
56 125 18 62
57 133 18 64
58 131 18 67
59 135 18 67
60 135 18 71
61 140 18 72
62 139 19 75
63 139 19 77
64 139 19 80
65 146 20 82
66 144 21 84
67 150 21 84
68 147 23 86
69 145 23 92
70 149 24 92
71 154 25 94
72 155 27 94
73 157 27 94
74 161 27 96
75 164 27 97
76 161 27 102
77 163 27 104
78 165 27 106
79 168 29 107
80 171 30 109
81 172 30 110
82 175 30 111
83 179 31 116
84 185 31 116
85 182 32 122
86 183 32 123
87 188 33 127
88 192 36 130
89 210 37 133
90 213 37 133
91 225 38 138
92 230 38 138
93 227 39 142
94 228 40 146
95 233 40 149
96 238 41 153
97 245 43 156
98 245 43 160
99 241 46 165
100 238 48 170
101 246 50 170
102 248 50 171
103 255 50 172
104 253 51 177
105 266 52 179
106 268 52 188
107 274 55 191
108 277 55 195
109 279 58 198
110 276 59 202
111 283 61 207
112 283 63 210
113 293 64 215
114 292 65 218
115 299 67 223
116 299 70 227
117 311 71 230
118 308 71 237
119 330 72 242
120 330 72 251
121 330 74 255
122 332 75 260
123 336 76 265
124 340 79 267
125 353 81 270
126 348 85 278
127 356 87 286
128 359 90 288
129 365 91 291
130 360 92 298
131 361 95 306
132 365 96 311
133 391 96 313
134 387 99 321
135 395 102 324
136 400 104 330
137 408 105 335
138 409 106 344
139 418 110 349
140 412 112 361
141 424 118 363
142 423 121 370
143 434 122 374
144 437 126 381
145 450 127 387
146 456 128 392
147 473 131 394
148 475 134 404
149 487 138 408
150 493 142 411
151 504 144 422
152 509 146 428
153 526 149 438
154 523 150 448
155 532 155 456
156 532 157 468
157 561 160 476
158 563 162 481
159 577 164 485
160 576 168 493
161 599 169 495
162 600 176 502
163 606 180 512
164 604 187 520
165 623 192 534
166 622 192 546
167 644 194 556
168 644 197 567
169 652 202 582
170 650 202 596
171 663 205 604
172 662 207 615
173 683 209 626
174 677 213 639
175 707 215 653
176 712 220 665
177 736 221 678
178 740 231 684
179 747 236 696
180 752 239 708
181 770 245 716
182 774 249 725
183 784 254 734
184 792 257 744
185 815 259 757
186 811 265 771
187 818 268 789
188 826 272 799
189 850 274 809
190 849 279 824
191 859 282 839
192 858 284 855
193 884 287 866
194 884 290 878
195 894 299 889
196 907 304 894
197 916 312 911
198 922 318 923
199 937 327 935
200 931 334 948
201 947 338 962
202 942 342 983
203 958 347 1000
204 954 354 1018
205 989 358 1041
206 992 367 1054
207 1029 375 1071
208 1025 383 1092
209 1058 388 1106
210 1059 395 1124
211 1081 403 1140
212 1080 408 1157
213 1103 416 1172
214 1104 421 1187
215 1111 426 1205
216 1113 431 1220
217 1135 435 1240
218 1142 441 1259
219 1162 448 1280
220 1161 454 1298
221 1187 458 1312
222 1183 464 1331
223 1233 470 1343
224 1230 482 1364
225 1258 488 1380
226 1262 495 1390
227 1282 504 1405
228 1281 518 1419
229 1313 522 1445
230 1318 526 1461
231 1333 533 1481
232 1344 541 1501
233 1380 547 1517
234 1394 555 1537
235 1416 566 1562
236 1397 580 1583
237 1408 592 1598
238 1405 599 1622
239 1452 609 1641
240 1450 619 1662
241 1457 630 1684
242 1464 640 1700
243 1519 648 1719
244 1522 655 1740
245 1554 662 1759
246 1553 669 1786
247 1596 677 1809
248 1596 687 1836
249 1650 692 1861
250 1645 703 1894
251 1691 708 1919
252 1687 714 1956
253 1712 720 1979
254 1719 731 1998
255 1743 741 2022
256 1740 749 2056
257 1784 758 2077
258 1775 771 2106
259 1841 781 2132
260 1841 790 2160
261 1890 797 2186
262 1886 804 2219
263 1937 816 2248
264 1937 831 2275
265 1968 847 2306
266 1959 866 2336
267 1998 889 2364
268 1986 909 2396
269 2021 925 2427
270 2012 934 2465
271 2058 943 2490
272 2058 956 2520
273 2112 961 2551
274 2103 974 2578
275 2129 984 2610
276 2122 999 2639
277 2155 1015 2672
278 2168 1022 2696
279 2204 1047 2725
280 2198 1059 2755
281 2248 1071 2785
282 2259 1085 2816
283 2279 1095 2850
284 2278 1108 2888
285 2326 1126 2918
286 2331 1144 2949
287 2380 1160 2986
288 2375 1171 3019
289 2419 1195 3047
290 2416 1210 3095
291 2453 1223 3125
292 2474 1230 3162
293 2544 1239 3203
294 2546 1256 3234
295 2609 1273 3268
296 2590 1305 3320
297 2654 1319 3364
298 2663 1338 3405
299 2740 1358 3432
300 2738 1377 3467
301 2785 1393 3504
302 2789 1406 3545
303 2855 1429 3586
304 2840 1454 3635
305 2895 1474 3678
306 2878 1498 3728
307 2959 1517 3770
308 2963 1536 3824
309 3052 1550 3853
310 3041 1576 3898
311 3115 1595 3937
312 3134 1615 3976
313 3200 1628 4017
314 3225 1645 4051
315 3294 1668 4099
316 3297 1687 4145
317 3381 1698 4182
318 3380 1721 4231
319 3478 1740 4274
320 3477 1765 4329
321 3568 1785 4382
322 3580 1808 4429
323 3662 1821 4488
324 3652 1840 4544
325 3719 1850 4595
326 3739 1871 4640
327 3805 1897 4692
328 3805 1915 4750
329 3915 1933 4804
330 3917 1958 4867
331 4018 1985 4923
332 4022 2012 4989
333 4124 2032 5057
334 4135 2051 5119
335 4209 2077 5175
336 4212 2104 5233
337 4289 2126 5296
338 4296 2153 5362
339 4396 2169 5436
340 4401 2190 5513
341 4458 2221 5585
342 4448 2255 5642
343 4609 2280 5692
344 4595 2307 5774
345 4729 2336 5843
346 4719 2370 5913
347 4847 2388 5973
348 4856 2417 6057
349 4963 2446 6117
350 4970 2474 6188
351 5089 2497 6250
