0 50 0 0
1 53 0 1
2 49 3 2
3 49 6 3
4 50 6 3
5 54 6 3
6 52 8 3
7 55 8 4
8 54 8 6
9 53 9 6
10 52 10 7
11 51 11 7
12 52 11 8
13 50 11 10
14 49 11 13
15 51 11 13
16 51 11 13
17 55 11 13
18 54 11 14
19 56 11 14
20 56 12 14
21 55 12 15
22 54 13 16
23 57 13 17
24 56 14 18
25 57 16 19
26 55 16 21
27 52 16 24
28 54 16 24
29 55 16 25
30 53 16 28
31 55 16 30
32 55 17 30
33 53 17 32
34 52 18 32
35 53 19 32
36 55 19 32
37 57 19 32
38 58 19 32
39 59 19 33
40 59 19 33
41 63 19 33
42 64 20 33
43 67 21 33
44 68 21 35
45 68 21 35
46 64 21 39
47 64 23 41
48 64 23 41
49 74 23 41
50 77 23 41
51 80 23 44
52 81 23 44
53 81 23 46
54 81 23 48
55 86 23 49
56 86 24 49
57 99 24 50
58 96 24 53
59 99 24 56
60 98 24 57
61 101 24 58
62 103 24 60
63 106 24 61
64 105 24 62
65 103 25 65
66 101 25 70
67 101 25 70
68 103 25 70
69 107 25 70
70 111 25 72
71 116 25 75
72 119 25 75
73 117 26 76
74 118 27 76
75 119 27 79
76 119 27 81
77 128 27 82
78 128 27 84
79 131 28 84
80 131 30 85
81 138 30 86
82 140 32 88
83 140 33 93
84 139 34 96
85 146 36 97
86 148 36 99
87 157 36 100
88 158 36 104
89 163 37 106
90 164 39 109
91 167 40 111
92 169 40 113
93 174 41 117
94 177 43 117
95 183 44 118
96 187 45 119
97 193 46 120
98 194 46 123
99 195 47 127
100 193 50 132
101 199 50 136
102 198 51 141
103 203 53 144
104 202 54 147
105 203 55 151
106 200 59 155
107 202 62 164
108 203 62 166
109 213 63 167
110 216 64 168
111 222 66 170
112 218 67 178
113 233 69 181
114 233 71 182
115 236 72 188
116 235 73 191
117 251 75 191
118 246 76 199
119 250 79 200
120 250 81 203
121 248 84 206
122 249 86 208
123 252 88 211
124 248 89 218
125 255 92 220
126 253 95 227
127 251 98 234
128 257 98 237
129 265 102 239
130 261 106 244
131 267 109 247
132 267 111 248
133 276 113 253
134 272 115 256
135 282 116 259
136 281 119 262
137 280 120 268
138 275 123 276
139 282 124 280
140 284 125 285
141 294 127 291
142 293 130 295
143 294 132 302
144 294 134 308
145 298 138 312
146 297 139 316
147 306 140 320
148 313 141 321
149 318 143 328
150 323 144 328
151 323 144 332
152 320 145 339
153 330 147 343
154 324 155 349
155 332 155 353
156 333 155 358
157 334 159 361
158 330 160 369
159 335 163 377
160 334 166 382
161 349 166 385
162 343 170 393
163 351 174 397
164 349 180 403
165 356 182 408
166 354 184 416
167 359 185 424
168 360 186 433
169 372 189 436
170 377 190 438
171 377 192 446
172 372 194 454
173 377 196 459
174 372 202 463
175 378 204 469
176 385 205 471
177 391 207 475
178 386 211 484
179 403 212 494
180 403 213 500
181 401 217 508
182 397 218 517
183 405 218 523
184 402 223 533
185 406 224 538
186 407 226 550
187 424 228 553
188 421 230 561
189 431 233 564
190 429 235 572
191 434 238 576
192 427 242 586
193 439 244 590
194 438 249 596
195 452 250 599
196 449 252 609
197 457 257 618
198 461 258 626
199 479 260 630
200 481 261 635
201 492 262 645
202 496 268 651
203 498 273 658
204 482 277 673
205 497 280 681
206 499 281 689
207 512 284 695
208 510 287 706
209 523 289 709
210 518 294 717
211 533 295 727
212 534 296 737
213 536 300 749
214 534 301 762
215 545 303 769
216 547 308 772
217 568 311 776
218 573 315 783
219 590 321 790
220 588 324 796
221 607 325 808
222 610 327 812
223 655 328 822
224 655 333 830
225 659 334 845
226 655 338 857
227 672 339 869
228 672 346 874
229 694 349 887
230 693 354 897
231 703 359 910
232 704 362 920
233 717 367 932
234 716 373 944
235 723 380 956
236 720 383 970
237 743 386 974
238 747 393 984
239 760 396 996
240 763 396 1007
241 781 401 1020
242 778 407 1038
243 795 412 1046
244 797 417 1057
245 811 422 1072
246 817 428 1079
247 825 443 1092
248 827 451 1103
249 835 456 1116
250 829 461 1127
251 841 467 1141
252 834 474 1158
253 846 480 1164
254 852 484 1174
255 894 490 1182
256 888 499 1198
257 925 502 1208
258 928 506 1220
259 935 513 1238
260 933 517 1253
261 963 522 1264
262 964 525 1282
263 988 530 1295
264 988 535 1311
265 1016 539 1321
266 1026 543 1339
267 1042 548 1360
268 1051 556 1374
269 1082 560 1393
270 1086 565 1407
271 1108 570 1426
272 1105 577 1444
273 1111 582 1467
274 1107 591 1486
275 1137 598 1503
276 1138 603 1514
277 1172 614 1523
278 1171 621 1543
279 1226 624 1555
280 1231 629 1572
281 1243 636 1593
282 1239 640 1615
283 1257 644 1643
284 1268 648 1660
285 1308 655 1677
286 1309 664 1696
287 1342 669 1726
288 1348 674 1745
289 1392 682 1763
290 1392 693 1773
291 1412 697 1797
292 1406 703 1821
293 1443 710 1843
294 1439 715 1859
295 1486 724 1875
296 1476 739 1895
297 1504 751 1919
298 1513 760 1935
299 1536 773 1951
300 1548 784 1970
301 1586 796 1990
302 1591 804 2010
303 1627 813 2037
304 1636 818 2061
305 1705 824 2084
306 1713 834 2110
307 1748 845 2138
308 1745 857 2163
309 1800 871 2190
310 1807 884 2211
311 1842 890 2246
312 1849 898 2268
313 1887 911 2299
314 1905 918 2318
315 1965 931 2341
316 1971 945 2373
317 2015 957 2397
318 2031 967 2427
319 2071 983 2461
320 2061 999 2495
321 2100 1010 2527
322 2095 1027 2553
323 2133 1037 2589
324 2131 1055 2622
325 2170 1067 2651
326 2162 1083 2699
327 2183 1099 2732
328 2166 1119 2773
329 2227 1127 2810
330 2235 1141 2842
331 2280 1153 2883
332 2287 1172 2916
333 2353 1184 2948
334 2342 1201 2984
335 2413 1218 3016
336 2399 1238 3063
337 2486 1251 3097
338 2497 1261 3131
339 2546 1272 3159
340 2558 1289 3193
341 2596 1302 3244
342 2581 1313 3293
343 2658 1328 3325
344 2659 1340 3364
345 2692 1353 3408
346 2694 1377 3443
347 2792 1392 3480
348 2791 1407 3520
349 2836 1418 3566
350 2852 1434 3600
351 2901 1445 3636
352 2893 1460 3684
353 2963 1470 3728
354 2967 1495 3756
355 3025 1515 3800
356 3027 1534 3845
357 3135 1553 3886
358 3133 1570 3928
359 3170 1592 3977
360 3159 1613 4028
361 3238 1633 4081
362 3232 1648 4133
363 3306 1661 4176
364 3307 1683 4223
365 3382 1701 4272
366 3382 1723 4324
367 3474 1738 4359
368 3508 1751 4401
369 3552 1775 4457
370 3563 1789 4515
371 3618 1802 4577
372 3631 1820 4633
373 3725 1842 4687
374 3725 1860 4744
375 3800 1881 4792
376 3793 1910 4850
377 3866 1935 4914
378 3877 1957 4977
379 3964 1976 5035
380 3968 2000 5099
381 4027 2028 5146
382 4024 2051 5208
383 4123 2070 5266
384 4140 2089 5331
385 4215 2110 5393
386 4260 2134 5434
387 4379 2157 5490
388 4396 2180 5557
389 4525 2201 5617
390 4538 2226 5689
391 4693 2249 5743
392 4694 2280 5813
393 4847 2301 5871
394 4856 2328 5951
395 4960 2357 6028
396 4953 2387 6104
397 5070 2417 6181
