0 50 0 0
1 49 1 0
2 50 1 0
3 51 1 1
4 53 1 1
5 52 1 2
6 52 1 3
7 54 1 3
8 55 1 4
9 52 2 6
10 53 2 7
11 52 2 8
12 52 2 10
13 51 2 11
14 49 3 12
15 53 4 13
16 54 4 13
17 53 4 14
18 53 4 15
19 49 5 18
20 49 5 18
21 51 5 18
22 53 5 18
23 52 7 19
24 54 8 19
25 55 8 20
26 55 8 20
27 55 9 21
28 56 9 22
29 55 9 23
30 56 9 23
31 59 9 24
32 60 9 26
33 62 10 27
34 61 10 28
35 59 10 30
36 58 11 31
37 57 14 31
38 55 16 31
39 59 16 31
40 61 16 31
41 59 17 32
42 59 17 32
43 57 18 33
44 56 19 33
45 59 19 34
46 58 20 35
47 60 20 35
48 60 20 35
49 62 20 35
50 62 20 36
51 69 21 36
52 70 21 39
53 76 21 39
54 75 22 39
55 74 24 40
56 75 25 40
57 76 25 41
58 76 25 42
59 74 28 45
60 75 28 46
61 75 29 47
62 75 29 47
63 75 30 48
64 75 31 50
65 77 31 50
66 75 31 52
67 83 31 52
68 83 31 53
69 84 31 56
70 85 32 58
71 87 33 59
72 88 33 59
73 87 33 60
74 87 35 60
75 88 35 61
76 87 35 63
77 87 36 64
78 86 38 65
79 86 40 67
80 84 41 69
81 83 42 71
82 85 42 71
83 91 43 72
84 94 43 74
85 94 44 77
86 93 44 79
87 95 44 79
88 91 45 83
89 98 45 84
90 99 45 84
91 103 45 84
92 102 46 85
93 107 47 85
94 105 47 87
95 103 47 89
96 101 48 92
97 106 49 92
98 102 50 96
99 109 50 97
100 109 51 98
101 117 51 100
102 115 51 102
103 121 53 102
104 120 53 105
105 122 54 106
106 118 54 110
107 126 55 111
108 127 56 112
109 129 56 112
110 127 57 115
111 129 60 116
112 128 61 118
113 133 62 120
114 129 63 125
115 137 63 127
116 139 63 130
117 143 63 132
118 141 63 135
119 143 63 137
120 137 65 141
121 142 66 145
122 142 66 147
123 145 67 147
124 146 69 147
125 145 70 149
126 140 71 153
127 136 72 160
128 136 73 162
129 140 73 164
130 140 73 165
131 140 73 167
132 141 74 170
133 151 74 170
134 151 74 174
135 158 76 175
136 160 76 177
137 163 77 179
138 169 77 179
139 172 79 180
140 170 83 182
141 175 84 186
142 179 84 188
143 195 84 190
144 199 88 191
145 206 88 192
146 211 90 193
147 213 91 196
148 215 95 199
149 229 97 199
150 228 99 204
151 226 100 207
152 223 103 209
153 220 104 213
154 222 106 214
155 228 109 215
156 229 112 220
157 236 116 223
158 235 119 227
159 236 121 236
160 243 122 236
161 254 122 239
162 252 125 244
163 266 125 248
164 263 128 252
165 265 129 255
166 272 130 256
167 276 133 259
168 276 134 263
169 280 137 266
170 286 137 267
171 290 141 271
172 295 141 273
173 308 141 276
174 305 143 283
175 311 143 289
176 309 144 295
177 321 144 299
178 326 145 299
179 342 146 300
180 344 146 304
181 343 151 310
182 342 155 316
183 348 156 319
184 348 158 325
185 366 159 328
186 364 163 334
187 367 164 340
188 372 165 342
189 384 165 348
190 382 168 354
191 385 171 362
192 383 173 367
193 392 176 377
194 391 180 385
195 394 186 394
196 387 189 403
197 392 193 408
198 387 196 413
199 395 201 416
200 398 206 419
201 411 207 427
202 415 210 434
203 434 212 437
204 434 214 445
205 443 216 458
206 449 216 463
207 460 216 470
208 462 217 480
209 468 217 486
210 461 222 494
211 476 224 497
212 480 224 503
213 488 227 514
214 494 229 524
215 501 230 532
216 504 232 540
217 518 235 545
218 512 237 556
219 528 238 563
220 532 240 571
221 551 242 578
222 555 246 584
223 571 248 590
224 570 254 596
225 571 259 606
226 571 262 614
227 587 263 625
228 583 267 634
229 589 272 643
230 589 273 649
231 605 274 654
232 615 280 655
233 618 283 671
234 620 286 682
235 637 287 694
236 640 289 701
237 642 291 719
238 633 297 729
239 637 300 744
240 633 305 755
241 645 308 766
242 643 312 777
243 661 316 783
244 667 318 793
245 679 323 804
246 686 324 816
247 696 326 824
248 704 331 832
249 706 333 842
250 709 336 852
251 717 341 859
252 725 342 872
253 736 346 885
254 738 351 900
255 769 355 911
256 767 357 923
257 782 361 938
258 788 363 951
259 812 366 962
260 813 369 973
261 839 372 982
262 846 374 990
263 861 378 1003
264 864 382 1020
265 869 383 1036
266 874 383 1049
267 890 385 1065
268 884 394 1074
269 895 399 1086
270 903 401 1101
271 909 406 1114
272 934 411 1122
273 955 412 1138
274 962 416 1151
275 976 419 1168
276 968 423 1193
277 986 427 1203
278 992 429 1215
279 1008 434 1234
280 1000 440 1257
281 1009 446 1270
282 1012 448 1285
283 1031 452 1306
284 1037 456 1321
285 1087 460 1335
286 1091 466 1347
287 1121 473 1364
288 1121 483 1378
289 1166 492 1394
290 1172 501 1410
291 1187 507 1433
292 1183 515 1452
293 1206 517 1467
294 1211 526 1479
295 1244 535 1491
296 1240 542 1510
297 1281 546 1529
298 1283 549 1548
299 1286 560 1572
300 1291 566 1591
301 1319 573 1608
302 1322 582 1627
303 1364 593 1644
304 1373 597 1664
305 1397 602 1693
306 1385 615 1716
307 1433 620 1727
308 1433 632 1750
309 1461 642 1770
310 1451 655 1788
311 1487 663 1814
312 1496 669 1831
313 1525 679 1850
314 1521 685 1881
315 1534 694 1903
316 1537 704 1934
317 1566 708 1959
318 1563 719 1983
319 1607 724 2004
320 1623 731 2025
321 1656 743 2050
322 1659 756 2076
323 1678 763 2108
324 1679 770 2136
325 1704 778 2169
326 1690 789 2195
327 1723 795 2220
328 1721 805 2242
329 1745 817 2274
330 1743 832 2300
331 1762 841 2330
332 1748 852 2362
333 1769 856 2389
334 1781 863 2414
335 1783 877 2448
336 1794 886 2474
337 1839 896 2497
338 1834 909 2523
339 1864 920 2548
340 1860 930 2581
341 1903 942 2612
342 1902 950 2643
343 1927 961 2673
344 1938 967 2699
345 1978 982 2728
346 1991 993 2749
347 2035 1009 2779
348 2047 1019 2804
349 2082 1029 2839
350 2082 1040 2873
351 2143 1049 2903
352 2151 1054 2936
353 2182 1068 2975
354 2203 1075 3007
355 2266 1087 3048
356 2281 1091 3073
357 2320 1103 3120
358 2320 1118 3156
359 2394 1131 3179
360 2400 1145 3218
361 2455 1154 3250
362 2452 1166 3290
363 2528 1178 3324
364 2530 1191 3353
365 2576 1202 3394
366 2581 1210 3434
367 2678 1222 3463
368 2681 1231 3502
369 2755 1246 3559
370 2765 1261 3597
371 2830 1278 3635
372 2834 1296 3679
373 2883 1312 3728
374 2899 1329 3762
375 2979 1345 3806
376 2999 1360 3850
377 3030 1377 3896
378 3019 1395 3951
379 3104 1407 3998
380 3111 1424 4044
381 3214 1443 4088
382 3231 1460 4129
383 3287 1478 4185
384 3298 1500 4232
385 3348 1513 4289
386 3355 1532 4335
387 3423 1548 4385
388 3429 1568 4434
389 3496 1590 4483
390 3510 1607 4538
391 3601 1624 4586
392 3612 1641 4626
393 3697 1651 4687
394 3705 1673 4749
395 3823 1700 4794
396 3837 1716 4849
397 3920 1737 4899
398 3955 1756 4948
399 4015 1780 5014
400 3998 1802 5088
401 4103 1825 5148
402 4129 1843 5199
403 4211 1871 5261
404 4216 1898 5322
405 4317 1917 5390
406 4327 1936 5446
407 4402 1962 5505
408 4390 1988 5585
409 4519 2020 5640
410 4519 2043 5704
411 4603 2064 5783
412 4602 2092 5860
413 4719 2110 5927
414 4732 2133 6004
415 4849 2161 6067
416 4844 2183 6149
417 4969 2207 6228
418 4962 2233 6306
419 5080 2265 6390
