0 50 0 0
1 51 1 2
2 53 1 3
3 57 1 3
4 58 1 4
5 59 1 7
6 56 1 11
7 55 1 12
8 55 1 12
9 59 1 12
10 60 1 12
11 61 1 13
12 61 1 13
13 67 1 13
14 68 1 13
15 73 1 14
16 72 1 16
17 77 1 17
18 79 1 17
19 82 1 18
20 83 1 19
21 88 1 22
22 87 1 25
23 89 1 25
24 91 1 25
25 94 1 28
26 95 1 28
27 97 1 30
28 99 1 31
29 101 1 31
30 99 1 34
31 104 1 35
32 104 1 35
33 107 1 36
34 112 1 36
35 114 1 40
36 114 1 44
37 120 1 44
38 121 1 44
39 118 1 47
40 117 1 50
41 122 1 51
42 122 1 53
43 130 1 53
44 130 2 54
45 134 2 56
46 138 2 56
47 143 2 57
48 142 2 58
49 144 2 60
50 147 2 61
51 157 2 63
52 155 2 67
53 164 2 68
54 163 2 70
55 162 3 74
56 158 3 80
57 158 3 82
58 164 3 82
59 168 3 82
60 170 3 86
61 180 3 88
62 183 3 89
63 194 3 92
64 198 3 95
65 208 3 97
66 205 3 102
67 211 3 104
68 215 3 106
69 224 3 111
70 225 3 114
71 226 3 117
72 226 3 123
73 232 3 125
74 237 3 127
75 237 3 131
76 242 3 132
77 246 3 140
78 248 4 143
79 257 4 146
80 257 4 149
81 259 4 153
82 268 4 156
83 279 4 161
84 278 4 165
85 280 5 170
86 278 5 177
87 288 5 177
88 290 5 179
89 289 5 184
90 293 6 185
91 297 7 188
92 297 7 194
93 310 7 199
94 305 7 207
95 307 7 211
96 306 7 216
97 316 7 222
98 320 8 224
99 329 8 231
100 330 8 237
101 341 8 244
102 347 8 251
103 352 8 258
104 349 8 266
105 355 8 278
106 357 8 282
107 360 8 287
108 367 8 290
109 374 8 295
110 381 8 299
111 395 8 309
112 405 8 314
113 409 8 322
114 413 8 328
115 416 8 335
116 426 8 336
117 450 8 342
118 448 8 351
119 460 8 363
120 457 8 374
121 470 8 383
122 472 8 390
123 500 8 398
124 502 8 409
125 514 8 413
126 518 8 419
127 533 8 426
128 536 8 435
129 561 9 443
130 567 9 449
131 584 10 457
132 591 10 465
133 612 10 474
134 608 10 485
135 643 10 496
136 643 10 511
137 663 10 519
138 665 10 531
139 690 10 536
140 681 11 549
141 697 11 559
142 698 11 573
143 711 11 588
144 707 11 599
145 733 11 613
146 733 11 628
147 754 11 641
148 755 11 652
149 785 11 660
150 783 11 680
151 812 11 687
152 823 11 699
153 846 11 712
154 848 11 726
155 868 11 734
156 871 11 755
157 888 11 768
158 895 11 784
159 917 11 796
160 927 11 808
161 960 11 821
162 980 11 828
163 1002 11 842
164 1008 11 857
165 1037 11 872
166 1049 11 890
167 1076 12 908
168 1094 12 921
169 1117 13 941
170 1129 15 957
171 1160 15 976
172 1172 15 988
173 1210 16 1003
174 1218 16 1022
175 1230 17 1045
176 1247 19 1057
177 1293 19 1079
178 1298 19 1098
179 1330 19 1112
180 1330 19 1137
181 1388 20 1156
182 1391 21 1183
183 1417 22 1200
184 1436 22 1216
185 1484 23 1235
186 1508 23 1249
187 1546 24 1264
188 1560 25 1284
189 1588 25 1312
190 1592 25 1331
191 1628 25 1349
192 1634 25 1376
193 1694 25 1402
194 1709 26 1424
195 1773 26 1446
196 1787 26 1473
197 1852 26 1502
198 1855 26 1526
199 1921 26 1554
200 1918 27 1589
201 1953 28 1621
202 1981 30 1639
203 2045 31 1664
204 2048 31 1697
205 2119 32 1731
206 2150 33 1754
207 2229 34 1776
208 2251 35 1800
209 2321 37 1842
210 2345 38 1866
211 2404 38 1899
212 2413 38 1944
213 2470 39 1978
214 2492 39 2008
215 2582 40 2039
216 2581 42 2091
217 2639 43 2134
218 2655 43 2175
219 2742 44 2211
220 2758 45 2254
221 2835 49 2291
222 2847 49 2332
223 2915 49 2368
224 2942 51 2409
225 3051 52 2449
226 3079 52 2490
227 3151 54 2540
228 3175 55 2590
229 3255 57 2636
230 3249 59 2703
231 3342 60 2741
232 3384 61 2785
233 3489 64 2835
234 3505 65 2888
235 3608 66 2940
236 3659 66 2985
237 3750 66 3050
238 3749 68 3119
239 3856 68 3174
240 3872 68 3229
241 3999 68 3284
242 4009 68 3352
243 4132 68 3397
244 4159 69 3461
245 4282 70 3529
246 4300 70 3610
247 4411 70 3675
248 4434 71 3755
249 4545 74 3823
250 4574 74 3890
251 4700 74 3968
252 4746 74 4029
253 4867 75 4107
254 4902 76 4171
255 5068 77 4248
