0 50 0 0
1 50 0 0
2 52 0 0
3 56 0 0
4 58 0 0
5 60 0 2
6 59 1 3
7 59 1 3
8 61 1 3
9 67 1 3
10 66 1 7
11 66 1 9
12 69 1 9
13 76 1 10
14 76 1 10
15 78 1 12
16 78 1 13
17 81 1 14
18 81 1 14
19 85 1 14
20 84 1 17
21 84 1 19
22 84 1 21
23 83 1 22
24 84 1 23
25 85 1 24
26 88 1 26
27 91 1 27
28 90 1 28
29 93 1 29
30 93 1 30
31 94 1 33
32 93 1 35
33 95 1 35
34 94 1 38
35 93 1 41
36 94 1 42
37 94 1 44
38 98 1 45
39 98 1 47
40 98 1 48
41 105 1 49
42 109 1 49
43 111 1 51
44 112 1 53
45 120 1 53
46 120 1 55
47 121 1 56
48 122 1 58
49 130 1 60
50 128 1 63
51 127 1 66
52 125 1 70
53 123 1 72
54 123 1 75
55 125 1 75
56 131 1 75
57 134 1 76
58 135 1 80
59 145 1 82
60 145 1 85
61 141 1 91
62 141 1 93
63 142 1 94
64 142 1 96
65 150 1 96
66 151 1 99
67 155 1 101
68 157 1 102
69 159 1 104
70 160 1 105
71 175 1 108
72 173 1 111
73 175 1 113
74 176 1 115
75 174 1 119
76 179 1 119
77 189 1 121
78 186 1 125
79 195 1 128
80 193 1 130
81 198 1 135
82 200 1 136
83 203 1 141
84 201 1 144
85 206 1 147
86 209 1 150
87 217 1 152
88 221 1 153
89 232 1 154
90 231 1 158
91 240 1 165
92 240 1 168
93 252 1 168
94 251 1 171
95 255 1 173
96 255 1 179
97 261 1 183
98 266 1 185
99 273 1 186
100 275 1 188
101 281 1 192
102 286 1 195
103 293 1 202
104 295 1 206
105 306 1 211
106 308 1 218
107 312 1 226
108 318 1 231
109 318 1 239
110 316 1 245
111 323 1 248
112 325 1 253
113 330 1 256
114 326 1 266
115 332 1 274
116 335 1 279
117 340 1 286
118 341 1 289
119 353 1 291
120 352 1 295
121 368 1 299
122 368 2 304
123 371 2 311
124 370 2 320
125 395 2 325
126 397 2 330
127 408 2 335
128 412 2 339
129 414 2 351
130 421 2 354
131 446 2 357
132 443 2 364
133 456 2 367
134 465 2 375
135 461 2 383
136 455 2 396
137 460 2 403
138 460 2 411
139 481 2 420
140 485 2 427
141 494 2 436
142 497 2 443
143 509 2 453
144 511 2 458
145 523 2 464
146 523 2 474
147 540 2 483
148 551 2 487
149 572 2 492
150 574 2 508
151 591 2 515
152 604 2 525
153 623 2 534
154 625 2 545
155 638 2 550
156 647 2 557
157 656 2 564
158 665 2 573
159 685 2 581
160 685 2 592
161 701 3 605
162 705 3 611
163 721 3 619
164 737 3 624
165 752 3 635
166 756 3 652
167 773 3 669
168 782 3 684
169 820 3 694
170 836 3 707
171 859 3 722
172 866 3 732
173 913 4 742
174 932 4 752
175 962 4 760
176 963 4 777
177 991 4 791
178 994 4 809
179 1021 4 828
180 1032 4 843
181 1073 4 852
182 1087 4 861
183 1108 4 878
184 1122 5 887
185 1147 5 904
186 1148 5 925
187 1180 5 945
188 1201 5 961
189 1225 5 975
190 1241 5 991
191 1277 5 1015
192 1284 5 1034
193 1306 5 1050
194 1319 5 1064
195 1364 5 1081
196 1380 5 1102
197 1412 5 1124
198 1416 5 1149
199 1472 5 1167
200 1470 6 1199
201 1501 6 1220
202 1519 6 1237
203 1570 6 1256
204 1580 6 1274
205 1604 6 1304
206 1624 7 1323
207 1658 7 1351
208 1678 7 1375
209 1701 7 1402
210 1695 7 1430
211 1735 7 1456
212 1762 7 1469
213 1813 7 1494
214 1840 7 1508
215 1893 7 1547
216 1918 7 1575
217 1943 7 1608
218 1954 7 1637
219 1992 7 1665
220 2027 7 1685
221 2045 8 1724
222 2063 8 1745
223 2112 9 1773
224 2122 9 1802
225 2175 9 1841
226 2195 9 1873
227 2277 9 1903
228 2300 9 1931
229 2385 9 1960
230 2398 9 1996
231 2457 9 2035
232 2476 9 2068
233 2529 9 2107
234 2567 9 2134
235 2644 9 2175
236 2635 9 2233
237 2720 9 2270
238 2739 9 2306
239 2815 9 2338
240 2828 9 2389
241 2916 9 2433
242 2908 9 2490
243 2980 9 2522
244 2999 9 2570
245 3107 9 2618
246 3115 9 2669
247 3184 9 2718
248 3199 9 2766
249 3293 9 2808
250 3307 9 2872
251 3396 9 2919
252 3416 9 2970
253 3517 9 3017
254 3534 9 3072
255 3658 9 3126
256 3695 9 3168
257 3810 9 3221
258 3822 9 3293
259 3957 11 3352
260 3988 11 3411
261 4103 11 3472
262 4112 11 3539
263 4248 12 3590
264 4268 12 3654
265 4395 12 3709
266 4418 12 3773
267 4530 12 3837
268 4540 12 3914
269 4674 12 3984
270 4691 12 4053
271 4844 12 4112
272 4862 12 4188
273 4997 12 4269
274 5051 12 4333
