0 50 0 0
1 49 0 1
2 47 1 3
3 47 1 3
4 49 1 3
5 53 1 3
6 54 1 4
7 55 1 5
8 54 1 6
9 53 1 7
10 53 1 7
11 53 1 7
12 54 1 7
13 56 1 7
14 57 1 7
15 58 1 10
16 56 1 13
17 55 1 14
18 55 1 15
19 60 1 16
20 60 1 16
21 64 1 18
22 64 1 18
23 68 1 18
24 67 1 20
25 66 1 21
26 68 1 22
27 70 1 22
28 70 1 23
29 74 1 25
30 74 1 27
31 75 1 28
32 73 1 31
33 76 1 32
34 79 1 32
35 79 1 34
36 82 1 34
37 90 1 34
38 93 1 34
39 93 1 36
40 94 1 36
41 90 1 42
42 88 1 44
43 89 1 45
44 91 1 47
45 93 1 49
46 96 1 50
47 98 1 50
48 99 1 50
49 103 1 52
50 102 1 53
51 107 1 54
52 106 1 57
53 101 1 62
54 102 1 62
55 101 1 63
56 98 1 67
57 106 1 67
58 108 1 67
59 114 1 67
60 115 1 69
61 113 1 71
62 113 1 72
63 119 1 74
64 119 1 75
65 132 1 76
66 137 1 77
67 138 1 82
68 136 1 85
69 145 1 86
70 143 1 88
71 143 2 89
72 145 2 91
73 153 2 93
74 149 2 99
75 152 2 100
76 155 2 102
77 160 2 103
78 162 2 104
79 167 2 105
80 168 2 106
81 175 2 107
82 178 2 110
83 182 2 114
84 181 2 119
85 185 2 123
86 186 2 127
87 189 2 130
88 188 2 134
89 201 2 137
90 203 2 138
91 218 2 141
92 219 2 144
93 227 2 150
94 233 2 151
95 251 2 153
96 253 2 155
97 266 2 158
98 258 2 167
99 263 2 170
100 265 2 173
101 278 2 176
102 280 2 180
103 287 2 183
104 293 2 185
105 295 2 189
106 297 2 197
107 306 2 198
108 308 2 202
109 321 2 203
110 325 2 207
111 331 2 213
112 338 2 216
113 338 2 222
114 348 2 226
115 354 2 230
116 354 2 236
117 370 3 239
118 366 3 247
119 369 3 256
120 375 3 261
121 382 3 264
122 386 3 268
123 401 3 275
124 406 3 282
125 428 3 286
126 432 4 292
127 436 4 300
128 430 4 309
129 459 4 314
130 467 4 319
131 475 4 329
132 480 4 334
133 512 4 340
134 510 4 352
135 533 4 353
136 536 4 364
137 549 4 373
138 546 4 383
139 560 4 389
140 563 4 399
141 576 4 404
142 578 4 413
143 600 4 419
144 597 4 432
145 613 4 442
146 614 4 452
147 624 4 464
148 633 4 469
149 660 4 474
150 659 4 488
151 666 4 499
152 676 4 506
153 692 4 522
154 689 4 534
155 724 5 544
156 731 5 553
157 746 5 558
158 754 6 567
159 789 6 574
160 792 6 590
161 805 6 601
162 812 6 611
163 835 6 622
164 847 6 632
165 872 6 639
166 884 6 651
167 909 6 668
168 909 6 684
169 955 7 691
170 971 8 706
171 1013 10 720
172 1018 11 738
173 1044 12 747
174 1037 13 770
175 1069 13 786
176 1075 13 804
177 1094 14 822
178 1105 14 834
179 1140 15 850
180 1143 15 871
181 1175 15 885
182 1195 16 898
183 1244 17 920
184 1252 17 941
185 1275 19 960
186 1278 19 986
187 1345 19 1001
188 1361 19 1021
189 1407 20 1042
190 1424 20 1064
191 1474 20 1078
192 1477 20 1103
193 1497 21 1134
194 1501 23 1158
195 1556 23 1185
196 1567 23 1207
197 1602 24 1233
198 1605 24 1262
199 1652 25 1288
200 1661 26 1312
201 1698 26 1345
202 1708 26 1371
203 1766 28 1399
204 1770 28 1428
205 1823 30 1455
206 1837 30 1485
207 1865 30 1517
208 1881 30 1541
209 1953 30 1567
210 1953 30 1605
211 1999 30 1643
212 2002 31 1683
213 2084 31 1705
214 2089 32 1741
215 2179 33 1760
216 2190 35 1797
217 2252 35 1833
218 2253 35 1867
219 2328 35 1892
220 2344 36 1926
221 2412 36 1956
222 2435 36 1987
223 2513 39 2020
224 2530 39 2055
225 2620 39 2089
226 2629 39 2131
227 2705 39 2163
228 2708 39 2208
229 2757 39 2253
230 2776 39 2296
231 2843 39 2349
232 2857 39 2393
233 2932 40 2431
234 2943 41 2473
235 3020 43 2522
236 3042 43 2563
237 3147 43 2604
238 3176 43 2644
239 3264 45 2684
240 3276 46 2742
241 3371 47 2784
242 3398 48 2836
243 3511 48 2885
244 3546 48 2934
245 3654 48 2990
246 3693 49 3041
247 3804 50 3089
248 3813 50 3163
249 3904 51 3223
250 3941 52 3275
251 4082 54 3326
252 4110 54 3395
253 4234 55 3476
254 4267 56 3529
255 4386 56 3600
256 4427 56 3667
257 4543 57 3722
258 4576 57 3789
259 4740 59 3843
260 4787 59 3913
261 4935 59 3983
262 4981 60 4042
263 5121 62 4120
