0 50 0 0
1 49 0 3
2 50 0 3
3 50 0 3
4 51 0 3
5 53 0 3
6 56 0 5
7 54 0 7
8 57 0 8
9 56 0 9
10 55 0 10
11 54 0 13
12 55 0 13
13 53 0 17
14 54 0 17
15 54 0 17
16 53 0 18
17 56 0 19
18 56 1 19
19 58 1 19
20 57 1 20
21 56 1 21
22 57 1 21
23 55 1 23
24 56 1 23
25 60 1 23
26 58 1 26
27 62 1 26
28 61 1 27
29 59 1 29
30 60 1 31
31 59 1 32
32 60 1 32
33 60 1 32
34 59 1 33
35 59 1 33
36 61 1 34
37 62 2 34
38 66 2 34
39 69 2 35
40 68 2 36
41 70 2 36
42 70 2 38
43 74 2 40
44 73 2 42
45 73 2 42
46 74 2 43
47 82 2 43
48 81 2 44
49 89 2 44
50 89 2 44
51 92 2 47
52 92 2 48
53 100 2 50
54 99 2 52
55 101 2 56
56 102 3 58
57 108 3 58
58 108 3 58
59 110 3 58
60 109 3 60
61 109 3 62
62 111 3 63
63 119 3 63
64 118 3 66
65 119 3 67
66 117 3 69
67 119 3 71
68 118 3 74
69 119 3 77
70 118 3 80
71 117 3 81
72 117 3 83
73 119 3 83
74 121 3 85
75 122 3 86
76 123 3 88
77 127 3 90
78 127 3 91
79 124 3 94
80 124 3 96
81 128 3 98
82 131 3 98
83 131 3 100
84 130 3 101
85 129 3 104
86 129 3 107
87 137 3 109
88 139 3 109
89 141 3 111
90 145 3 111
91 142 3 114
92 143 3 116
93 145 3 118
94 149 3 120
95 152 3 121
96 155 3 122
97 165 3 126
98 168 3 126
99 174 3 132
100 181 3 132
101 186 3 133
102 190 3 136
103 194 3 140
104 194 3 143
105 202 3 145
106 203 3 147
107 207 3 149
108 207 3 151
109 218 3 152
110 219 3 156
111 228 3 159
112 231 3 161
113 237 3 167
114 238 3 174
115 244 3 176
116 239 3 183
117 257 3 183
118 263 3 187
119 270 3 190
120 267 3 198
121 275 3 200
122 278 3 204
123 296 3 208
124 297 3 215
125 306 3 220
126 307 4 225
127 314 4 230
128 317 4 233
129 322 4 240
130 324 4 245
131 335 4 248
132 336 4 252
133 347 4 255
134 350 4 261
135 359 4 266
136 353 4 274
137 360 4 279
138 358 4 287
139 368 4 291
140 368 4 298
141 378 4 302
142 377 4 309
143 392 4 312
144 395 4 313
145 408 4 316
146 402 4 330
147 414 4 332
148 412 4 335
149 433 4 338
150 432 5 345
151 453 6 351
152 456 6 357
153 480 6 363
154 485 6 369
155 506 7 381
156 509 7 388
157 528 7 393
158 527 7 404
159 553 7 406
160 561 7 415
161 580 7 422
162 583 7 432
163 603 7 438
164 608 7 443
165 616 7 453
166 619 7 463
167 637 7 471
168 636 7 482
169 668 8 487
170 673 9 498
171 685 10 511
172 693 10 518
173 717 10 526
174 716 11 536
175 733 11 547
176 739 11 558
177 764 12 570
178 774 13 577
179 790 13 591
180 791 13 606
181 810 13 619
182 819 13 629
183 846 13 638
184 863 15 645
185 895 15 655
186 909 16 668
187 923 17 677
188 930 18 690
189 950 18 704
190 953 20 717
191 984 21 727
192 983 21 745
193 1006 22 763
194 1016 23 779
195 1042 23 795
196 1041 23 815
197 1078 24 823
198 1089 24 838
199 1118 24 857
200 1131 24 869
201 1165 24 879
202 1166 24 905
203 1218 25 920
204 1227 25 940
205 1251 25 962
206 1251 25 987
207 1291 25 1001
208 1306 25 1022
209 1337 25 1041
210 1346 28 1055
211 1389 29 1077
212 1396 29 1089
213 1450 29 1107
214 1461 29 1132
215 1510 29 1157
216 1505 29 1186
217 1548 31 1205
218 1555 31 1231
219 1614 31 1250
220 1625 32 1266
221 1660 33 1290
222 1662 33 1316
223 1691 33 1349
224 1697 33 1375
225 1739 34 1396
226 1752 34 1419
227 1821 35 1441
228 1839 36 1467
229 1920 37 1489
230 1949 37 1514
231 1990 37 1545
232 2011 37 1575
233 2039 37 1609
234 2055 38 1641
235 2121 38 1669
236 2137 38 1695
237 2202 38 1730
238 2209 38 1769
239 2290 39 1793
240 2309 39 1819
241 2351 41 1861
242 2365 42 1894
243 2437 44 1922
244 2453 44 1958
245 2504 45 1996
246 2516 45 2039
247 2601 46 2085
248 2608 47 2131
249 2674 48 2186
250 2685 49 2228
251 2775 50 2263
252 2787 50 2315
253 2850 53 2353
254 2866 53 2405
255 2926 53 2453
256 2945 56 2498
257 3029 58 2542
258 3046 59 2586
259 3121 59 2625
260 3141 60 2670
261 3232 61 2720
262 3272 62 2753
263 3376 63 2800
264 3393 64 2845
265 3476 65 2899
266 3484 66 2954
267 3577 66 3005
268 3601 66 3063
269 3712 67 3119
270 3734 67 3174
271 3850 67 3224
272 3880 69 3270
273 4006 69 3314
274 4045 69 3364
275 4120 71 3433
276 4165 72 3468
277 4250 72 3547
278 4285 72 3599
279 4396 72 3670
280 4423 72 3735
281 4544 72 3794
282 4555 73 3871
283 4700 74 3925
284 4734 75 3996
285 4879 76 4070
286 4904 77 4142
287 5027 78 4214
