0 50 0 0
1 47 0 3
2 49 0 3
3 55 0 3
4 56 0 4
5 54 1 5
6 54 1 6
7 54 1 6
8 54 1 6
9 55 1 7
10 53 1 9
11 53 1 11
12 51 1 13
13 55 1 13
14 56 1 13
15 55 1 14
16 56 1 14
17 57 1 15
18 59 1 15
19 61 1 15
20 62 1 16
21 62 1 16
22 61 1 18
23 60 1 23
24 59 1 25
25 58 1 26
26 59 1 26
27 61 1 26
28 58 2 28
29 61 2 29
30 61 2 29
31 64 2 30
32 66 2 31
33 65 2 32
34 64 2 33
35 65 2 34
36 64 2 36
37 65 2 37
38 66 2 37
39 66 2 39
40 67 2 39
41 66 3 41
42 66 3 42
43 67 3 43
44 68 3 44
45 67 3 45
46 69 3 46
47 75 3 46
48 75 3 46
49 73 3 48
50 74 3 48
51 78 3 48
52 80 3 48
53 85 3 49
54 88 3 50
55 93 3 51
56 94 3 51
57 94 3 55
58 92 3 58
59 93 3 59
60 96 3 59
61 103 3 60
62 110 3 60
63 115 3 61
64 118 3 61
65 118 3 65
66 117 3 68
67 123 3 68
68 123 3 68
69 124 3 69
70 124 3 70
71 124 3 72
72 123 3 75
73 128 3 78
74 126 3 81
75 125 3 82
76 129 3 82
77 133 3 84
78 137 3 84
79 137 3 86
80 138 3 87
81 145 3 90
82 145 3 92
83 141 3 96
84 140 3 99
85 151 3 100
86 157 3 102
87 157 3 106
88 157 3 110
89 163 3 112
90 163 3 115
91 172 3 116
92 172 3 117
93 179 3 120
94 180 3 122
95 181 3 125
96 188 3 125
97 194 3 129
98 196 3 131
99 198 3 135
100 193 3 144
101 197 3 148
102 201 3 150
103 202 3 155
104 204 3 159
105 207 3 162
106 213 3 162
107 224 3 163
108 223 3 166
109 237 3 170
110 236 3 174
111 250 3 176
112 247 3 183
113 243 3 187
114 249 3 189
115 248 3 196
116 244 3 204
117 244 3 210
118 245 3 215
119 255 3 219
120 259 3 221
121 265 3 225
122 273 3 227
123 287 3 229
124 293 3 229
125 306 3 236
126 310 4 238
127 312 4 244
128 314 4 250
129 326 4 252
130 330 4 255
131 341 4 258
132 342 4 264
133 348 4 270
134 348 4 275
135 360 4 281
136 362 4 290
137 381 4 295
138 382 4 302
139 389 4 309
140 389 4 317
141 408 4 324
142 408 4 332
143 424 4 338
144 433 4 341
145 443 4 349
146 443 5 354
147 451 5 362
148 450 5 374
149 467 5 379
150 466 5 387
151 481 5 390
152 484 6 401
153 498 9 408
154 496 11 420
155 515 11 433
156 522 11 442
157 539 12 448
158 540 14 456
159 540 14 470
160 544 14 475
161 551 15 485
162 554 15 492
163 567 15 503
164 576 15 507
165 598 15 513
166 601 16 523
167 615 16 533
168 610 16 546
169 630 16 554
170 642 17 559
171 665 17 574
172 671 17 582
173 696 19 593
174 695 20 608
175 704 21 624
176 709 22 633
177 745 23 650
178 749 23 661
179 793 23 669
180 807 23 680
181 818 23 691
182 828 24 698
183 854 25 709
184 869 25 714
185 887 25 724
186 885 27 740
187 914 27 751
188 922 27 760
189 950 27 772
190 949 27 789
191 960 28 805
192 959 30 823
193 981 30 835
194 983 31 848
195 1001 32 869
196 1010 32 889
197 1037 32 906
198 1047 32 919
199 1075 32 937
200 1075 32 950
201 1108 32 965
202 1112 32 979
203 1139 32 998
204 1158 32 1014
205 1177 34 1031
206 1179 35 1051
207 1221 35 1065
208 1234 35 1082
209 1257 36 1106
210 1264 36 1127
211 1307 38 1152
212 1322 38 1167
213 1337 38 1192
214 1354 39 1207
215 1399 42 1223
216 1400 42 1249
217 1461 42 1268
218 1478 43 1291
219 1516 43 1321
220 1522 43 1350
221 1560 45 1372
222 1575 46 1397
223 1611 46 1421
224 1620 48 1439
225 1676 49 1460
226 1680 49 1488
227 1714 49 1514
228 1720 51 1547
229 1778 52 1574
230 1793 52 1601
231 1853 53 1624
232 1873 53 1648
233 1924 53 1685
234 1950 53 1712
235 1995 53 1741
236 2013 54 1770
237 2053 55 1803
238 2054 57 1841
239 2111 57 1876
240 2142 57 1904
241 2204 59 1934
242 2223 60 1960
243 2302 61 1978
244 2322 62 2006
245 2377 63 2046
246 2402 64 2081
247 2432 66 2113
248 2456 67 2140
249 2514 68 2187
250 2532 71 2224
251 2604 72 2257
252 2627 73 2299
253 2703 74 2336
254 2718 75 2377
255 2774 75 2423
256 2786 75 2472
257 2890 78 2497
258 2918 78 2541
259 2978 81 2580
260 2999 82 2627
261 3098 82 2662
262 3123 82 2710
263 3201 82 2760
264 3216 83 2814
265 3311 83 2861
266 3317 85 2921
267 3403 88 2962
268 3454 88 3004
269 3566 89 3045
270 3599 91 3093
271 3708 91 3152
272 3731 94 3199
273 3799 96 3261
274 3829 98 3322
275 3943 101 3379
276 3949 103 3447
277 4069 104 3510
278 4100 104 3568
279 4218 104 3628
280 4278 104 3675
281 4425 106 3734
282 4483 106 3797
283 4605 106 3855
284 4633 108 3920
285 4771 113 3995
286 4793 114 4069
287 4921 114 4127
288 4944 116 4197
289 5113 118 4254
